Test Sector:
Device ID, Channel, Tile ID, trial, x, y, IMON, RMON, VCOMP
xorigincm, xfinalcm, xsteplengthcm, xsteps = 36.5754, 36.5754, 0, 94
yorigincm, yfinalcm, ysteplengthcm, nRepeat = 12.17, 35.83, 0.25, 5
0, 6, 12, 0, 0, 0, 0.270, 1.393, 0.004

1, 6, 13, 0, 0, 0, 0.260, 1.381, 0.004

0, 6, 12, 1, 0, 0, 0.260, 1.390, 0.004

1, 6, 13, 1, 0, 0, 0.260, 1.374, 0.004

0, 6, 12, 2, 0, 0, 0.260, 1.393, 0.004

1, 6, 13, 2, 0, 0, 0.260, 1.380, 0.004

0, 6, 12, 3, 0, 0, 0.260, 1.396, 0.004

1, 6, 13, 3, 0, 0, 0.260, 1.392, 0.004

0, 6, 12, 4, 0, 0, 0.260, 1.386, 0.004

1, 6, 13, 4, 0, 0, 0.260, 1.381, 0.004

0, 6, 12, 0, 36.5754, 12.17, 0.260, 1.377, 0.004

1, 6, 13, 0, 36.5754, 12.17, 0.260, 1.385, 0.004

0, 6, 12, 1, 36.5754, 12.17, 0.260, 1.392, 0.004

1, 6, 13, 1, 36.5754, 12.17, 0.260, 1.381, 0.004

0, 6, 12, 2, 36.5754, 12.17, 0.260, 1.389, 0.004

1, 6, 13, 2, 36.5754, 12.17, 0.260, 1.384, 0.004

0, 6, 12, 3, 36.5754, 12.17, 0.260, 1.385, 0.004

1, 6, 13, 3, 36.5754, 12.17, 0.260, 1.372, 0.004

0, 6, 12, 4, 36.5754, 12.17, 0.260, 1.394, 0.004

1, 6, 13, 4, 36.5754, 12.17, 0.260, 1.386, 0.004

0, 6, 12, 0, 36.5754, 12.42, 0.260, 1.392, 0.004

1, 6, 13, 0, 36.5754, 12.42, 0.260, 1.379, 0.004

0, 6, 12, 1, 36.5754, 12.42, 0.260, 1.397, 0.004

1, 6, 13, 1, 36.5754, 12.42, 0.260, 1.376, 0.004

0, 6, 12, 2, 36.5754, 12.42, 0.260, 1.386, 0.004

1, 6, 13, 2, 36.5754, 12.42, 0.260, 1.388, 0.004

0, 6, 12, 3, 36.5754, 12.42, 0.260, 1.383, 0.004

1, 6, 13, 3, 36.5754, 12.42, 0.260, 1.382, 0.004

0, 6, 12, 4, 36.5754, 12.42, 0.260, 1.392, 0.004

1, 6, 13, 4, 36.5754, 12.42, 0.260, 1.388, 0.004

0, 6, 12, 0, 36.5754, 12.67, 0.260, 1.393, 0.004

1, 6, 13, 0, 36.5754, 12.67, 0.260, 1.386, 0.004

0, 6, 12, 1, 36.5754, 12.67, 0.260, 1.389, 0.004

1, 6, 13, 1, 36.5754, 12.67, 0.260, 1.379, 0.004

0, 6, 12, 2, 36.5754, 12.67, 0.260, 1.385, 0.004

1, 6, 13, 2, 36.5754, 12.67, 0.260, 1.388, 0.004

0, 6, 12, 3, 36.5754, 12.67, 0.260, 1.388, 0.004

1, 6, 13, 3, 36.5754, 12.67, 0.260, 1.381, 0.004

0, 6, 12, 4, 36.5754, 12.67, 0.260, 1.384, 0.004

1, 6, 13, 4, 36.5754, 12.67, 0.260, 1.381, 0.004

0, 6, 12, 0, 36.5754, 12.92, 0.260, 1.396, 0.004

1, 6, 13, 0, 36.5754, 12.92, 0.260, 1.384, 0.004

0, 6, 12, 1, 36.5754, 12.92, 0.260, 1.393, 0.004

1, 6, 13, 1, 36.5754, 12.92, 0.260, 1.381, 0.004

0, 6, 12, 2, 36.5754, 12.92, 0.260, 1.388, 0.004

1, 6, 13, 2, 36.5754, 12.92, 0.260, 1.388, 0.004

0, 6, 12, 3, 36.5754, 12.92, 0.260, 1.393, 0.004

1, 6, 13, 3, 36.5754, 12.92, 0.260, 1.379, 0.004

0, 6, 12, 4, 36.5754, 12.92, 0.260, 1.394, 0.004

1, 6, 13, 4, 36.5754, 12.92, 0.260, 1.389, 0.004

0, 6, 12, 0, 36.5754, 13.17, 0.260, 1.397, 0.004

1, 6, 13, 0, 36.5754, 13.17, 0.260, 1.377, 0.004

0, 6, 12, 1, 36.5754, 13.17, 0.260, 1.388, 0.004

1, 6, 13, 1, 36.5754, 13.17, 0.260, 1.388, 0.004

0, 6, 12, 2, 36.5754, 13.17, 0.260, 1.386, 0.004

1, 6, 13, 2, 36.5754, 13.17, 0.270, 1.379, 0.004

0, 6, 12, 3, 36.5754, 13.17, 0.260, 1.390, 0.004

1, 6, 13, 3, 36.5754, 13.17, 0.260, 1.391, 0.004

0, 6, 12, 4, 36.5754, 13.17, 0.260, 1.389, 0.004

1, 6, 13, 4, 36.5754, 13.17, 0.260, 1.375, 0.004

0, 6, 12, 0, 36.5754, 13.42, 0.260, 1.395, 0.004

1, 6, 13, 0, 36.5754, 13.42, 0.270, 1.386, 0.004

0, 6, 12, 1, 36.5754, 13.42, 0.260, 1.396, 0.004

1, 6, 13, 1, 36.5754, 13.42, 0.270, 1.383, 0.004

0, 6, 12, 2, 36.5754, 13.42, 0.260, 1.394, 0.004

1, 6, 13, 2, 36.5754, 13.42, 0.270, 1.384, 0.004

0, 6, 12, 3, 36.5754, 13.42, 0.260, 1.389, 0.004

1, 6, 13, 3, 36.5754, 13.42, 0.260, 1.370, 0.004

0, 6, 12, 4, 36.5754, 13.42, 0.260, 1.390, 0.004

1, 6, 13, 4, 36.5754, 13.42, 0.260, 1.378, 0.004

0, 6, 12, 0, 36.5754, 13.67, 0.260, 1.387, 0.004

1, 6, 13, 0, 36.5754, 13.67, 0.270, 1.378, 0.004

0, 6, 12, 1, 36.5754, 13.67, 0.260, 1.392, 0.004

1, 6, 13, 1, 36.5754, 13.67, 0.270, 1.383, 0.004

0, 6, 12, 2, 36.5754, 13.67, 0.260, 1.402, 0.004

1, 6, 13, 2, 36.5754, 13.67, 0.270, 1.368, 0.004

0, 6, 12, 3, 36.5754, 13.67, 0.260, 1.393, 0.004

1, 6, 13, 3, 36.5754, 13.67, 0.270, 1.384, 0.004

0, 6, 12, 4, 36.5754, 13.67, 0.260, 1.396, 0.004

1, 6, 13, 4, 36.5754, 13.67, 0.270, 1.382, 0.004

0, 6, 12, 0, 36.5754, 13.92, 0.260, 1.379, 0.004

1, 6, 13, 0, 36.5754, 13.92, 0.280, 1.380, 0.004

0, 6, 12, 1, 36.5754, 13.92, 0.260, 1.391, 0.004

1, 6, 13, 1, 36.5754, 13.92, 0.280, 1.383, 0.004

0, 6, 12, 2, 36.5754, 13.92, 0.260, 1.392, 0.004

1, 6, 13, 2, 36.5754, 13.92, 0.290, 1.380, 0.004

0, 6, 12, 3, 36.5754, 13.92, 0.260, 1.392, 0.004

1, 6, 13, 3, 36.5754, 13.92, 0.290, 1.384, 0.004

0, 6, 12, 4, 36.5754, 13.92, 0.260, 1.397, 0.004

1, 6, 13, 4, 36.5754, 13.92, 0.280, 1.377, 0.004

0, 6, 12, 0, 36.5754, 14.17, 0.260, 1.392, 0.004

1, 6, 13, 0, 36.5754, 14.17, 0.310, 1.385, 0.004

0, 6, 12, 1, 36.5754, 14.17, 0.260, 1.385, 0.004

1, 6, 13, 1, 36.5754, 14.17, 0.300, 1.377, 0.004

0, 6, 12, 2, 36.5754, 14.17, 0.260, 1.394, 0.004

1, 6, 13, 2, 36.5754, 14.17, 0.310, 1.381, 0.004

0, 6, 12, 3, 36.5754, 14.17, 0.260, 1.392, 0.004

1, 6, 13, 3, 36.5754, 14.17, 0.310, 1.381, 0.004

0, 6, 12, 4, 36.5754, 14.17, 0.270, 1.390, 0.004

1, 6, 13, 4, 36.5754, 14.17, 0.310, 1.375, 0.004

0, 6, 12, 0, 36.5754, 14.42, 0.260, 1.395, 0.004

1, 6, 13, 0, 36.5754, 14.42, 0.340, 1.380, 0.004

0, 6, 12, 1, 36.5754, 14.42, 0.260, 1.392, 0.004

1, 6, 13, 1, 36.5754, 14.42, 0.360, 1.388, 0.004

0, 6, 12, 2, 36.5754, 14.42, 0.260, 1.386, 0.004

1, 6, 13, 2, 36.5754, 14.42, 0.350, 1.383, 0.004

0, 6, 12, 3, 36.5754, 14.42, 0.260, 1.391, 0.004

1, 6, 13, 3, 36.5754, 14.42, 0.360, 1.364, 0.004

0, 6, 12, 4, 36.5754, 14.42, 0.260, 1.390, 0.004

1, 6, 13, 4, 36.5754, 14.42, 0.350, 1.374, 0.004

0, 6, 12, 0, 36.5754, 14.67, 0.260, 1.387, 0.004

1, 6, 13, 0, 36.5754, 14.67, 0.360, 1.379, 0.004

0, 6, 12, 1, 36.5754, 14.67, 0.260, 1.394, 0.004

1, 6, 13, 1, 36.5754, 14.67, 0.370, 1.384, 0.004

0, 6, 12, 2, 36.5754, 14.67, 0.260, 1.387, 0.004

1, 6, 13, 2, 36.5754, 14.67, 0.380, 1.332, 0.004

0, 6, 12, 3, 36.5754, 14.67, 0.260, 1.385, 0.004

1, 6, 13, 3, 36.5754, 14.67, 0.390, 1.377, 0.004

0, 6, 12, 4, 36.5754, 14.67, 0.260, 1.393, 0.004

1, 6, 13, 4, 36.5754, 14.67, 0.380, 1.386, 0.004

0, 6, 12, 0, 36.5754, 14.92, 0.260, 1.393, 0.004

1, 6, 13, 0, 36.5754, 14.92, 0.390, 1.388, 0.004

0, 6, 12, 1, 36.5754, 14.92, 0.260, 1.391, 0.004

1, 6, 13, 1, 36.5754, 14.92, 0.390, 1.377, 0.004

0, 6, 12, 2, 36.5754, 14.92, 0.260, 1.391, 0.004

1, 6, 13, 2, 36.5754, 14.92, 0.400, 1.381, 0.004

0, 6, 12, 3, 36.5754, 14.92, 0.260, 1.391, 0.004

1, 6, 13, 3, 36.5754, 14.92, 0.390, 1.377, 0.004

0, 6, 12, 4, 36.5754, 14.92, 0.260, 1.388, 0.004

1, 6, 13, 4, 36.5754, 14.92, 0.400, 1.377, 0.004

0, 6, 12, 0, 36.5754, 15.17, 0.260, 1.382, 0.004

1, 6, 13, 0, 36.5754, 15.17, 0.400, 1.384, 0.004

0, 6, 12, 1, 36.5754, 15.17, 0.270, 1.393, 0.004

1, 6, 13, 1, 36.5754, 15.17, 0.410, 1.387, 0.004

0, 6, 12, 2, 36.5754, 15.17, 0.260, 1.393, 0.004

1, 6, 13, 2, 36.5754, 15.17, 0.420, 1.385, 0.004

0, 6, 12, 3, 36.5754, 15.17, 0.260, 1.387, 0.004

1, 6, 13, 3, 36.5754, 15.17, 0.400, 1.373, 0.004

0, 6, 12, 4, 36.5754, 15.17, 0.260, 1.386, 0.004

1, 6, 13, 4, 36.5754, 15.17, 0.410, 1.377, 0.004

0, 6, 12, 0, 36.5754, 15.42, 0.260, 1.394, 0.004

1, 6, 13, 0, 36.5754, 15.42, 0.420, 1.382, 0.004

0, 6, 12, 1, 36.5754, 15.42, 0.260, 1.399, 0.004

1, 6, 13, 1, 36.5754, 15.42, 0.410, 1.378, 0.004

0, 6, 12, 2, 36.5754, 15.42, 0.260, 1.389, 0.004

1, 6, 13, 2, 36.5754, 15.42, 0.410, 1.384, 0.004

0, 6, 12, 3, 36.5754, 15.42, 0.260, 1.389, 0.004

1, 6, 13, 3, 36.5754, 15.42, 0.410, 1.383, 0.004

0, 6, 12, 4, 36.5754, 15.42, 0.260, 1.392, 0.004

1, 6, 13, 4, 36.5754, 15.42, 0.410, 1.376, 0.004

0, 6, 12, 0, 36.5754, 15.67, 0.260, 1.391, 0.004

1, 6, 13, 0, 36.5754, 15.67, 0.420, 1.380, 0.004

0, 6, 12, 1, 36.5754, 15.67, 0.260, 1.395, 0.004

1, 6, 13, 1, 36.5754, 15.67, 0.410, 1.386, 0.004

0, 6, 12, 2, 36.5754, 15.67, 0.260, 1.387, 0.004

1, 6, 13, 2, 36.5754, 15.67, 0.430, 1.387, 0.004

0, 6, 12, 3, 36.5754, 15.67, 0.260, 1.390, 0.004

1, 6, 13, 3, 36.5754, 15.67, 0.420, 1.379, 0.004

0, 6, 12, 4, 36.5754, 15.67, 0.270, 1.387, 0.004

1, 6, 13, 4, 36.5754, 15.67, 0.430, 1.387, 0.004

0, 6, 12, 0, 36.5754, 15.92, 0.260, 1.385, 0.004

1, 6, 13, 0, 36.5754, 15.92, 0.430, 1.370, 0.004

0, 6, 12, 1, 36.5754, 15.92, 0.260, 1.391, 0.004

1, 6, 13, 1, 36.5754, 15.92, 0.430, 1.361, 0.004

0, 6, 12, 2, 36.5754, 15.92, 0.260, 1.389, 0.004

1, 6, 13, 2, 36.5754, 15.92, 0.420, 1.385, 0.004

0, 6, 12, 3, 36.5754, 15.92, 0.260, 1.384, 0.004

1, 6, 13, 3, 36.5754, 15.92, 0.430, 1.386, 0.004

0, 6, 12, 4, 36.5754, 15.92, 0.260, 1.391, 0.004

1, 6, 13, 4, 36.5754, 15.92, 0.430, 1.384, 0.004

0, 6, 12, 0, 36.5754, 16.17, 0.260, 1.388, 0.004

1, 6, 13, 0, 36.5754, 16.17, 0.440, 1.364, 0.004

0, 6, 12, 1, 36.5754, 16.17, 0.260, 1.387, 0.004

1, 6, 13, 1, 36.5754, 16.17, 0.440, 1.384, 0.004

0, 6, 12, 2, 36.5754, 16.17, 0.260, 1.397, 0.004

1, 6, 13, 2, 36.5754, 16.17, 0.430, 1.384, 0.004

0, 6, 12, 3, 36.5754, 16.17, 0.260, 1.383, 0.004

1, 6, 13, 3, 36.5754, 16.17, 0.440, 1.383, 0.004

0, 6, 12, 4, 36.5754, 16.17, 0.260, 1.391, 0.004

1, 6, 13, 4, 36.5754, 16.17, 0.440, 1.376, 0.004

0, 6, 12, 0, 36.5754, 16.42, 0.270, 1.387, 0.004

1, 6, 13, 0, 36.5754, 16.42, 0.440, 1.375, 0.004

0, 6, 12, 1, 36.5754, 16.42, 0.260, 1.394, 0.004

1, 6, 13, 1, 36.5754, 16.42, 0.430, 1.380, 0.004

0, 6, 12, 2, 36.5754, 16.42, 0.260, 1.385, 0.004

1, 6, 13, 2, 36.5754, 16.42, 0.440, 1.381, 0.004

0, 6, 12, 3, 36.5754, 16.42, 0.260, 1.391, 0.004

1, 6, 13, 3, 36.5754, 16.42, 0.440, 1.409, 0.004

0, 6, 12, 4, 36.5754, 16.42, 0.260, 1.392, 0.004

1, 6, 13, 4, 36.5754, 16.42, 0.430, 1.381, 0.004

0, 6, 12, 0, 36.5754, 16.67, 0.260, 1.388, 0.004

1, 6, 13, 0, 36.5754, 16.67, 0.430, 1.364, 0.004

0, 6, 12, 1, 36.5754, 16.67, 0.260, 1.387, 0.004

1, 6, 13, 1, 36.5754, 16.67, 0.440, 1.371, 0.004

0, 6, 12, 2, 36.5754, 16.67, 0.260, 1.397, 0.004

1, 6, 13, 2, 36.5754, 16.67, 0.430, 1.386, 0.004

0, 6, 12, 3, 36.5754, 16.67, 0.260, 1.384, 0.004

1, 6, 13, 3, 36.5754, 16.67, 0.430, 1.348, 0.004

0, 6, 12, 4, 36.5754, 16.67, 0.260, 1.382, 0.004

1, 6, 13, 4, 36.5754, 16.67, 0.450, 1.383, 0.004

0, 6, 12, 0, 36.5754, 16.92, 0.260, 1.393, 0.004

1, 6, 13, 0, 36.5754, 16.92, 0.450, 1.381, 0.004

0, 6, 12, 1, 36.5754, 16.92, 0.260, 1.389, 0.004

1, 6, 13, 1, 36.5754, 16.92, 0.420, 1.381, 0.004

0, 6, 12, 2, 36.5754, 16.92, 0.260, 1.392, 0.004

1, 6, 13, 2, 36.5754, 16.92, 0.420, 1.380, 0.004

0, 6, 12, 3, 36.5754, 16.92, 0.260, 1.391, 0.004

1, 6, 13, 3, 36.5754, 16.92, 0.420, 1.380, 0.004

0, 6, 12, 4, 36.5754, 16.92, 0.260, 1.390, 0.004

1, 6, 13, 4, 36.5754, 16.92, 0.420, 1.385, 0.004

0, 6, 12, 0, 36.5754, 17.17, 0.260, 1.390, 0.004

1, 6, 13, 0, 36.5754, 17.17, 0.420, 1.385, 0.004

0, 6, 12, 1, 36.5754, 17.17, 0.260, 1.393, 0.004

1, 6, 13, 1, 36.5754, 17.17, 0.410, 1.383, 0.004

0, 6, 12, 2, 36.5754, 17.17, 0.260, 1.391, 0.004

1, 6, 13, 2, 36.5754, 17.17, 0.420, 1.377, 0.004

0, 6, 12, 3, 36.5754, 17.17, 0.260, 1.389, 0.004

1, 6, 13, 3, 36.5754, 17.17, 0.420, 1.368, 0.004

0, 6, 12, 4, 36.5754, 17.17, 0.260, 1.391, 0.004

1, 6, 13, 4, 36.5754, 17.17, 0.430, 1.362, 0.004

0, 6, 12, 0, 0, 0, 0.260, 1.397, 0.004

1, 6, 13, 0, 0, 0, 0.260, 1.389, 0.004

0, 6, 12, 1, 0, 0, 0.260, 1.390, 0.004

1, 6, 13, 1, 0, 0, 0.260, 1.373, 0.004

0, 6, 12, 2, 0, 0, 0.260, 1.387, 0.004

1, 6, 13, 2, 0, 0, 0.260, 1.374, 0.004

0, 6, 12, 3, 0, 0, 0.260, 1.384, 0.004

1, 6, 13, 3, 0, 0, 0.260, 1.386, 0.004

0, 6, 12, 4, 0, 0, 0.260, 1.397, 0.004

1, 6, 13, 4, 0, 0, 0.260, 1.379, 0.004

0, 6, 12, 0, 36.5754, 17.42, 0.260, 1.383, 0.004

1, 6, 13, 0, 36.5754, 17.42, 0.420, 1.381, 0.004

0, 6, 12, 1, 36.5754, 17.42, 0.260, 1.391, 0.004

1, 6, 13, 1, 36.5754, 17.42, 0.430, 1.376, 0.004

0, 6, 12, 2, 36.5754, 17.42, 0.260, 1.393, 0.004

1, 6, 13, 2, 36.5754, 17.42, 0.420, 1.375, 0.004

0, 6, 12, 3, 36.5754, 17.42, 0.260, 1.398, 0.004

1, 6, 13, 3, 36.5754, 17.42, 0.420, 1.380, 0.004

0, 6, 12, 4, 36.5754, 17.42, 0.260, 1.395, 0.004

1, 6, 13, 4, 36.5754, 17.42, 0.430, 1.393, 0.004

0, 6, 12, 0, 36.5754, 17.67, 0.260, 1.391, 0.004

1, 6, 13, 0, 36.5754, 17.67, 0.430, 1.377, 0.004

0, 6, 12, 1, 36.5754, 17.67, 0.260, 1.383, 0.004

1, 6, 13, 1, 36.5754, 17.67, 0.440, 1.385, 0.004

0, 6, 12, 2, 36.5754, 17.67, 0.260, 1.392, 0.004

1, 6, 13, 2, 36.5754, 17.67, 0.420, 1.371, 0.004

0, 6, 12, 3, 36.5754, 17.67, 0.260, 1.388, 0.004

1, 6, 13, 3, 36.5754, 17.67, 0.430, 1.381, 0.004

0, 6, 12, 4, 36.5754, 17.67, 0.260, 1.386, 0.004

1, 6, 13, 4, 36.5754, 17.67, 0.440, 1.368, 0.004

0, 6, 12, 0, 36.5754, 17.92, 0.260, 1.391, 0.004

1, 6, 13, 0, 36.5754, 17.92, 0.430, 1.376, 0.004

0, 6, 12, 1, 36.5754, 17.92, 0.260, 1.390, 0.004

1, 6, 13, 1, 36.5754, 17.92, 0.460, 1.384, 0.004

0, 6, 12, 2, 36.5754, 17.92, 0.260, 1.379, 0.004

1, 6, 13, 2, 36.5754, 17.92, 0.440, 1.379, 0.004

0, 6, 12, 3, 36.5754, 17.92, 0.260, 1.391, 0.004

1, 6, 13, 3, 36.5754, 17.92, 0.430, 1.383, 0.004

0, 6, 12, 4, 36.5754, 17.92, 0.270, 1.396, 0.004

1, 6, 13, 4, 36.5754, 17.92, 0.450, 1.384, 0.004

0, 6, 12, 0, 36.5754, 18.17, 0.260, 1.397, 0.004

1, 6, 13, 0, 36.5754, 18.17, 0.440, 1.377, 0.004

0, 6, 12, 1, 36.5754, 18.17, 0.260, 1.393, 0.004

1, 6, 13, 1, 36.5754, 18.17, 0.440, 1.385, 0.004

0, 6, 12, 2, 36.5754, 18.17, 0.260, 1.384, 0.004

1, 6, 13, 2, 36.5754, 18.17, 0.450, 1.377, 0.004

0, 6, 12, 3, 36.5754, 18.17, 0.260, 1.390, 0.004

1, 6, 13, 3, 36.5754, 18.17, 0.450, 1.370, 0.004

0, 6, 12, 4, 36.5754, 18.17, 0.260, 1.385, 0.004

1, 6, 13, 4, 36.5754, 18.17, 0.460, 1.383, 0.004

0, 6, 12, 0, 36.5754, 18.42, 0.260, 1.391, 0.004

1, 6, 13, 0, 36.5754, 18.42, 0.440, 1.388, 0.004

0, 6, 12, 1, 36.5754, 18.42, 0.260, 1.392, 0.004

1, 6, 13, 1, 36.5754, 18.42, 0.440, 1.407, 0.004

0, 6, 12, 2, 36.5754, 18.42, 0.260, 1.390, 0.004

1, 6, 13, 2, 36.5754, 18.42, 0.440, 1.383, 0.004

0, 6, 12, 3, 36.5754, 18.42, 0.260, 1.393, 0.004

1, 6, 13, 3, 36.5754, 18.42, 0.460, 1.374, 0.004

0, 6, 12, 4, 36.5754, 18.42, 0.260, 1.403, 0.004

1, 6, 13, 4, 36.5754, 18.42, 0.450, 1.372, 0.004

0, 6, 12, 0, 36.5754, 18.67, 0.260, 1.396, 0.004

1, 6, 13, 0, 36.5754, 18.67, 0.450, 1.376, 0.004

0, 6, 12, 1, 36.5754, 18.67, 0.260, 1.397, 0.004

1, 6, 13, 1, 36.5754, 18.67, 0.450, 1.378, 0.004

0, 6, 12, 2, 36.5754, 18.67, 0.260, 1.391, 0.004

1, 6, 13, 2, 36.5754, 18.67, 0.470, 1.379, 0.004

0, 6, 12, 3, 36.5754, 18.67, 0.260, 1.389, 0.004

1, 6, 13, 3, 36.5754, 18.67, 0.450, 1.378, 0.004

0, 6, 12, 4, 36.5754, 18.67, 0.260, 1.388, 0.004

1, 6, 13, 4, 36.5754, 18.67, 0.440, 1.391, 0.004

0, 6, 12, 0, 36.5754, 18.92, 0.260, 1.390, 0.004

1, 6, 13, 0, 36.5754, 18.92, 0.470, 1.387, 0.004

0, 6, 12, 1, 36.5754, 18.92, 0.260, 1.382, 0.004

1, 6, 13, 1, 36.5754, 18.92, 0.460, 1.382, 0.004

0, 6, 12, 2, 36.5754, 18.92, 0.260, 1.381, 0.004

1, 6, 13, 2, 36.5754, 18.92, 0.460, 1.367, 0.004

0, 6, 12, 3, 36.5754, 18.92, 0.260, 1.395, 0.004

1, 6, 13, 3, 36.5754, 18.92, 0.450, 1.400, 0.004

0, 6, 12, 4, 36.5754, 18.92, 0.260, 1.399, 0.004

1, 6, 13, 4, 36.5754, 18.92, 0.460, 1.375, 0.004

0, 6, 12, 0, 36.5754, 19.17, 0.260, 1.393, 0.004

1, 6, 13, 0, 36.5754, 19.17, 0.460, 1.377, 0.004

0, 6, 12, 1, 36.5754, 19.17, 0.260, 1.393, 0.004

1, 6, 13, 1, 36.5754, 19.17, 0.460, 1.317, 0.004

0, 6, 12, 2, 36.5754, 19.17, 0.260, 1.386, 0.004

1, 6, 13, 2, 36.5754, 19.17, 0.460, 1.387, 0.004

0, 6, 12, 3, 36.5754, 19.17, 0.270, 1.385, 0.004

1, 6, 13, 3, 36.5754, 19.17, 0.470, 1.383, 0.004

0, 6, 12, 4, 36.5754, 19.17, 0.270, 1.394, 0.004

1, 6, 13, 4, 36.5754, 19.17, 0.460, 1.384, 0.004

0, 6, 12, 0, 36.5754, 19.42, 0.270, 1.399, 0.004

1, 6, 13, 0, 36.5754, 19.42, 0.450, 1.381, 0.004

0, 6, 12, 1, 36.5754, 19.42, 0.260, 1.396, 0.004

1, 6, 13, 1, 36.5754, 19.42, 0.450, 1.360, 0.004

0, 6, 12, 2, 36.5754, 19.42, 0.260, 1.396, 0.004

1, 6, 13, 2, 36.5754, 19.42, 0.470, 1.385, 0.004

0, 6, 12, 3, 36.5754, 19.42, 0.260, 1.397, 0.004

1, 6, 13, 3, 36.5754, 19.42, 0.490, 1.370, 0.004

0, 6, 12, 4, 36.5754, 19.42, 0.260, 1.395, 0.004

1, 6, 13, 4, 36.5754, 19.42, 0.450, 1.373, 0.004

0, 6, 12, 0, 36.5754, 19.67, 0.260, 1.389, 0.004

1, 6, 13, 0, 36.5754, 19.67, 0.470, 1.382, 0.004

0, 6, 12, 1, 36.5754, 19.67, 0.260, 1.384, 0.004

1, 6, 13, 1, 36.5754, 19.67, 0.480, 1.377, 0.004

0, 6, 12, 2, 36.5754, 19.67, 0.260, 1.400, 0.004

1, 6, 13, 2, 36.5754, 19.67, 0.470, 1.378, 0.004

0, 6, 12, 3, 36.5754, 19.67, 0.260, 1.384, 0.004

1, 6, 13, 3, 36.5754, 19.67, 0.460, 1.378, 0.004

0, 6, 12, 4, 36.5754, 19.67, 0.260, 1.388, 0.004

1, 6, 13, 4, 36.5754, 19.67, 0.480, 1.388, 0.004

0, 6, 12, 0, 36.5754, 19.92, 0.260, 1.396, 0.004

1, 6, 13, 0, 36.5754, 19.92, 0.470, 1.388, 0.004

0, 6, 12, 1, 36.5754, 19.92, 0.260, 1.379, 0.004

1, 6, 13, 1, 36.5754, 19.92, 0.480, 1.372, 0.004

0, 6, 12, 2, 36.5754, 19.92, 0.260, 1.383, 0.004

1, 6, 13, 2, 36.5754, 19.92, 0.480, 1.374, 0.004

0, 6, 12, 3, 36.5754, 19.92, 0.270, 1.395, 0.004

1, 6, 13, 3, 36.5754, 19.92, 0.480, 1.391, 0.004

0, 6, 12, 4, 36.5754, 19.92, 0.260, 1.389, 0.004

1, 6, 13, 4, 36.5754, 19.92, 0.470, 1.372, 0.004

0, 6, 12, 0, 36.5754, 20.17, 0.260, 1.395, 0.004

1, 6, 13, 0, 36.5754, 20.17, 0.500, 1.384, 0.004

0, 6, 12, 1, 36.5754, 20.17, 0.260, 1.384, 0.004

1, 6, 13, 1, 36.5754, 20.17, 0.480, 1.381, 0.004

0, 6, 12, 2, 36.5754, 20.17, 0.260, 1.389, 0.004

1, 6, 13, 2, 36.5754, 20.17, 0.500, 1.374, 0.004

0, 6, 12, 3, 36.5754, 20.17, 0.260, 1.391, 0.004

1, 6, 13, 3, 36.5754, 20.17, 0.480, 1.377, 0.004

0, 6, 12, 4, 36.5754, 20.17, 0.270, 1.395, 0.004

1, 6, 13, 4, 36.5754, 20.17, 0.470, 1.354, 0.004

0, 6, 12, 0, 36.5754, 20.42, 0.260, 1.390, 0.004

1, 6, 13, 0, 36.5754, 20.42, 0.500, 1.384, 0.004

0, 6, 12, 1, 36.5754, 20.42, 0.260, 1.391, 0.004

1, 6, 13, 1, 36.5754, 20.42, 0.490, 1.386, 0.004

0, 6, 12, 2, 36.5754, 20.42, 0.260, 1.390, 0.004

1, 6, 13, 2, 36.5754, 20.42, 0.470, 1.386, 0.004

0, 6, 12, 3, 36.5754, 20.42, 0.260, 1.391, 0.004

1, 6, 13, 3, 36.5754, 20.42, 0.480, 1.372, 0.004

0, 6, 12, 4, 36.5754, 20.42, 0.270, 1.391, 0.004

1, 6, 13, 4, 36.5754, 20.42, 0.460, 1.381, 0.004

0, 6, 12, 0, 36.5754, 20.67, 0.270, 1.395, 0.004

1, 6, 13, 0, 36.5754, 20.67, 0.490, 1.340, 0.004

0, 6, 12, 1, 36.5754, 20.67, 0.270, 1.386, 0.004

1, 6, 13, 1, 36.5754, 20.67, 0.460, 1.392, 0.004

0, 6, 12, 2, 36.5754, 20.67, 0.270, 1.397, 0.004

1, 6, 13, 2, 36.5754, 20.67, 0.470, 1.379, 0.004

0, 6, 12, 3, 36.5754, 20.67, 0.260, 1.396, 0.004

1, 6, 13, 3, 36.5754, 20.67, 0.480, 1.382, 0.004

0, 6, 12, 4, 36.5754, 20.67, 0.260, 1.398, 0.004

1, 6, 13, 4, 36.5754, 20.67, 0.470, 1.378, 0.004

0, 6, 12, 0, 36.5754, 20.92, 0.260, 1.396, 0.004

1, 6, 13, 0, 36.5754, 20.92, 0.470, 1.385, 0.004

0, 6, 12, 1, 36.5754, 20.92, 0.260, 1.387, 0.004

1, 6, 13, 1, 36.5754, 20.92, 0.480, 1.388, 0.004

0, 6, 12, 2, 36.5754, 20.92, 0.270, 1.392, 0.004

1, 6, 13, 2, 36.5754, 20.92, 0.460, 1.381, 0.004

0, 6, 12, 3, 36.5754, 20.92, 0.270, 1.386, 0.004

1, 6, 13, 3, 36.5754, 20.92, 0.470, 1.386, 0.004

0, 6, 12, 4, 36.5754, 20.92, 0.260, 1.383, 0.004

1, 6, 13, 4, 36.5754, 20.92, 0.470, 1.385, 0.004

0, 6, 12, 0, 36.5754, 21.17, 0.260, 1.385, 0.004

1, 6, 13, 0, 36.5754, 21.17, 0.460, 1.377, 0.004

0, 6, 12, 1, 36.5754, 21.17, 0.260, 1.397, 0.004

1, 6, 13, 1, 36.5754, 21.17, 0.450, 1.384, 0.004

0, 6, 12, 2, 36.5754, 21.17, 0.260, 1.387, 0.004

1, 6, 13, 2, 36.5754, 21.17, 0.470, 1.370, 0.004

0, 6, 12, 3, 36.5754, 21.17, 0.260, 1.393, 0.004

1, 6, 13, 3, 36.5754, 21.17, 0.460, 1.389, 0.004

0, 6, 12, 4, 36.5754, 21.17, 0.270, 1.386, 0.004

1, 6, 13, 4, 36.5754, 21.17, 0.460, 1.381, 0.004

0, 6, 12, 0, 36.5754, 21.42, 0.260, 1.383, 0.004

1, 6, 13, 0, 36.5754, 21.42, 0.460, 1.385, 0.004

0, 6, 12, 1, 36.5754, 21.42, 0.270, 1.387, 0.004

1, 6, 13, 1, 36.5754, 21.42, 0.440, 1.326, 0.004

0, 6, 12, 2, 36.5754, 21.42, 0.260, 1.391, 0.004

1, 6, 13, 2, 36.5754, 21.42, 0.440, 1.369, 0.004

0, 6, 12, 3, 36.5754, 21.42, 0.260, 1.381, 0.004

1, 6, 13, 3, 36.5754, 21.42, 0.450, 1.375, 0.004

0, 6, 12, 4, 36.5754, 21.42, 0.270, 1.387, 0.004

1, 6, 13, 4, 36.5754, 21.42, 0.450, 1.375, 0.004

0, 6, 12, 0, 36.5754, 21.67, 0.270, 1.389, 0.004

1, 6, 13, 0, 36.5754, 21.67, 0.450, 1.366, 0.004

0, 6, 12, 1, 36.5754, 21.67, 0.270, 1.394, 0.004

1, 6, 13, 1, 36.5754, 21.67, 0.450, 1.382, 0.004

0, 6, 12, 2, 36.5754, 21.67, 0.260, 1.390, 0.004

1, 6, 13, 2, 36.5754, 21.67, 0.440, 1.378, 0.004

0, 6, 12, 3, 36.5754, 21.67, 0.260, 1.387, 0.004

1, 6, 13, 3, 36.5754, 21.67, 0.440, 1.383, 0.004

0, 6, 12, 4, 36.5754, 21.67, 0.260, 1.386, 0.004

1, 6, 13, 4, 36.5754, 21.67, 0.440, 1.393, 0.004

0, 6, 12, 0, 36.5754, 21.92, 0.260, 1.389, 0.004

1, 6, 13, 0, 36.5754, 21.92, 0.450, 1.380, 0.004

0, 6, 12, 1, 36.5754, 21.92, 0.270, 1.386, 0.004

1, 6, 13, 1, 36.5754, 21.92, 0.450, 1.387, 0.004

0, 6, 12, 2, 36.5754, 21.92, 0.260, 1.390, 0.004

1, 6, 13, 2, 36.5754, 21.92, 0.430, 1.376, 0.004

0, 6, 12, 3, 36.5754, 21.92, 0.260, 1.392, 0.004

1, 6, 13, 3, 36.5754, 21.92, 0.450, 1.380, 0.004

0, 6, 12, 4, 36.5754, 21.92, 0.270, 1.391, 0.004

1, 6, 13, 4, 36.5754, 21.92, 0.440, 1.383, 0.004

0, 6, 12, 0, 36.5754, 22.17, 0.260, 1.388, 0.004

1, 6, 13, 0, 36.5754, 22.17, 0.450, 1.378, 0.004

0, 6, 12, 1, 36.5754, 22.17, 0.270, 1.391, 0.004

1, 6, 13, 1, 36.5754, 22.17, 0.470, 1.377, 0.004

0, 6, 12, 2, 36.5754, 22.17, 0.270, 1.390, 0.004

1, 6, 13, 2, 36.5754, 22.17, 0.480, 1.381, 0.004

0, 6, 12, 3, 36.5754, 22.17, 0.270, 1.384, 0.004

1, 6, 13, 3, 36.5754, 22.17, 0.460, 1.380, 0.004

0, 6, 12, 4, 36.5754, 22.17, 0.270, 1.390, 0.004

1, 6, 13, 4, 36.5754, 22.17, 0.450, 1.391, 0.004

0, 6, 12, 0, 0, 0, 0.260, 1.395, 0.004

1, 6, 13, 0, 0, 0, 0.250, 1.376, 0.004

0, 6, 12, 1, 0, 0, 0.260, 1.380, 0.004

1, 6, 13, 1, 0, 0, 0.260, 1.385, 0.004

0, 6, 12, 2, 0, 0, 0.260, 1.390, 0.004

1, 6, 13, 2, 0, 0, 0.260, 1.378, 0.004

0, 6, 12, 3, 0, 0, 0.260, 1.397, 0.004

1, 6, 13, 3, 0, 0, 0.260, 1.376, 0.004

0, 6, 12, 4, 0, 0, 0.260, 1.395, 0.004

1, 6, 13, 4, 0, 0, 0.250, 1.392, 0.004

0, 6, 12, 0, 36.5754, 22.42, 0.270, 1.389, 0.004

1, 6, 13, 0, 36.5754, 22.42, 0.440, 1.348, 0.004

0, 6, 12, 1, 36.5754, 22.42, 0.270, 1.383, 0.004

1, 6, 13, 1, 36.5754, 22.42, 0.470, 1.384, 0.004

0, 6, 12, 2, 36.5754, 22.42, 0.260, 1.397, 0.004

1, 6, 13, 2, 36.5754, 22.42, 0.460, 1.370, 0.004

0, 6, 12, 3, 36.5754, 22.42, 0.270, 1.389, 0.004

1, 6, 13, 3, 36.5754, 22.42, 0.460, 1.380, 0.004

0, 6, 12, 4, 36.5754, 22.42, 0.260, 1.395, 0.004

1, 6, 13, 4, 36.5754, 22.42, 0.460, 1.375, 0.004

0, 6, 12, 0, 36.5754, 22.67, 0.270, 1.399, 0.004

1, 6, 13, 0, 36.5754, 22.67, 0.450, 1.384, 0.004

0, 6, 12, 1, 36.5754, 22.67, 0.260, 1.385, 0.004

1, 6, 13, 1, 36.5754, 22.67, 0.460, 1.391, 0.004

0, 6, 12, 2, 36.5754, 22.67, 0.270, 1.397, 0.004

1, 6, 13, 2, 36.5754, 22.67, 0.450, 1.383, 0.004

0, 6, 12, 3, 36.5754, 22.67, 0.270, 1.396, 0.004

1, 6, 13, 3, 36.5754, 22.67, 0.460, 1.376, 0.004

0, 6, 12, 4, 36.5754, 22.67, 0.270, 1.382, 0.004

1, 6, 13, 4, 36.5754, 22.67, 0.450, 1.377, 0.004

0, 6, 12, 0, 36.5754, 22.92, 0.260, 1.393, 0.004

1, 6, 13, 0, 36.5754, 22.92, 0.440, 1.383, 0.004

0, 6, 12, 1, 36.5754, 22.92, 0.270, 1.383, 0.004

1, 6, 13, 1, 36.5754, 22.92, 0.430, 1.383, 0.004

0, 6, 12, 2, 36.5754, 22.92, 0.260, 1.392, 0.004

1, 6, 13, 2, 36.5754, 22.92, 0.440, 1.382, 0.004

0, 6, 12, 3, 36.5754, 22.92, 0.270, 1.393, 0.004

1, 6, 13, 3, 36.5754, 22.92, 0.450, 1.381, 0.004

0, 6, 12, 4, 36.5754, 22.92, 0.270, 1.389, 0.004

1, 6, 13, 4, 36.5754, 22.92, 0.440, 1.376, 0.004

0, 6, 12, 0, 36.5754, 23.17, 0.260, 1.397, 0.004

1, 6, 13, 0, 36.5754, 23.17, 0.420, 1.386, 0.004

0, 6, 12, 1, 36.5754, 23.17, 0.270, 1.393, 0.004

1, 6, 13, 1, 36.5754, 23.17, 0.410, 1.381, 0.004

0, 6, 12, 2, 36.5754, 23.17, 0.260, 1.394, 0.004

1, 6, 13, 2, 36.5754, 23.17, 0.410, 1.368, 0.004

0, 6, 12, 3, 36.5754, 23.17, 0.270, 1.394, 0.004

1, 6, 13, 3, 36.5754, 23.17, 0.420, 1.382, 0.004

0, 6, 12, 4, 36.5754, 23.17, 0.270, 1.383, 0.004

1, 6, 13, 4, 36.5754, 23.17, 0.410, 1.375, 0.004

0, 6, 12, 0, 36.5754, 23.42, 0.270, 1.387, 0.004

1, 6, 13, 0, 36.5754, 23.42, 0.370, 1.382, 0.004

0, 6, 12, 1, 36.5754, 23.42, 0.270, 1.381, 0.004

1, 6, 13, 1, 36.5754, 23.42, 0.360, 1.370, 0.004

0, 6, 12, 2, 36.5754, 23.42, 0.260, 1.387, 0.004

1, 6, 13, 2, 36.5754, 23.42, 0.360, 1.377, 0.004

0, 6, 12, 3, 36.5754, 23.42, 0.260, 1.391, 0.004

1, 6, 13, 3, 36.5754, 23.42, 0.360, 1.381, 0.004

0, 6, 12, 4, 36.5754, 23.42, 0.270, 1.396, 0.004

1, 6, 13, 4, 36.5754, 23.42, 0.360, 1.377, 0.004

0, 6, 12, 0, 36.5754, 23.67, 0.260, 1.385, 0.004

1, 6, 13, 0, 36.5754, 23.67, 0.290, 1.381, 0.004

0, 6, 12, 1, 36.5754, 23.67, 0.270, 1.393, 0.004

1, 6, 13, 1, 36.5754, 23.67, 0.300, 1.380, 0.004

0, 6, 12, 2, 36.5754, 23.67, 0.260, 1.389, 0.004

1, 6, 13, 2, 36.5754, 23.67, 0.290, 1.378, 0.004

0, 6, 12, 3, 36.5754, 23.67, 0.270, 1.389, 0.004

1, 6, 13, 3, 36.5754, 23.67, 0.290, 1.381, 0.004

0, 6, 12, 4, 36.5754, 23.67, 0.270, 1.381, 0.004

1, 6, 13, 4, 36.5754, 23.67, 0.280, 1.382, 0.004

0, 6, 12, 0, 36.5754, 23.92, 0.260, 1.394, 0.004

1, 6, 13, 0, 36.5754, 23.92, 0.270, 1.383, 0.004

0, 6, 12, 1, 36.5754, 23.92, 0.260, 1.389, 0.004

1, 6, 13, 1, 36.5754, 23.92, 0.270, 1.384, 0.004

0, 6, 12, 2, 36.5754, 23.92, 0.270, 1.387, 0.004

1, 6, 13, 2, 36.5754, 23.92, 0.270, 1.377, 0.004

0, 6, 12, 3, 36.5754, 23.92, 0.270, 1.393, 0.004

1, 6, 13, 3, 36.5754, 23.92, 0.270, 1.381, 0.004

0, 6, 12, 4, 36.5754, 23.92, 0.260, 1.388, 0.004

1, 6, 13, 4, 36.5754, 23.92, 0.260, 1.382, 0.004

0, 6, 12, 0, 36.5754, 24.17, 0.270, 1.387, 0.004

1, 6, 13, 0, 36.5754, 24.17, 0.260, 1.386, 0.004

0, 6, 12, 1, 36.5754, 24.17, 0.260, 1.385, 0.004

1, 6, 13, 1, 36.5754, 24.17, 0.270, 1.385, 0.004

0, 6, 12, 2, 36.5754, 24.17, 0.260, 1.382, 0.004

1, 6, 13, 2, 36.5754, 24.17, 0.260, 1.385, 0.004

0, 6, 12, 3, 36.5754, 24.17, 0.260, 1.389, 0.004

1, 6, 13, 3, 36.5754, 24.17, 0.260, 1.383, 0.004

0, 6, 12, 4, 36.5754, 24.17, 0.270, 1.378, 0.004

1, 6, 13, 4, 36.5754, 24.17, 0.260, 1.388, 0.004

0, 6, 12, 0, 36.5754, 24.42, 0.270, 1.387, 0.004

1, 6, 13, 0, 36.5754, 24.42, 0.260, 1.384, 0.004

0, 6, 12, 1, 36.5754, 24.42, 0.270, 1.402, 0.004

1, 6, 13, 1, 36.5754, 24.42, 0.260, 1.380, 0.004

0, 6, 12, 2, 36.5754, 24.42, 0.270, 1.389, 0.004

1, 6, 13, 2, 36.5754, 24.42, 0.260, 1.387, 0.004

0, 6, 12, 3, 36.5754, 24.42, 0.270, 1.395, 0.004

1, 6, 13, 3, 36.5754, 24.42, 0.260, 1.389, 0.004

0, 6, 12, 4, 36.5754, 24.42, 0.270, 1.390, 0.004

1, 6, 13, 4, 36.5754, 24.42, 0.260, 1.380, 0.004

0, 6, 12, 0, 36.5754, 24.67, 0.280, 1.389, 0.004

1, 6, 13, 0, 36.5754, 24.67, 0.260, 1.374, 0.004

0, 6, 12, 1, 36.5754, 24.67, 0.280, 1.390, 0.004

1, 6, 13, 1, 36.5754, 24.67, 0.250, 1.389, 0.004

0, 6, 12, 2, 36.5754, 24.67, 0.280, 1.382, 0.004

1, 6, 13, 2, 36.5754, 24.67, 0.260, 1.378, 0.004

0, 6, 12, 3, 36.5754, 24.67, 0.280, 1.390, 0.004

1, 6, 13, 3, 36.5754, 24.67, 0.260, 1.379, 0.004

0, 6, 12, 4, 36.5754, 24.67, 0.280, 1.387, 0.004

1, 6, 13, 4, 36.5754, 24.67, 0.260, 1.378, 0.004

0, 6, 12, 0, 36.5754, 24.92, 0.320, 1.388, 0.004

1, 6, 13, 0, 36.5754, 24.92, 0.260, 1.387, 0.004

0, 6, 12, 1, 36.5754, 24.92, 0.320, 1.395, 0.004

1, 6, 13, 1, 36.5754, 24.92, 0.260, 1.373, 0.004

0, 6, 12, 2, 36.5754, 24.92, 0.320, 1.397, 0.004

1, 6, 13, 2, 36.5754, 24.92, 0.260, 1.387, 0.004

0, 6, 12, 3, 36.5754, 24.92, 0.330, 1.390, 0.004

1, 6, 13, 3, 36.5754, 24.92, 0.260, 1.382, 0.004

0, 6, 12, 4, 36.5754, 24.92, 0.320, 1.389, 0.004

1, 6, 13, 4, 36.5754, 24.92, 0.260, 1.384, 0.004

0, 6, 12, 0, 36.5754, 25.17, 0.390, 1.393, 0.004

1, 6, 13, 0, 36.5754, 25.17, 0.260, 1.382, 0.004

0, 6, 12, 1, 36.5754, 25.17, 0.390, 1.399, 0.004

1, 6, 13, 1, 36.5754, 25.17, 0.260, 1.388, 0.004

0, 6, 12, 2, 36.5754, 25.17, 0.390, 1.386, 0.004

1, 6, 13, 2, 36.5754, 25.17, 0.260, 1.382, 0.004

0, 6, 12, 3, 36.5754, 25.17, 0.390, 1.385, 0.004

1, 6, 13, 3, 36.5754, 25.17, 0.260, 1.380, 0.004

0, 6, 12, 4, 36.5754, 25.17, 0.390, 1.387, 0.004

1, 6, 13, 4, 36.5754, 25.17, 0.260, 1.378, 0.004

0, 6, 12, 0, 36.5754, 25.42, 0.440, 1.384, 0.004

1, 6, 13, 0, 36.5754, 25.42, 0.260, 1.383, 0.004

0, 6, 12, 1, 36.5754, 25.42, 0.430, 1.392, 0.004

1, 6, 13, 1, 36.5754, 25.42, 0.260, 1.386, 0.004

0, 6, 12, 2, 36.5754, 25.42, 0.430, 1.389, 0.004

1, 6, 13, 2, 36.5754, 25.42, 0.260, 1.381, 0.004

0, 6, 12, 3, 36.5754, 25.42, 0.420, 1.403, 0.004

1, 6, 13, 3, 36.5754, 25.42, 0.260, 1.388, 0.004

0, 6, 12, 4, 36.5754, 25.42, 0.420, 1.378, 0.004

1, 6, 13, 4, 36.5754, 25.42, 0.260, 1.379, 0.004

0, 6, 12, 0, 36.5754, 25.67, 0.440, 1.389, 0.004

1, 6, 13, 0, 36.5754, 25.67, 0.260, 1.380, 0.004

0, 6, 12, 1, 36.5754, 25.67, 0.440, 1.395, 0.004

1, 6, 13, 1, 36.5754, 25.67, 0.260, 1.379, 0.004

0, 6, 12, 2, 36.5754, 25.67, 0.430, 1.384, 0.004

1, 6, 13, 2, 36.5754, 25.67, 0.260, 1.378, 0.004

0, 6, 12, 3, 36.5754, 25.67, 0.440, 1.381, 0.004

1, 6, 13, 3, 36.5754, 25.67, 0.260, 1.382, 0.004

0, 6, 12, 4, 36.5754, 25.67, 0.440, 1.394, 0.004

1, 6, 13, 4, 36.5754, 25.67, 0.260, 1.376, 0.004

0, 6, 12, 0, 36.5754, 25.92, 0.440, 1.388, 0.004

1, 6, 13, 0, 36.5754, 25.92, 0.260, 1.375, 0.004

0, 6, 12, 1, 36.5754, 25.92, 0.460, 1.391, 0.004

1, 6, 13, 1, 36.5754, 25.92, 0.260, 1.381, 0.004

0, 6, 12, 2, 36.5754, 25.92, 0.430, 1.397, 0.004

1, 6, 13, 2, 36.5754, 25.92, 0.260, 1.384, 0.004

0, 6, 12, 3, 36.5754, 25.92, 0.440, 1.384, 0.004

1, 6, 13, 3, 36.5754, 25.92, 0.260, 1.388, 0.004

0, 6, 12, 4, 36.5754, 25.92, 0.430, 1.381, 0.004

1, 6, 13, 4, 36.5754, 25.92, 0.260, 1.381, 0.004

0, 6, 12, 0, 36.5754, 26.17, 0.430, 1.390, 0.004

1, 6, 13, 0, 36.5754, 26.17, 0.270, 1.389, 0.004

0, 6, 12, 1, 36.5754, 26.17, 0.430, 1.392, 0.004

1, 6, 13, 1, 36.5754, 26.17, 0.260, 1.388, 0.004

0, 6, 12, 2, 36.5754, 26.17, 0.440, 1.342, 0.004

1, 6, 13, 2, 36.5754, 26.17, 0.260, 1.379, 0.004

0, 6, 12, 3, 36.5754, 26.17, 0.410, 1.384, 0.004

1, 6, 13, 3, 36.5754, 26.17, 0.260, 1.378, 0.004

0, 6, 12, 4, 36.5754, 26.17, 0.440, 1.360, 0.004

1, 6, 13, 4, 36.5754, 26.17, 0.260, 1.380, 0.004

0, 6, 12, 0, 36.5754, 26.42, 0.430, 1.392, 0.004

1, 6, 13, 0, 36.5754, 26.42, 0.260, 1.374, 0.004

0, 6, 12, 1, 36.5754, 26.42, 0.420, 1.386, 0.004

1, 6, 13, 1, 36.5754, 26.42, 0.260, 1.383, 0.004

0, 6, 12, 2, 36.5754, 26.42, 0.430, 1.387, 0.004

1, 6, 13, 2, 36.5754, 26.42, 0.260, 1.385, 0.004

0, 6, 12, 3, 36.5754, 26.42, 0.420, 1.388, 0.004

1, 6, 13, 3, 36.5754, 26.42, 0.260, 1.378, 0.004

0, 6, 12, 4, 36.5754, 26.42, 0.410, 1.390, 0.004

1, 6, 13, 4, 36.5754, 26.42, 0.260, 1.390, 0.004

0, 6, 12, 0, 36.5754, 26.67, 0.410, 1.392, 0.004

1, 6, 13, 0, 36.5754, 26.67, 0.260, 1.388, 0.004

0, 6, 12, 1, 36.5754, 26.67, 0.400, 1.392, 0.004

1, 6, 13, 1, 36.5754, 26.67, 0.260, 1.389, 0.004

0, 6, 12, 2, 36.5754, 26.67, 0.400, 1.394, 0.004

1, 6, 13, 2, 36.5754, 26.67, 0.260, 1.386, 0.004

0, 6, 12, 3, 36.5754, 26.67, 0.410, 1.387, 0.004

1, 6, 13, 3, 36.5754, 26.67, 0.260, 1.384, 0.004

0, 6, 12, 4, 36.5754, 26.67, 0.410, 1.390, 0.004

1, 6, 13, 4, 36.5754, 26.67, 0.260, 1.382, 0.004

0, 6, 12, 0, 36.5754, 26.92, 0.410, 1.393, 0.004

1, 6, 13, 0, 36.5754, 26.92, 0.260, 1.378, 0.004

0, 6, 12, 1, 36.5754, 26.92, 0.420, 1.390, 0.004

1, 6, 13, 1, 36.5754, 26.92, 0.260, 1.377, 0.004

0, 6, 12, 2, 36.5754, 26.92, 0.410, 1.391, 0.004

1, 6, 13, 2, 36.5754, 26.92, 0.260, 1.380, 0.004

0, 6, 12, 3, 36.5754, 26.92, 0.420, 1.384, 0.004

1, 6, 13, 3, 36.5754, 26.92, 0.260, 1.378, 0.004

0, 6, 12, 4, 36.5754, 26.92, 0.410, 1.396, 0.004

1, 6, 13, 4, 36.5754, 26.92, 0.260, 1.379, 0.004

0, 6, 12, 0, 36.5754, 27.17, 0.420, 1.388, 0.004

1, 6, 13, 0, 36.5754, 27.17, 0.260, 1.386, 0.004

0, 6, 12, 1, 36.5754, 27.17, 0.430, 1.389, 0.004

1, 6, 13, 1, 36.5754, 27.17, 0.260, 1.386, 0.004

0, 6, 12, 2, 36.5754, 27.17, 0.420, 1.385, 0.004

1, 6, 13, 2, 36.5754, 27.17, 0.260, 1.379, 0.004

0, 6, 12, 3, 36.5754, 27.17, 0.440, 1.390, 0.004

1, 6, 13, 3, 36.5754, 27.17, 0.260, 1.375, 0.004

0, 6, 12, 4, 36.5754, 27.17, 0.430, 1.392, 0.004

1, 6, 13, 4, 36.5754, 27.17, 0.250, 1.385, 0.004

0, 6, 12, 0, 0, 0, 0.260, 1.390, 0.004

1, 6, 13, 0, 0, 0, 0.260, 1.383, 0.004

0, 6, 12, 1, 0, 0, 0.260, 1.388, 0.004

1, 6, 13, 1, 0, 0, 0.250, 1.385, 0.004

0, 6, 12, 2, 0, 0, 0.260, 1.388, 0.004

1, 6, 13, 2, 0, 0, 0.250, 1.384, 0.004

0, 6, 12, 3, 0, 0, 0.260, 1.387, 0.004

1, 6, 13, 3, 0, 0, 0.250, 1.387, 0.004

0, 6, 12, 4, 0, 0, 0.260, 1.397, 0.004

1, 6, 13, 4, 0, 0, 0.260, 1.393, 0.004

0, 6, 12, 0, 36.5754, 27.42, 0.430, 1.386, 0.004

1, 6, 13, 0, 36.5754, 27.42, 0.260, 1.381, 0.004

0, 6, 12, 1, 36.5754, 27.42, 0.430, 1.382, 0.004

1, 6, 13, 1, 36.5754, 27.42, 0.260, 1.385, 0.004

0, 6, 12, 2, 36.5754, 27.42, 0.440, 1.365, 0.004

1, 6, 13, 2, 36.5754, 27.42, 0.260, 1.374, 0.004

0, 6, 12, 3, 36.5754, 27.42, 0.440, 1.384, 0.004

1, 6, 13, 3, 36.5754, 27.42, 0.260, 1.380, 0.004

0, 6, 12, 4, 36.5754, 27.42, 0.440, 1.388, 0.004

1, 6, 13, 4, 36.5754, 27.42, 0.260, 1.379, 0.004

0, 6, 12, 0, 36.5754, 27.67, 0.470, 1.391, 0.004

1, 6, 13, 0, 36.5754, 27.67, 0.260, 1.381, 0.004

0, 6, 12, 1, 36.5754, 27.67, 0.440, 1.392, 0.004

1, 6, 13, 1, 36.5754, 27.67, 0.260, 1.379, 0.004

0, 6, 12, 2, 36.5754, 27.67, 0.440, 1.383, 0.004

1, 6, 13, 2, 36.5754, 27.67, 0.260, 1.379, 0.004

0, 6, 12, 3, 36.5754, 27.67, 0.450, 1.371, 0.004

1, 6, 13, 3, 36.5754, 27.67, 0.260, 1.377, 0.004

0, 6, 12, 4, 36.5754, 27.67, 0.440, 1.390, 0.004

1, 6, 13, 4, 36.5754, 27.67, 0.260, 1.379, 0.004

0, 6, 12, 0, 36.5754, 27.92, 0.430, 1.387, 0.004

1, 6, 13, 0, 36.5754, 27.92, 0.260, 1.380, 0.004

0, 6, 12, 1, 36.5754, 27.92, 0.440, 1.390, 0.004

1, 6, 13, 1, 36.5754, 27.92, 0.260, 1.374, 0.004

0, 6, 12, 2, 36.5754, 27.92, 0.450, 1.375, 0.004

1, 6, 13, 2, 36.5754, 27.92, 0.260, 1.380, 0.004

0, 6, 12, 3, 36.5754, 27.92, 0.440, 1.401, 0.004

1, 6, 13, 3, 36.5754, 27.92, 0.260, 1.382, 0.004

0, 6, 12, 4, 36.5754, 27.92, 0.420, 1.390, 0.004

1, 6, 13, 4, 36.5754, 27.92, 0.260, 1.378, 0.004

0, 6, 12, 0, 36.5754, 28.17, 0.430, 1.391, 0.004

1, 6, 13, 0, 36.5754, 28.17, 0.260, 1.393, 0.004

0, 6, 12, 1, 36.5754, 28.17, 0.450, 1.384, 0.004

1, 6, 13, 1, 36.5754, 28.17, 0.250, 1.381, 0.004

0, 6, 12, 2, 36.5754, 28.17, 0.440, 1.385, 0.004

1, 6, 13, 2, 36.5754, 28.17, 0.260, 1.376, 0.004

0, 6, 12, 3, 36.5754, 28.17, 0.440, 1.387, 0.004

1, 6, 13, 3, 36.5754, 28.17, 0.260, 1.379, 0.004

0, 6, 12, 4, 36.5754, 28.17, 0.430, 1.402, 0.004

1, 6, 13, 4, 36.5754, 28.17, 0.260, 1.378, 0.004

0, 6, 12, 0, 36.5754, 28.42, 0.430, 1.391, 0.004

1, 6, 13, 0, 36.5754, 28.42, 0.260, 1.384, 0.004

0, 6, 12, 1, 36.5754, 28.42, 0.430, 1.388, 0.004

1, 6, 13, 1, 36.5754, 28.42, 0.260, 1.382, 0.004

0, 6, 12, 2, 36.5754, 28.42, 0.450, 1.340, 0.004

1, 6, 13, 2, 36.5754, 28.42, 0.260, 1.382, 0.004

0, 6, 12, 3, 36.5754, 28.42, 0.440, 1.389, 0.004

1, 6, 13, 3, 36.5754, 28.42, 0.260, 1.389, 0.004

0, 6, 12, 4, 36.5754, 28.42, 0.440, 1.394, 0.004

1, 6, 13, 4, 36.5754, 28.42, 0.260, 1.386, 0.004

0, 6, 12, 0, 36.5754, 28.67, 0.450, 1.389, 0.004

1, 6, 13, 0, 36.5754, 28.67, 0.260, 1.383, 0.004

0, 6, 12, 1, 36.5754, 28.67, 0.420, 1.391, 0.004

1, 6, 13, 1, 36.5754, 28.67, 0.260, 1.383, 0.004

0, 6, 12, 2, 36.5754, 28.67, 0.430, 1.396, 0.004

1, 6, 13, 2, 36.5754, 28.67, 0.260, 1.381, 0.004

0, 6, 12, 3, 36.5754, 28.67, 0.450, 1.366, 0.004

1, 6, 13, 3, 36.5754, 28.67, 0.260, 1.391, 0.004

0, 6, 12, 4, 36.5754, 28.67, 0.430, 1.388, 0.004

1, 6, 13, 4, 36.5754, 28.67, 0.250, 1.380, 0.004

0, 6, 12, 0, 36.5754, 28.92, 0.440, 1.393, 0.004

1, 6, 13, 0, 36.5754, 28.92, 0.260, 1.380, 0.004

0, 6, 12, 1, 36.5754, 28.92, 0.440, 1.393, 0.004

1, 6, 13, 1, 36.5754, 28.92, 0.250, 1.397, 0.004

0, 6, 12, 2, 36.5754, 28.92, 0.440, 1.391, 0.004

1, 6, 13, 2, 36.5754, 28.92, 0.260, 1.381, 0.004

0, 6, 12, 3, 36.5754, 28.92, 0.440, 1.386, 0.004

1, 6, 13, 3, 36.5754, 28.92, 0.260, 1.377, 0.004

0, 6, 12, 4, 36.5754, 28.92, 0.440, 1.387, 0.004

1, 6, 13, 4, 36.5754, 28.92, 0.260, 1.378, 0.004

0, 6, 12, 0, 36.5754, 29.17, 0.440, 1.383, 0.004

1, 6, 13, 0, 36.5754, 29.17, 0.260, 1.388, 0.004

0, 6, 12, 1, 36.5754, 29.17, 0.440, 1.387, 0.004

1, 6, 13, 1, 36.5754, 29.17, 0.260, 1.385, 0.004

0, 6, 12, 2, 36.5754, 29.17, 0.430, 1.389, 0.004

1, 6, 13, 2, 36.5754, 29.17, 0.250, 1.391, 0.004

0, 6, 12, 3, 36.5754, 29.17, 0.440, 1.396, 0.004

1, 6, 13, 3, 36.5754, 29.17, 0.260, 1.383, 0.004

0, 6, 12, 4, 36.5754, 29.17, 0.430, 1.393, 0.004

1, 6, 13, 4, 36.5754, 29.17, 0.260, 1.383, 0.004

0, 6, 12, 0, 36.5754, 29.42, 0.450, 1.389, 0.004

1, 6, 13, 0, 36.5754, 29.42, 0.260, 1.384, 0.004

0, 6, 12, 1, 36.5754, 29.42, 0.430, 1.391, 0.004

1, 6, 13, 1, 36.5754, 29.42, 0.260, 1.385, 0.004

0, 6, 12, 2, 36.5754, 29.42, 0.420, 1.377, 0.004

1, 6, 13, 2, 36.5754, 29.42, 0.260, 1.380, 0.004

0, 6, 12, 3, 36.5754, 29.42, 0.430, 1.388, 0.004

1, 6, 13, 3, 36.5754, 29.42, 0.260, 1.378, 0.004

0, 6, 12, 4, 36.5754, 29.42, 0.440, 1.392, 0.004

1, 6, 13, 4, 36.5754, 29.42, 0.260, 1.383, 0.004

0, 6, 12, 0, 36.5754, 29.67, 0.420, 1.389, 0.004

1, 6, 13, 0, 36.5754, 29.67, 0.250, 1.381, 0.004

0, 6, 12, 1, 36.5754, 29.67, 0.420, 1.393, 0.004

1, 6, 13, 1, 36.5754, 29.67, 0.260, 1.378, 0.004

0, 6, 12, 2, 36.5754, 29.67, 0.420, 1.385, 0.004

1, 6, 13, 2, 36.5754, 29.67, 0.260, 1.381, 0.004

0, 6, 12, 3, 36.5754, 29.67, 0.410, 1.375, 0.004

1, 6, 13, 3, 36.5754, 29.67, 0.260, 1.382, 0.004

0, 6, 12, 4, 36.5754, 29.67, 0.420, 1.390, 0.004

1, 6, 13, 4, 36.5754, 29.67, 0.260, 1.380, 0.004

0, 6, 12, 0, 36.5754, 29.92, 0.420, 1.395, 0.004

1, 6, 13, 0, 36.5754, 29.92, 0.260, 1.390, 0.004

0, 6, 12, 1, 36.5754, 29.92, 0.410, 1.389, 0.004

1, 6, 13, 1, 36.5754, 29.92, 0.260, 1.380, 0.004

0, 6, 12, 2, 36.5754, 29.92, 0.430, 1.392, 0.004

1, 6, 13, 2, 36.5754, 29.92, 0.260, 1.375, 0.004

0, 6, 12, 3, 36.5754, 29.92, 0.410, 1.388, 0.004

1, 6, 13, 3, 36.5754, 29.92, 0.260, 1.383, 0.004

0, 6, 12, 4, 36.5754, 29.92, 0.420, 1.382, 0.004

1, 6, 13, 4, 36.5754, 29.92, 0.260, 1.380, 0.004

0, 6, 12, 0, 36.5754, 30.17, 0.400, 1.388, 0.004

1, 6, 13, 0, 36.5754, 30.17, 0.260, 1.380, 0.004

0, 6, 12, 1, 36.5754, 30.17, 0.410, 1.382, 0.004

1, 6, 13, 1, 36.5754, 30.17, 0.250, 1.379, 0.004

0, 6, 12, 2, 36.5754, 30.17, 0.420, 1.390, 0.004

1, 6, 13, 2, 36.5754, 30.17, 0.260, 1.387, 0.004

0, 6, 12, 3, 36.5754, 30.17, 0.410, 1.387, 0.004

1, 6, 13, 3, 36.5754, 30.17, 0.260, 1.385, 0.004

0, 6, 12, 4, 36.5754, 30.17, 0.410, 1.367, 0.004

1, 6, 13, 4, 36.5754, 30.17, 0.260, 1.385, 0.004

0, 6, 12, 0, 36.5754, 30.42, 0.430, 1.384, 0.004

1, 6, 13, 0, 36.5754, 30.42, 0.260, 1.375, 0.004

0, 6, 12, 1, 36.5754, 30.42, 0.410, 1.368, 0.004

1, 6, 13, 1, 36.5754, 30.42, 0.260, 1.392, 0.004

0, 6, 12, 2, 36.5754, 30.42, 0.410, 1.379, 0.004

1, 6, 13, 2, 36.5754, 30.42, 0.260, 1.378, 0.004

0, 6, 12, 3, 36.5754, 30.42, 0.410, 1.414, 0.004

1, 6, 13, 3, 36.5754, 30.42, 0.250, 1.375, 0.004

0, 6, 12, 4, 36.5754, 30.42, 0.420, 1.387, 0.004

1, 6, 13, 4, 36.5754, 30.42, 0.260, 1.376, 0.004

0, 6, 12, 0, 36.5754, 30.67, 0.410, 1.412, 0.004

1, 6, 13, 0, 36.5754, 30.67, 0.250, 1.388, 0.004

0, 6, 12, 1, 36.5754, 30.67, 0.410, 1.393, 0.004

1, 6, 13, 1, 36.5754, 30.67, 0.250, 1.381, 0.004

0, 6, 12, 2, 36.5754, 30.67, 0.410, 1.391, 0.004

1, 6, 13, 2, 36.5754, 30.67, 0.260, 1.376, 0.004

0, 6, 12, 3, 36.5754, 30.67, 0.410, 1.395, 0.004

1, 6, 13, 3, 36.5754, 30.67, 0.260, 1.386, 0.004

0, 6, 12, 4, 36.5754, 30.67, 0.430, 1.387, 0.004

1, 6, 13, 4, 36.5754, 30.67, 0.260, 1.378, 0.004

0, 6, 12, 0, 36.5754, 30.92, 0.400, 1.379, 0.004

1, 6, 13, 0, 36.5754, 30.92, 0.260, 1.379, 0.004

0, 6, 12, 1, 36.5754, 30.92, 0.410, 1.387, 0.004

1, 6, 13, 1, 36.5754, 30.92, 0.260, 1.380, 0.004

0, 6, 12, 2, 36.5754, 30.92, 0.390, 1.392, 0.004

1, 6, 13, 2, 36.5754, 30.92, 0.250, 1.384, 0.004

0, 6, 12, 3, 36.5754, 30.92, 0.400, 1.379, 0.004

1, 6, 13, 3, 36.5754, 30.92, 0.250, 1.381, 0.004

0, 6, 12, 4, 36.5754, 30.92, 0.410, 1.386, 0.004

1, 6, 13, 4, 36.5754, 30.92, 0.260, 1.379, 0.004

0, 6, 12, 0, 36.5754, 31.17, 0.400, 1.371, 0.004

1, 6, 13, 0, 36.5754, 31.17, 0.260, 1.368, 0.004

0, 6, 12, 1, 36.5754, 31.17, 0.400, 1.393, 0.004

1, 6, 13, 1, 36.5754, 31.17, 0.260, 1.384, 0.004

0, 6, 12, 2, 36.5754, 31.17, 0.400, 1.384, 0.004

1, 6, 13, 2, 36.5754, 31.17, 0.260, 1.381, 0.004

0, 6, 12, 3, 36.5754, 31.17, 0.410, 1.402, 0.004

1, 6, 13, 3, 36.5754, 31.17, 0.260, 1.376, 0.004

0, 6, 12, 4, 36.5754, 31.17, 0.400, 1.384, 0.004

1, 6, 13, 4, 36.5754, 31.17, 0.260, 1.379, 0.004

0, 6, 12, 0, 36.5754, 31.42, 0.390, 1.386, 0.004

1, 6, 13, 0, 36.5754, 31.42, 0.250, 1.381, 0.004

0, 6, 12, 1, 36.5754, 31.42, 0.400, 1.390, 0.004

1, 6, 13, 1, 36.5754, 31.42, 0.260, 1.375, 0.004

0, 6, 12, 2, 36.5754, 31.42, 0.390, 1.382, 0.004

1, 6, 13, 2, 36.5754, 31.42, 0.260, 1.385, 0.004

0, 6, 12, 3, 36.5754, 31.42, 0.390, 1.395, 0.004

1, 6, 13, 3, 36.5754, 31.42, 0.260, 1.382, 0.004

0, 6, 12, 4, 36.5754, 31.42, 0.400, 1.396, 0.004

1, 6, 13, 4, 36.5754, 31.42, 0.260, 1.389, 0.004

0, 6, 12, 0, 36.5754, 31.67, 0.390, 1.400, 0.004

1, 6, 13, 0, 36.5754, 31.67, 0.260, 1.381, 0.004

0, 6, 12, 1, 36.5754, 31.67, 0.400, 1.388, 0.004

1, 6, 13, 1, 36.5754, 31.67, 0.260, 1.384, 0.004

0, 6, 12, 2, 36.5754, 31.67, 0.390, 1.386, 0.004

1, 6, 13, 2, 36.5754, 31.67, 0.260, 1.377, 0.004

0, 6, 12, 3, 36.5754, 31.67, 0.400, 1.380, 0.004

1, 6, 13, 3, 36.5754, 31.67, 0.260, 1.378, 0.004

0, 6, 12, 4, 36.5754, 31.67, 0.400, 1.394, 0.004

1, 6, 13, 4, 36.5754, 31.67, 0.250, 1.379, 0.004

0, 6, 12, 0, 36.5754, 31.92, 0.410, 1.387, 0.004

1, 6, 13, 0, 36.5754, 31.92, 0.260, 1.384, 0.004

0, 6, 12, 1, 36.5754, 31.92, 0.410, 1.381, 0.004

1, 6, 13, 1, 36.5754, 31.92, 0.260, 1.383, 0.004

0, 6, 12, 2, 36.5754, 31.92, 0.430, 1.390, 0.004

1, 6, 13, 2, 36.5754, 31.92, 0.260, 1.381, 0.004

0, 6, 12, 3, 36.5754, 31.92, 0.410, 1.393, 0.004

1, 6, 13, 3, 36.5754, 31.92, 0.250, 1.374, 0.004

0, 6, 12, 4, 36.5754, 31.92, 0.410, 1.395, 0.004

1, 6, 13, 4, 36.5754, 31.92, 0.260, 1.382, 0.004

0, 6, 12, 0, 36.5754, 32.17, 0.410, 1.395, 0.004

1, 6, 13, 0, 36.5754, 32.17, 0.260, 1.378, 0.004

0, 6, 12, 1, 36.5754, 32.17, 0.410, 1.381, 0.004

1, 6, 13, 1, 36.5754, 32.17, 0.260, 1.383, 0.004

0, 6, 12, 2, 36.5754, 32.17, 0.400, 1.398, 0.004

1, 6, 13, 2, 36.5754, 32.17, 0.260, 1.376, 0.004

0, 6, 12, 3, 36.5754, 32.17, 0.410, 1.390, 0.004

1, 6, 13, 3, 36.5754, 32.17, 0.260, 1.383, 0.004

0, 6, 12, 4, 36.5754, 32.17, 0.400, 1.397, 0.004

1, 6, 13, 4, 36.5754, 32.17, 0.250, 1.385, 0.004

0, 6, 12, 0, 0, 0, 0.250, 1.388, 0.004

1, 6, 13, 0, 0, 0, 0.250, 1.379, 0.004

0, 6, 12, 1, 0, 0, 0.250, 1.386, 0.004

1, 6, 13, 1, 0, 0, 0.250, 1.385, 0.004

0, 6, 12, 2, 0, 0, 0.250, 1.396, 0.004

1, 6, 13, 2, 0, 0, 0.250, 1.388, 0.004

0, 6, 12, 3, 0, 0, 0.250, 1.391, 0.004

1, 6, 13, 3, 0, 0, 0.260, 1.380, 0.004

0, 6, 12, 4, 0, 0, 0.250, 1.392, 0.004

1, 6, 13, 4, 0, 0, 0.260, 1.379, 0.004

0, 6, 12, 0, 36.5754, 32.42, 0.420, 1.395, 0.004

1, 6, 13, 0, 36.5754, 32.42, 0.260, 1.389, 0.004

0, 6, 12, 1, 36.5754, 32.42, 0.430, 1.380, 0.004

1, 6, 13, 1, 36.5754, 32.42, 0.260, 1.385, 0.004

0, 6, 12, 2, 36.5754, 32.42, 0.410, 1.378, 0.004

1, 6, 13, 2, 36.5754, 32.42, 0.260, 1.380, 0.004

0, 6, 12, 3, 36.5754, 32.42, 0.420, 1.394, 0.004

1, 6, 13, 3, 36.5754, 32.42, 0.260, 1.385, 0.004

0, 6, 12, 4, 36.5754, 32.42, 0.430, 1.388, 0.004

1, 6, 13, 4, 36.5754, 32.42, 0.260, 1.384, 0.004

0, 6, 12, 0, 36.5754, 32.67, 0.410, 1.389, 0.004

1, 6, 13, 0, 36.5754, 32.67, 0.250, 1.379, 0.004

0, 6, 12, 1, 36.5754, 32.67, 0.420, 1.388, 0.004

1, 6, 13, 1, 36.5754, 32.67, 0.250, 1.383, 0.004

0, 6, 12, 2, 36.5754, 32.67, 0.420, 1.392, 0.004

1, 6, 13, 2, 36.5754, 32.67, 0.260, 1.378, 0.004

0, 6, 12, 3, 36.5754, 32.67, 0.420, 1.388, 0.004

1, 6, 13, 3, 36.5754, 32.67, 0.260, 1.375, 0.004

0, 6, 12, 4, 36.5754, 32.67, 0.420, 1.390, 0.004

1, 6, 13, 4, 36.5754, 32.67, 0.260, 1.388, 0.004

0, 6, 12, 0, 36.5754, 32.92, 0.410, 1.392, 0.004

1, 6, 13, 0, 36.5754, 32.92, 0.250, 1.392, 0.004

0, 6, 12, 1, 36.5754, 32.92, 0.410, 1.383, 0.004

1, 6, 13, 1, 36.5754, 32.92, 0.260, 1.378, 0.004

0, 6, 12, 2, 36.5754, 32.92, 0.390, 1.386, 0.004

1, 6, 13, 2, 36.5754, 32.92, 0.260, 1.386, 0.004

0, 6, 12, 3, 36.5754, 32.92, 0.410, 1.390, 0.004

1, 6, 13, 3, 36.5754, 32.92, 0.260, 1.378, 0.004

0, 6, 12, 4, 36.5754, 32.92, 0.400, 1.386, 0.004

1, 6, 13, 4, 36.5754, 32.92, 0.260, 1.385, 0.004

0, 6, 12, 0, 36.5754, 33.17, 0.410, 1.382, 0.004

1, 6, 13, 0, 36.5754, 33.17, 0.260, 1.383, 0.004

0, 6, 12, 1, 36.5754, 33.17, 0.410, 1.403, 0.004

1, 6, 13, 1, 36.5754, 33.17, 0.260, 1.383, 0.004

0, 6, 12, 2, 36.5754, 33.17, 0.390, 1.375, 0.004

1, 6, 13, 2, 36.5754, 33.17, 0.260, 1.386, 0.004

0, 6, 12, 3, 36.5754, 33.17, 0.390, 1.386, 0.004

1, 6, 13, 3, 36.5754, 33.17, 0.260, 1.381, 0.004

0, 6, 12, 4, 36.5754, 33.17, 0.400, 1.392, 0.004

1, 6, 13, 4, 36.5754, 33.17, 0.260, 1.383, 0.004

0, 6, 12, 0, 36.5754, 33.42, 0.380, 1.385, 0.004

1, 6, 13, 0, 36.5754, 33.42, 0.250, 1.387, 0.004

0, 6, 12, 1, 36.5754, 33.42, 0.380, 1.389, 0.004

1, 6, 13, 1, 36.5754, 33.42, 0.260, 1.385, 0.004

0, 6, 12, 2, 36.5754, 33.42, 0.380, 1.348, 0.004

1, 6, 13, 2, 36.5754, 33.42, 0.260, 1.375, 0.004

0, 6, 12, 3, 36.5754, 33.42, 0.390, 1.378, 0.004

1, 6, 13, 3, 36.5754, 33.42, 0.260, 1.374, 0.004

0, 6, 12, 4, 36.5754, 33.42, 0.390, 1.392, 0.004

1, 6, 13, 4, 36.5754, 33.42, 0.260, 1.377, 0.004

0, 6, 12, 0, 36.5754, 33.67, 0.370, 1.395, 0.004

1, 6, 13, 0, 36.5754, 33.67, 0.260, 1.384, 0.004

0, 6, 12, 1, 36.5754, 33.67, 0.380, 1.397, 0.004

1, 6, 13, 1, 36.5754, 33.67, 0.260, 1.387, 0.004

0, 6, 12, 2, 36.5754, 33.67, 0.360, 1.392, 0.004

1, 6, 13, 2, 36.5754, 33.67, 0.260, 1.383, 0.004

0, 6, 12, 3, 36.5754, 33.67, 0.370, 1.385, 0.004

1, 6, 13, 3, 36.5754, 33.67, 0.260, 1.377, 0.004

0, 6, 12, 4, 36.5754, 33.67, 0.380, 1.390, 0.004

1, 6, 13, 4, 36.5754, 33.67, 0.260, 1.382, 0.004

0, 6, 12, 0, 36.5754, 33.92, 0.350, 1.379, 0.004

1, 6, 13, 0, 36.5754, 33.92, 0.260, 1.375, 0.004

0, 6, 12, 1, 36.5754, 33.92, 0.370, 1.389, 0.004

1, 6, 13, 1, 36.5754, 33.92, 0.260, 1.385, 0.004

0, 6, 12, 2, 36.5754, 33.92, 0.370, 1.393, 0.004

1, 6, 13, 2, 36.5754, 33.92, 0.260, 1.387, 0.004

0, 6, 12, 3, 36.5754, 33.92, 0.360, 1.394, 0.004

1, 6, 13, 3, 36.5754, 33.92, 0.260, 1.372, 0.004

0, 6, 12, 4, 36.5754, 33.92, 0.360, 1.399, 0.004

1, 6, 13, 4, 36.5754, 33.92, 0.260, 1.388, 0.004

0, 6, 12, 0, 36.5754, 34.17, 0.320, 1.405, 0.004

1, 6, 13, 0, 36.5754, 34.17, 0.260, 1.386, 0.004

0, 6, 12, 1, 36.5754, 34.17, 0.330, 1.391, 0.004

1, 6, 13, 1, 36.5754, 34.17, 0.260, 1.384, 0.004

0, 6, 12, 2, 36.5754, 34.17, 0.330, 1.396, 0.004

1, 6, 13, 2, 36.5754, 34.17, 0.260, 1.387, 0.004

0, 6, 12, 3, 36.5754, 34.17, 0.330, 1.389, 0.004

1, 6, 13, 3, 36.5754, 34.17, 0.260, 1.381, 0.004

0, 6, 12, 4, 36.5754, 34.17, 0.330, 1.391, 0.004

1, 6, 13, 4, 36.5754, 34.17, 0.260, 1.382, 0.004

0, 6, 12, 0, 36.5754, 34.42, 0.290, 1.393, 0.004

1, 6, 13, 0, 36.5754, 34.42, 0.260, 1.383, 0.004

0, 6, 12, 1, 36.5754, 34.42, 0.290, 1.388, 0.004

1, 6, 13, 1, 36.5754, 34.42, 0.260, 1.386, 0.004

0, 6, 12, 2, 36.5754, 34.42, 0.290, 1.392, 0.004

1, 6, 13, 2, 36.5754, 34.42, 0.260, 1.381, 0.004

0, 6, 12, 3, 36.5754, 34.42, 0.280, 1.392, 0.004

1, 6, 13, 3, 36.5754, 34.42, 0.260, 1.386, 0.004

0, 6, 12, 4, 36.5754, 34.42, 0.290, 1.387, 0.004

1, 6, 13, 4, 36.5754, 34.42, 0.260, 1.380, 0.004

0, 6, 12, 0, 36.5754, 34.67, 0.270, 1.387, 0.004

1, 6, 13, 0, 36.5754, 34.67, 0.250, 1.378, 0.004

0, 6, 12, 1, 36.5754, 34.67, 0.260, 1.390, 0.004

1, 6, 13, 1, 36.5754, 34.67, 0.260, 1.385, 0.004

0, 6, 12, 2, 36.5754, 34.67, 0.260, 1.388, 0.004

1, 6, 13, 2, 36.5754, 34.67, 0.250, 1.384, 0.004

0, 6, 12, 3, 36.5754, 34.67, 0.270, 1.388, 0.004

1, 6, 13, 3, 36.5754, 34.67, 0.260, 1.388, 0.004

0, 6, 12, 4, 36.5754, 34.67, 0.260, 1.388, 0.004

1, 6, 13, 4, 36.5754, 34.67, 0.250, 1.384, 0.004

0, 6, 12, 0, 36.5754, 34.92, 0.250, 1.395, 0.004

1, 6, 13, 0, 36.5754, 34.92, 0.260, 1.381, 0.004

0, 6, 12, 1, 36.5754, 34.92, 0.260, 1.390, 0.004

1, 6, 13, 1, 36.5754, 34.92, 0.260, 1.388, 0.004

0, 6, 12, 2, 36.5754, 34.92, 0.260, 1.390, 0.004

1, 6, 13, 2, 36.5754, 34.92, 0.260, 1.376, 0.004

0, 6, 12, 3, 36.5754, 34.92, 0.260, 1.381, 0.004

1, 6, 13, 3, 36.5754, 34.92, 0.260, 1.374, 0.004

0, 6, 12, 4, 36.5754, 34.92, 0.260, 1.388, 0.004

1, 6, 13, 4, 36.5754, 34.92, 0.260, 1.386, 0.004

0, 6, 12, 0, 36.5754, 35.17, 0.260, 1.389, 0.004

1, 6, 13, 0, 36.5754, 35.17, 0.260, 1.386, 0.004

0, 6, 12, 1, 36.5754, 35.17, 0.260, 1.394, 0.004

1, 6, 13, 1, 36.5754, 35.17, 0.250, 1.387, 0.004

0, 6, 12, 2, 36.5754, 35.17, 0.260, 1.393, 0.004

1, 6, 13, 2, 36.5754, 35.17, 0.260, 1.381, 0.004

0, 6, 12, 3, 36.5754, 35.17, 0.250, 1.386, 0.004

1, 6, 13, 3, 36.5754, 35.17, 0.250, 1.381, 0.004

0, 6, 12, 4, 36.5754, 35.17, 0.250, 1.387, 0.004

1, 6, 13, 4, 36.5754, 35.17, 0.260, 1.381, 0.004

0, 6, 12, 0, 36.5754, 35.42, 0.260, 1.387, 0.004

1, 6, 13, 0, 36.5754, 35.42, 0.250, 1.381, 0.004

0, 6, 12, 1, 36.5754, 35.42, 0.260, 1.394, 0.004

1, 6, 13, 1, 36.5754, 35.42, 0.260, 1.389, 0.004

0, 6, 12, 2, 36.5754, 35.42, 0.260, 1.388, 0.004

1, 6, 13, 2, 36.5754, 35.42, 0.250, 1.382, 0.004

0, 6, 12, 3, 36.5754, 35.42, 0.260, 1.385, 0.004

1, 6, 13, 3, 36.5754, 35.42, 0.260, 1.378, 0.004

0, 6, 12, 4, 36.5754, 35.42, 0.260, 1.390, 0.004

1, 6, 13, 4, 36.5754, 35.42, 0.260, 1.385, 0.004

