Test Sector:
Device ID, Channel, Tile ID, trial, x, y, IMON, RMON, VCOMP
xorigincm, xfinalcm, xsteplengthcm, xsteps = 20.021, 20.021, 0, 59
yorigincm, yfinalcm, ysteplengthcm, nRepeat = 16.5281, 31.4719, 0.25, 5
0, 3, 6, 0, 0, 0, 0.290, 1.387, 0.004

1, 3, 7, 0, 0, 0, 0.230, 1.362, 0.004

0, 3, 6, 1, 0, 0, 0.290, 1.383, 0.004

1, 3, 7, 1, 0, 0, 0.230, 1.364, 0.004

0, 3, 6, 2, 0, 0, 0.290, 1.388, 0.004

1, 3, 7, 2, 0, 0, 0.220, 1.363, 0.004

0, 3, 6, 3, 0, 0, 0.290, 1.393, 0.004

1, 3, 7, 3, 0, 0, 0.220, 1.368, 0.004

0, 3, 6, 4, 0, 0, 0.290, 1.390, 0.004

1, 3, 7, 4, 0, 0, 0.220, 1.371, 0.004

0, 3, 6, 0, 20.021, 16.5281, 0.290, 1.392, 0.004

1, 3, 7, 0, 20.021, 16.5281, 0.230, 1.370, 0.004

0, 3, 6, 1, 20.021, 16.5281, 0.290, 1.395, 0.004

1, 3, 7, 1, 20.021, 16.5281, 0.230, 1.365, 0.004

0, 3, 6, 2, 20.021, 16.5281, 0.290, 1.386, 0.004

1, 3, 7, 2, 20.021, 16.5281, 0.230, 1.369, 0.004

0, 3, 6, 3, 20.021, 16.5281, 0.290, 1.386, 0.004

1, 3, 7, 3, 20.021, 16.5281, 0.230, 1.365, 0.004

0, 3, 6, 4, 20.021, 16.5281, 0.290, 1.390, 0.004

1, 3, 7, 4, 20.021, 16.5281, 0.230, 1.363, 0.004

0, 3, 6, 0, 20.021, 16.7781, 0.290, 1.386, 0.004

1, 3, 7, 0, 20.021, 16.7781, 0.230, 1.368, 0.004

0, 3, 6, 1, 20.021, 16.7781, 0.300, 1.379, 0.004

1, 3, 7, 1, 20.021, 16.7781, 0.230, 1.372, 0.004

0, 3, 6, 2, 20.021, 16.7781, 0.300, 1.394, 0.004

1, 3, 7, 2, 20.021, 16.7781, 0.230, 1.376, 0.004

0, 3, 6, 3, 20.021, 16.7781, 0.300, 1.376, 0.004

1, 3, 7, 3, 20.021, 16.7781, 0.230, 1.367, 0.004

0, 3, 6, 4, 20.021, 16.7781, 0.300, 1.384, 0.004

1, 3, 7, 4, 20.021, 16.7781, 0.230, 1.367, 0.004

0, 3, 6, 0, 20.021, 17.0281, 0.290, 1.381, 0.004

1, 3, 7, 0, 20.021, 17.0281, 0.230, 1.362, 0.004

0, 3, 6, 1, 20.021, 17.0281, 0.290, 1.385, 0.004

1, 3, 7, 1, 20.021, 17.0281, 0.230, 1.358, 0.004

0, 3, 6, 2, 20.021, 17.0281, 0.290, 1.382, 0.004

1, 3, 7, 2, 20.021, 17.0281, 0.230, 1.369, 0.004

0, 3, 6, 3, 20.021, 17.0281, 0.290, 1.393, 0.004

1, 3, 7, 3, 20.021, 17.0281, 0.230, 1.371, 0.004

0, 3, 6, 4, 20.021, 17.0281, 0.300, 1.389, 0.004

1, 3, 7, 4, 20.021, 17.0281, 0.230, 1.366, 0.004

0, 3, 6, 0, 20.021, 17.2781, 0.290, 1.395, 0.004

1, 3, 7, 0, 20.021, 17.2781, 0.230, 1.366, 0.004

0, 3, 6, 1, 20.021, 17.2781, 0.300, 1.391, 0.004

1, 3, 7, 1, 20.021, 17.2781, 0.230, 1.370, 0.004

0, 3, 6, 2, 20.021, 17.2781, 0.290, 1.395, 0.004

1, 3, 7, 2, 20.021, 17.2781, 0.230, 1.371, 0.004

0, 3, 6, 3, 20.021, 17.2781, 0.290, 1.397, 0.004

1, 3, 7, 3, 20.021, 17.2781, 0.220, 1.361, 0.004

0, 3, 6, 4, 20.021, 17.2781, 0.300, 1.378, 0.004

1, 3, 7, 4, 20.021, 17.2781, 0.230, 1.364, 0.004

0, 3, 6, 0, 20.021, 17.5281, 0.290, 1.390, 0.004

1, 3, 7, 0, 20.021, 17.5281, 0.230, 1.366, 0.004

0, 3, 6, 1, 20.021, 17.5281, 0.290, 1.391, 0.004

1, 3, 7, 1, 20.021, 17.5281, 0.230, 1.367, 0.004

0, 3, 6, 2, 20.021, 17.5281, 0.290, 1.386, 0.004

1, 3, 7, 2, 20.021, 17.5281, 0.230, 1.365, 0.004

0, 3, 6, 3, 20.021, 17.5281, 0.290, 1.397, 0.004

1, 3, 7, 3, 20.021, 17.5281, 0.230, 1.366, 0.004

0, 3, 6, 4, 20.021, 17.5281, 0.290, 1.383, 0.004

1, 3, 7, 4, 20.021, 17.5281, 0.230, 1.362, 0.004

0, 3, 6, 0, 20.021, 17.7781, 0.290, 1.387, 0.004

1, 3, 7, 0, 20.021, 17.7781, 0.230, 1.364, 0.004

0, 3, 6, 1, 20.021, 17.7781, 0.290, 1.379, 0.004

1, 3, 7, 1, 20.021, 17.7781, 0.230, 1.365, 0.004

0, 3, 6, 2, 20.021, 17.7781, 0.290, 1.381, 0.004

1, 3, 7, 2, 20.021, 17.7781, 0.230, 1.366, 0.004

0, 3, 6, 3, 20.021, 17.7781, 0.290, 1.388, 0.004

1, 3, 7, 3, 20.021, 17.7781, 0.230, 1.371, 0.004

0, 3, 6, 4, 20.021, 17.7781, 0.300, 1.397, 0.004

1, 3, 7, 4, 20.021, 17.7781, 0.230, 1.374, 0.004

0, 3, 6, 0, 20.021, 18.0281, 0.290, 1.393, 0.004

1, 3, 7, 0, 20.021, 18.0281, 0.230, 1.365, 0.004

0, 3, 6, 1, 20.021, 18.0281, 0.300, 1.383, 0.004

1, 3, 7, 1, 20.021, 18.0281, 0.240, 1.366, 0.004

0, 3, 6, 2, 20.021, 18.0281, 0.300, 1.392, 0.004

1, 3, 7, 2, 20.021, 18.0281, 0.230, 1.365, 0.004

0, 3, 6, 3, 20.021, 18.0281, 0.300, 1.387, 0.004

1, 3, 7, 3, 20.021, 18.0281, 0.230, 1.365, 0.004

0, 3, 6, 4, 20.021, 18.0281, 0.300, 1.393, 0.004

1, 3, 7, 4, 20.021, 18.0281, 0.230, 1.371, 0.004

0, 3, 6, 0, 20.021, 18.2781, 0.290, 1.384, 0.004

1, 3, 7, 0, 20.021, 18.2781, 0.250, 1.367, 0.004

0, 3, 6, 1, 20.021, 18.2781, 0.290, 1.388, 0.004

1, 3, 7, 1, 20.021, 18.2781, 0.250, 1.370, 0.004

0, 3, 6, 2, 20.021, 18.2781, 0.290, 1.398, 0.004

1, 3, 7, 2, 20.021, 18.2781, 0.250, 1.366, 0.004

0, 3, 6, 3, 20.021, 18.2781, 0.290, 1.390, 0.004

1, 3, 7, 3, 20.021, 18.2781, 0.250, 1.375, 0.004

0, 3, 6, 4, 20.021, 18.2781, 0.290, 1.380, 0.004

1, 3, 7, 4, 20.021, 18.2781, 0.260, 1.357, 0.004

0, 3, 6, 0, 20.021, 18.5281, 0.300, 1.400, 0.004

1, 3, 7, 0, 20.021, 18.5281, 0.300, 1.378, 0.004

0, 3, 6, 1, 20.021, 18.5281, 0.290, 1.383, 0.004

1, 3, 7, 1, 20.021, 18.5281, 0.280, 1.355, 0.004

0, 3, 6, 2, 20.021, 18.5281, 0.290, 1.389, 0.004

1, 3, 7, 2, 20.021, 18.5281, 0.290, 1.364, 0.004

0, 3, 6, 3, 20.021, 18.5281, 0.290, 1.384, 0.004

1, 3, 7, 3, 20.021, 18.5281, 0.290, 1.365, 0.004

0, 3, 6, 4, 20.021, 18.5281, 0.290, 1.386, 0.004

1, 3, 7, 4, 20.021, 18.5281, 0.300, 1.362, 0.004

0, 3, 6, 0, 20.021, 18.7781, 0.300, 1.383, 0.004

1, 3, 7, 0, 20.021, 18.7781, 0.330, 1.378, 0.004

0, 3, 6, 1, 20.021, 18.7781, 0.300, 1.386, 0.004

1, 3, 7, 1, 20.021, 18.7781, 0.340, 1.371, 0.004

0, 3, 6, 2, 20.021, 18.7781, 0.290, 1.389, 0.004

1, 3, 7, 2, 20.021, 18.7781, 0.330, 1.351, 0.004

0, 3, 6, 3, 20.021, 18.7781, 0.290, 1.399, 0.004

1, 3, 7, 3, 20.021, 18.7781, 0.330, 1.369, 0.004

0, 3, 6, 4, 20.021, 18.7781, 0.300, 1.391, 0.004

1, 3, 7, 4, 20.021, 18.7781, 0.330, 1.371, 0.004

0, 3, 6, 0, 20.021, 19.0281, 0.300, 1.388, 0.004

1, 3, 7, 0, 20.021, 19.0281, 0.390, 1.379, 0.004

0, 3, 6, 1, 20.021, 19.0281, 0.300, 1.391, 0.004

1, 3, 7, 1, 20.021, 19.0281, 0.380, 1.371, 0.004

0, 3, 6, 2, 20.021, 19.0281, 0.300, 1.385, 0.004

1, 3, 7, 2, 20.021, 19.0281, 0.370, 1.368, 0.004

0, 3, 6, 3, 20.021, 19.0281, 0.290, 1.392, 0.004

1, 3, 7, 3, 20.021, 19.0281, 0.370, 1.350, 0.004

0, 3, 6, 4, 20.021, 19.0281, 0.300, 1.378, 0.004

1, 3, 7, 4, 20.021, 19.0281, 0.380, 1.373, 0.004

0, 3, 6, 0, 20.021, 19.2781, 0.300, 1.396, 0.004

1, 3, 7, 0, 20.021, 19.2781, 0.380, 1.365, 0.004

0, 3, 6, 1, 20.021, 19.2781, 0.300, 1.383, 0.004

1, 3, 7, 1, 20.021, 19.2781, 0.400, 1.371, 0.004

0, 3, 6, 2, 20.021, 19.2781, 0.290, 1.389, 0.004

1, 3, 7, 2, 20.021, 19.2781, 0.400, 1.363, 0.004

0, 3, 6, 3, 20.021, 19.2781, 0.300, 1.390, 0.004

1, 3, 7, 3, 20.021, 19.2781, 0.390, 1.380, 0.004

0, 3, 6, 4, 20.021, 19.2781, 0.300, 1.390, 0.004

1, 3, 7, 4, 20.021, 19.2781, 0.410, 1.357, 0.004

0, 3, 6, 0, 20.021, 19.5281, 0.290, 1.385, 0.004

1, 3, 7, 0, 20.021, 19.5281, 0.410, 1.355, 0.004

0, 3, 6, 1, 20.021, 19.5281, 0.290, 1.395, 0.004

1, 3, 7, 1, 20.021, 19.5281, 0.420, 1.365, 0.004

0, 3, 6, 2, 20.021, 19.5281, 0.290, 1.397, 0.004

1, 3, 7, 2, 20.021, 19.5281, 0.420, 1.362, 0.004

0, 3, 6, 3, 20.021, 19.5281, 0.290, 1.398, 0.004

1, 3, 7, 3, 20.021, 19.5281, 0.430, 1.333, 0.004

0, 3, 6, 4, 20.021, 19.5281, 0.300, 1.394, 0.004

1, 3, 7, 4, 20.021, 19.5281, 0.410, 1.372, 0.004

0, 3, 6, 0, 20.021, 19.7781, 0.300, 1.390, 0.004

1, 3, 7, 0, 20.021, 19.7781, 0.420, 1.373, 0.004

0, 3, 6, 1, 20.021, 19.7781, 0.300, 1.381, 0.004

1, 3, 7, 1, 20.021, 19.7781, 0.420, 1.363, 0.004

0, 3, 6, 2, 20.021, 19.7781, 0.300, 1.387, 0.004

1, 3, 7, 2, 20.021, 19.7781, 0.420, 1.361, 0.004

0, 3, 6, 3, 20.021, 19.7781, 0.300, 1.393, 0.004

1, 3, 7, 3, 20.021, 19.7781, 0.430, 1.353, 0.004

0, 3, 6, 4, 20.021, 19.7781, 0.300, 1.391, 0.004

1, 3, 7, 4, 20.021, 19.7781, 0.420, 1.355, 0.004

0, 3, 6, 0, 20.021, 20.0281, 0.300, 1.391, 0.004

1, 3, 7, 0, 20.021, 20.0281, 0.430, 1.371, 0.004

0, 3, 6, 1, 20.021, 20.0281, 0.300, 1.395, 0.004

1, 3, 7, 1, 20.021, 20.0281, 0.410, 1.367, 0.004

0, 3, 6, 2, 20.021, 20.0281, 0.300, 1.391, 0.004

1, 3, 7, 2, 20.021, 20.0281, 0.440, 1.363, 0.004

0, 3, 6, 3, 20.021, 20.0281, 0.290, 1.398, 0.004

1, 3, 7, 3, 20.021, 20.0281, 0.430, 1.369, 0.004

0, 3, 6, 4, 20.021, 20.0281, 0.300, 1.388, 0.004

1, 3, 7, 4, 20.021, 20.0281, 0.430, 1.365, 0.004

0, 3, 6, 0, 20.021, 20.2781, 0.290, 1.393, 0.004

1, 3, 7, 0, 20.021, 20.2781, 0.430, 1.363, 0.004

0, 3, 6, 1, 20.021, 20.2781, 0.300, 1.385, 0.004

1, 3, 7, 1, 20.021, 20.2781, 0.450, 1.369, 0.004

0, 3, 6, 2, 20.021, 20.2781, 0.300, 1.392, 0.004

1, 3, 7, 2, 20.021, 20.2781, 0.430, 1.365, 0.004

0, 3, 6, 3, 20.021, 20.2781, 0.300, 1.386, 0.004

1, 3, 7, 3, 20.021, 20.2781, 0.430, 1.335, 0.004

0, 3, 6, 4, 20.021, 20.2781, 0.300, 1.387, 0.004

1, 3, 7, 4, 20.021, 20.2781, 0.420, 1.361, 0.004

0, 3, 6, 0, 20.021, 20.5281, 0.300, 1.384, 0.004

1, 3, 7, 0, 20.021, 20.5281, 0.430, 1.365, 0.004

0, 3, 6, 1, 20.021, 20.5281, 0.300, 1.394, 0.004

1, 3, 7, 1, 20.021, 20.5281, 0.430, 1.370, 0.004

0, 3, 6, 2, 20.021, 20.5281, 0.300, 1.389, 0.004

1, 3, 7, 2, 20.021, 20.5281, 0.440, 1.368, 0.004

0, 3, 6, 3, 20.021, 20.5281, 0.290, 1.393, 0.004

1, 3, 7, 3, 20.021, 20.5281, 0.420, 1.373, 0.004

0, 3, 6, 4, 20.021, 20.5281, 0.290, 1.399, 0.004

1, 3, 7, 4, 20.021, 20.5281, 0.420, 1.325, 0.004

0, 3, 6, 0, 20.021, 20.7781, 0.300, 1.380, 0.004

1, 3, 7, 0, 20.021, 20.7781, 0.410, 1.358, 0.004

0, 3, 6, 1, 20.021, 20.7781, 0.300, 1.394, 0.004

1, 3, 7, 1, 20.021, 20.7781, 0.430, 1.352, 0.004

0, 3, 6, 2, 20.021, 20.7781, 0.300, 1.393, 0.004

1, 3, 7, 2, 20.021, 20.7781, 0.430, 1.365, 0.004

0, 3, 6, 3, 20.021, 20.7781, 0.300, 1.395, 0.004

1, 3, 7, 3, 20.021, 20.7781, 0.430, 1.366, 0.004

0, 3, 6, 4, 20.021, 20.7781, 0.300, 1.382, 0.004

1, 3, 7, 4, 20.021, 20.7781, 0.420, 1.372, 0.004

0, 3, 6, 0, 20.021, 21.0281, 0.290, 1.390, 0.004

1, 3, 7, 0, 20.021, 21.0281, 0.440, 1.359, 0.004

0, 3, 6, 1, 20.021, 21.0281, 0.300, 1.378, 0.004

1, 3, 7, 1, 20.021, 21.0281, 0.430, 1.369, 0.004

0, 3, 6, 2, 20.021, 21.0281, 0.290, 1.386, 0.004

1, 3, 7, 2, 20.021, 21.0281, 0.420, 1.358, 0.004

0, 3, 6, 3, 20.021, 21.0281, 0.300, 1.391, 0.004

1, 3, 7, 3, 20.021, 21.0281, 0.410, 1.360, 0.004

0, 3, 6, 4, 20.021, 21.0281, 0.300, 1.392, 0.004

1, 3, 7, 4, 20.021, 21.0281, 0.430, 1.357, 0.004

0, 3, 6, 0, 20.021, 21.2781, 0.300, 1.390, 0.004

1, 3, 7, 0, 20.021, 21.2781, 0.430, 1.366, 0.004

0, 3, 6, 1, 20.021, 21.2781, 0.300, 1.391, 0.004

1, 3, 7, 1, 20.021, 21.2781, 0.420, 1.359, 0.004

0, 3, 6, 2, 20.021, 21.2781, 0.300, 1.391, 0.004

1, 3, 7, 2, 20.021, 21.2781, 0.410, 1.373, 0.004

0, 3, 6, 3, 20.021, 21.2781, 0.300, 1.393, 0.004

1, 3, 7, 3, 20.021, 21.2781, 0.420, 1.360, 0.004

0, 3, 6, 4, 20.021, 21.2781, 0.300, 1.386, 0.004

1, 3, 7, 4, 20.021, 21.2781, 0.420, 1.348, 0.004

0, 3, 6, 0, 20.021, 21.5281, 0.300, 1.395, 0.004

1, 3, 7, 0, 20.021, 21.5281, 0.420, 1.362, 0.004

0, 3, 6, 1, 20.021, 21.5281, 0.290, 1.376, 0.004

1, 3, 7, 1, 20.021, 21.5281, 0.410, 1.353, 0.004

0, 3, 6, 2, 20.021, 21.5281, 0.300, 1.395, 0.004

1, 3, 7, 2, 20.021, 21.5281, 0.420, 1.367, 0.004

0, 3, 6, 3, 20.021, 21.5281, 0.300, 1.396, 0.004

1, 3, 7, 3, 20.021, 21.5281, 0.410, 1.370, 0.004

0, 3, 6, 4, 20.021, 21.5281, 0.300, 1.382, 0.004

1, 3, 7, 4, 20.021, 21.5281, 0.420, 1.373, 0.004

0, 3, 6, 0, 0, 0, 0.290, 1.388, 0.004

1, 3, 7, 0, 0, 0, 0.220, 1.367, 0.004

0, 3, 6, 1, 0, 0, 0.300, 1.390, 0.004

1, 3, 7, 1, 0, 0, 0.220, 1.368, 0.004

0, 3, 6, 2, 0, 0, 0.290, 1.382, 0.004

1, 3, 7, 2, 0, 0, 0.230, 1.365, 0.004

0, 3, 6, 3, 0, 0, 0.290, 1.391, 0.004

1, 3, 7, 3, 0, 0, 0.230, 1.361, 0.004

0, 3, 6, 4, 0, 0, 0.290, 1.391, 0.004

1, 3, 7, 4, 0, 0, 0.220, 1.369, 0.004

0, 3, 6, 0, 20.021, 21.7781, 0.300, 1.385, 0.004

1, 3, 7, 0, 20.021, 21.7781, 0.410, 1.359, 0.004

0, 3, 6, 1, 20.021, 21.7781, 0.300, 1.387, 0.004

1, 3, 7, 1, 20.021, 21.7781, 0.410, 1.366, 0.004

0, 3, 6, 2, 20.021, 21.7781, 0.290, 1.391, 0.004

1, 3, 7, 2, 20.021, 21.7781, 0.420, 1.364, 0.004

0, 3, 6, 3, 20.021, 21.7781, 0.300, 1.392, 0.004

1, 3, 7, 3, 20.021, 21.7781, 0.410, 1.371, 0.004

0, 3, 6, 4, 20.021, 21.7781, 0.300, 1.379, 0.004

1, 3, 7, 4, 20.021, 21.7781, 0.410, 1.365, 0.004

0, 3, 6, 0, 20.021, 22.0281, 0.300, 1.387, 0.004

1, 3, 7, 0, 20.021, 22.0281, 0.400, 1.371, 0.004

0, 3, 6, 1, 20.021, 22.0281, 0.290, 1.388, 0.004

1, 3, 7, 1, 20.021, 22.0281, 0.390, 1.370, 0.004

0, 3, 6, 2, 20.021, 22.0281, 0.290, 1.394, 0.004

1, 3, 7, 2, 20.021, 22.0281, 0.410, 1.372, 0.004

0, 3, 6, 3, 20.021, 22.0281, 0.300, 1.396, 0.004

1, 3, 7, 3, 20.021, 22.0281, 0.380, 1.354, 0.004

0, 3, 6, 4, 20.021, 22.0281, 0.300, 1.392, 0.004

1, 3, 7, 4, 20.021, 22.0281, 0.400, 1.371, 0.004

0, 3, 6, 0, 20.021, 22.2781, 0.300, 1.381, 0.004

1, 3, 7, 0, 20.021, 22.2781, 0.410, 1.367, 0.004

0, 3, 6, 1, 20.021, 22.2781, 0.290, 1.395, 0.004

1, 3, 7, 1, 20.021, 22.2781, 0.400, 1.369, 0.004

0, 3, 6, 2, 20.021, 22.2781, 0.300, 1.392, 0.004

1, 3, 7, 2, 20.021, 22.2781, 0.400, 1.371, 0.004

0, 3, 6, 3, 20.021, 22.2781, 0.300, 1.379, 0.004

1, 3, 7, 3, 20.021, 22.2781, 0.390, 1.365, 0.004

0, 3, 6, 4, 20.021, 22.2781, 0.300, 1.386, 0.004

1, 3, 7, 4, 20.021, 22.2781, 0.390, 1.358, 0.004

0, 3, 6, 0, 20.021, 22.5281, 0.300, 1.383, 0.004

1, 3, 7, 0, 20.021, 22.5281, 0.390, 1.359, 0.004

0, 3, 6, 1, 20.021, 22.5281, 0.300, 1.392, 0.004

1, 3, 7, 1, 20.021, 22.5281, 0.390, 1.331, 0.004

0, 3, 6, 2, 20.021, 22.5281, 0.300, 1.387, 0.004

1, 3, 7, 2, 20.021, 22.5281, 0.390, 1.367, 0.004

0, 3, 6, 3, 20.021, 22.5281, 0.300, 1.394, 0.004

1, 3, 7, 3, 20.021, 22.5281, 0.390, 1.369, 0.004

0, 3, 6, 4, 20.021, 22.5281, 0.300, 1.389, 0.004

1, 3, 7, 4, 20.021, 22.5281, 0.390, 1.359, 0.004

0, 3, 6, 0, 20.021, 22.7781, 0.300, 1.385, 0.004

1, 3, 7, 0, 20.021, 22.7781, 0.380, 1.375, 0.004

0, 3, 6, 1, 20.021, 22.7781, 0.290, 1.391, 0.004

1, 3, 7, 1, 20.021, 22.7781, 0.380, 1.365, 0.004

0, 3, 6, 2, 20.021, 22.7781, 0.300, 1.393, 0.004

1, 3, 7, 2, 20.021, 22.7781, 0.380, 1.367, 0.004

0, 3, 6, 3, 20.021, 22.7781, 0.300, 1.384, 0.004

1, 3, 7, 3, 20.021, 22.7781, 0.380, 1.359, 0.004

0, 3, 6, 4, 20.021, 22.7781, 0.300, 1.392, 0.004

1, 3, 7, 4, 20.021, 22.7781, 0.380, 1.370, 0.004

0, 3, 6, 0, 20.021, 23.0281, 0.300, 1.387, 0.004

1, 3, 7, 0, 20.021, 23.0281, 0.360, 1.358, 0.004

0, 3, 6, 1, 20.021, 23.0281, 0.300, 1.391, 0.004

1, 3, 7, 1, 20.021, 23.0281, 0.350, 1.361, 0.004

0, 3, 6, 2, 20.021, 23.0281, 0.300, 1.387, 0.004

1, 3, 7, 2, 20.021, 23.0281, 0.350, 1.364, 0.004

0, 3, 6, 3, 20.021, 23.0281, 0.300, 1.390, 0.004

1, 3, 7, 3, 20.021, 23.0281, 0.360, 1.361, 0.004

0, 3, 6, 4, 20.021, 23.0281, 0.300, 1.387, 0.004

1, 3, 7, 4, 20.021, 23.0281, 0.350, 1.370, 0.004

0, 3, 6, 0, 20.021, 23.2781, 0.300, 1.390, 0.004

1, 3, 7, 0, 20.021, 23.2781, 0.340, 1.375, 0.004

0, 3, 6, 1, 20.021, 23.2781, 0.300, 1.387, 0.004

1, 3, 7, 1, 20.021, 23.2781, 0.330, 1.362, 0.004

0, 3, 6, 2, 20.021, 23.2781, 0.300, 1.384, 0.004

1, 3, 7, 2, 20.021, 23.2781, 0.340, 1.369, 0.004

0, 3, 6, 3, 20.021, 23.2781, 0.310, 1.387, 0.004

1, 3, 7, 3, 20.021, 23.2781, 0.330, 1.355, 0.004

0, 3, 6, 4, 20.021, 23.2781, 0.310, 1.395, 0.004

1, 3, 7, 4, 20.021, 23.2781, 0.340, 1.364, 0.004

0, 3, 6, 0, 20.021, 23.5281, 0.310, 1.396, 0.004

1, 3, 7, 0, 20.021, 23.5281, 0.310, 1.328, 0.004

0, 3, 6, 1, 20.021, 23.5281, 0.310, 1.387, 0.004

1, 3, 7, 1, 20.021, 23.5281, 0.300, 1.365, 0.004

0, 3, 6, 2, 20.021, 23.5281, 0.300, 1.391, 0.004

1, 3, 7, 2, 20.021, 23.5281, 0.290, 1.371, 0.004

0, 3, 6, 3, 20.021, 23.5281, 0.300, 1.383, 0.004

1, 3, 7, 3, 20.021, 23.5281, 0.300, 1.374, 0.004

0, 3, 6, 4, 20.021, 23.5281, 0.310, 1.385, 0.004

1, 3, 7, 4, 20.021, 23.5281, 0.300, 1.368, 0.004

0, 3, 6, 0, 20.021, 23.7781, 0.320, 1.401, 0.004

1, 3, 7, 0, 20.021, 23.7781, 0.270, 1.377, 0.004

0, 3, 6, 1, 20.021, 23.7781, 0.330, 1.386, 0.004

1, 3, 7, 1, 20.021, 23.7781, 0.260, 1.363, 0.004

0, 3, 6, 2, 20.021, 23.7781, 0.330, 1.385, 0.004

1, 3, 7, 2, 20.021, 23.7781, 0.260, 1.369, 0.004

0, 3, 6, 3, 20.021, 23.7781, 0.320, 1.390, 0.004

1, 3, 7, 3, 20.021, 23.7781, 0.260, 1.371, 0.004

0, 3, 6, 4, 20.021, 23.7781, 0.330, 1.381, 0.004

1, 3, 7, 4, 20.021, 23.7781, 0.260, 1.362, 0.004

0, 3, 6, 0, 20.021, 24.0281, 0.360, 1.387, 0.004

1, 3, 7, 0, 20.021, 24.0281, 0.240, 1.363, 0.004

0, 3, 6, 1, 20.021, 24.0281, 0.370, 1.399, 0.004

1, 3, 7, 1, 20.021, 24.0281, 0.240, 1.367, 0.004

0, 3, 6, 2, 20.021, 24.0281, 0.360, 1.388, 0.004

1, 3, 7, 2, 20.021, 24.0281, 0.240, 1.367, 0.004

0, 3, 6, 3, 20.021, 24.0281, 0.370, 1.391, 0.004

1, 3, 7, 3, 20.021, 24.0281, 0.240, 1.365, 0.004

0, 3, 6, 4, 20.021, 24.0281, 0.360, 1.402, 0.004

1, 3, 7, 4, 20.021, 24.0281, 0.240, 1.366, 0.004

0, 3, 6, 0, 20.021, 24.2781, 0.400, 1.391, 0.004

1, 3, 7, 0, 20.021, 24.2781, 0.240, 1.364, 0.004

0, 3, 6, 1, 20.021, 24.2781, 0.400, 1.391, 0.004

1, 3, 7, 1, 20.021, 24.2781, 0.240, 1.371, 0.004

0, 3, 6, 2, 20.021, 24.2781, 0.400, 1.391, 0.004

1, 3, 7, 2, 20.021, 24.2781, 0.240, 1.372, 0.004

0, 3, 6, 3, 20.021, 24.2781, 0.390, 1.388, 0.004

1, 3, 7, 3, 20.021, 24.2781, 0.240, 1.367, 0.004

0, 3, 6, 4, 20.021, 24.2781, 0.410, 1.389, 0.004

1, 3, 7, 4, 20.021, 24.2781, 0.240, 1.373, 0.004

0, 3, 6, 0, 20.021, 24.5281, 0.420, 1.387, 0.004

1, 3, 7, 0, 20.021, 24.5281, 0.240, 1.371, 0.004

0, 3, 6, 1, 20.021, 24.5281, 0.440, 1.390, 0.004

1, 3, 7, 1, 20.021, 24.5281, 0.240, 1.373, 0.004

0, 3, 6, 2, 20.021, 24.5281, 0.420, 1.387, 0.004

1, 3, 7, 2, 20.021, 24.5281, 0.240, 1.363, 0.004

0, 3, 6, 3, 20.021, 24.5281, 0.430, 1.391, 0.004

1, 3, 7, 3, 20.021, 24.5281, 0.230, 1.367, 0.004

0, 3, 6, 4, 20.021, 24.5281, 0.430, 1.380, 0.004

1, 3, 7, 4, 20.021, 24.5281, 0.240, 1.372, 0.004

0, 3, 6, 0, 20.021, 24.7781, 0.430, 1.385, 0.004

1, 3, 7, 0, 20.021, 24.7781, 0.230, 1.365, 0.004

0, 3, 6, 1, 20.021, 24.7781, 0.450, 1.385, 0.004

1, 3, 7, 1, 20.021, 24.7781, 0.230, 1.369, 0.004

0, 3, 6, 2, 20.021, 24.7781, 0.450, 1.390, 0.004

1, 3, 7, 2, 20.021, 24.7781, 0.230, 1.366, 0.004

0, 3, 6, 3, 20.021, 24.7781, 0.440, 1.378, 0.004

1, 3, 7, 3, 20.021, 24.7781, 0.230, 1.364, 0.004

0, 3, 6, 4, 20.021, 24.7781, 0.450, 1.380, 0.004

1, 3, 7, 4, 20.021, 24.7781, 0.230, 1.372, 0.004

0, 3, 6, 0, 20.021, 25.0281, 0.440, 1.389, 0.004

1, 3, 7, 0, 20.021, 25.0281, 0.230, 1.369, 0.004

0, 3, 6, 1, 20.021, 25.0281, 0.450, 1.382, 0.004

1, 3, 7, 1, 20.021, 25.0281, 0.230, 1.351, 0.004

0, 3, 6, 2, 20.021, 25.0281, 0.450, 1.394, 0.004

1, 3, 7, 2, 20.021, 25.0281, 0.230, 1.366, 0.004

0, 3, 6, 3, 20.021, 25.0281, 0.450, 1.382, 0.004

1, 3, 7, 3, 20.021, 25.0281, 0.230, 1.365, 0.004

0, 3, 6, 4, 20.021, 25.0281, 0.450, 1.385, 0.004

1, 3, 7, 4, 20.021, 25.0281, 0.230, 1.370, 0.004

0, 3, 6, 0, 20.021, 25.2781, 0.470, 1.400, 0.004

1, 3, 7, 0, 20.021, 25.2781, 0.230, 1.365, 0.004

0, 3, 6, 1, 20.021, 25.2781, 0.460, 1.380, 0.004

1, 3, 7, 1, 20.021, 25.2781, 0.230, 1.373, 0.004

0, 3, 6, 2, 20.021, 25.2781, 0.470, 1.343, 0.004

1, 3, 7, 2, 20.021, 25.2781, 0.230, 1.365, 0.004

0, 3, 6, 3, 20.021, 25.2781, 0.450, 1.393, 0.004

1, 3, 7, 3, 20.021, 25.2781, 0.230, 1.374, 0.004

0, 3, 6, 4, 20.021, 25.2781, 0.470, 1.387, 0.004

1, 3, 7, 4, 20.021, 25.2781, 0.230, 1.376, 0.004

0, 3, 6, 0, 20.021, 25.5281, 0.470, 1.380, 0.004

1, 3, 7, 0, 20.021, 25.5281, 0.230, 1.356, 0.004

0, 3, 6, 1, 20.021, 25.5281, 0.490, 1.390, 0.004

1, 3, 7, 1, 20.021, 25.5281, 0.230, 1.370, 0.004

0, 3, 6, 2, 20.021, 25.5281, 0.480, 1.382, 0.004

1, 3, 7, 2, 20.021, 25.5281, 0.230, 1.364, 0.004

0, 3, 6, 3, 20.021, 25.5281, 0.480, 1.389, 0.004

1, 3, 7, 3, 20.021, 25.5281, 0.230, 1.370, 0.004

0, 3, 6, 4, 20.021, 25.5281, 0.460, 1.385, 0.004

1, 3, 7, 4, 20.021, 25.5281, 0.230, 1.369, 0.004

0, 3, 6, 0, 20.021, 25.7781, 0.470, 1.380, 0.004

1, 3, 7, 0, 20.021, 25.7781, 0.230, 1.369, 0.004

0, 3, 6, 1, 20.021, 25.7781, 0.480, 1.385, 0.004

1, 3, 7, 1, 20.021, 25.7781, 0.230, 1.354, 0.004

0, 3, 6, 2, 20.021, 25.7781, 0.480, 1.388, 0.004

1, 3, 7, 2, 20.021, 25.7781, 0.230, 1.364, 0.004

0, 3, 6, 3, 20.021, 25.7781, 0.490, 1.386, 0.004

1, 3, 7, 3, 20.021, 25.7781, 0.230, 1.359, 0.004

0, 3, 6, 4, 20.021, 25.7781, 0.510, 1.390, 0.004

1, 3, 7, 4, 20.021, 25.7781, 0.240, 1.359, 0.004

0, 3, 6, 0, 20.021, 26.0281, 0.480, 1.390, 0.004

1, 3, 7, 0, 20.021, 26.0281, 0.230, 1.365, 0.004

0, 3, 6, 1, 20.021, 26.0281, 0.460, 1.392, 0.004

1, 3, 7, 1, 20.021, 26.0281, 0.230, 1.361, 0.004

0, 3, 6, 2, 20.021, 26.0281, 0.490, 1.388, 0.004

1, 3, 7, 2, 20.021, 26.0281, 0.230, 1.368, 0.004

0, 3, 6, 3, 20.021, 26.0281, 0.500, 1.390, 0.004

1, 3, 7, 3, 20.021, 26.0281, 0.240, 1.360, 0.004

0, 3, 6, 4, 20.021, 26.0281, 0.480, 1.391, 0.004

1, 3, 7, 4, 20.021, 26.0281, 0.240, 1.373, 0.004

0, 3, 6, 0, 20.021, 26.2781, 0.490, 1.386, 0.004

1, 3, 7, 0, 20.021, 26.2781, 0.230, 1.369, 0.004

0, 3, 6, 1, 20.021, 26.2781, 0.490, 1.389, 0.004

1, 3, 7, 1, 20.021, 26.2781, 0.230, 1.364, 0.004

0, 3, 6, 2, 20.021, 26.2781, 0.470, 1.394, 0.004

1, 3, 7, 2, 20.021, 26.2781, 0.230, 1.364, 0.004

0, 3, 6, 3, 20.021, 26.2781, 0.480, 1.377, 0.004

1, 3, 7, 3, 20.021, 26.2781, 0.230, 1.369, 0.004

0, 3, 6, 4, 20.021, 26.2781, 0.490, 1.389, 0.004

1, 3, 7, 4, 20.021, 26.2781, 0.240, 1.367, 0.004

0, 3, 6, 0, 20.021, 26.5281, 0.480, 1.392, 0.004

1, 3, 7, 0, 20.021, 26.5281, 0.230, 1.373, 0.004

0, 3, 6, 1, 20.021, 26.5281, 0.490, 1.389, 0.004

1, 3, 7, 1, 20.021, 26.5281, 0.230, 1.363, 0.004

0, 3, 6, 2, 20.021, 26.5281, 0.470, 1.397, 0.004

1, 3, 7, 2, 20.021, 26.5281, 0.230, 1.376, 0.004

0, 3, 6, 3, 20.021, 26.5281, 0.490, 1.394, 0.004

1, 3, 7, 3, 20.021, 26.5281, 0.230, 1.365, 0.004

0, 3, 6, 4, 20.021, 26.5281, 0.480, 1.390, 0.004

1, 3, 7, 4, 20.021, 26.5281, 0.230, 1.358, 0.004

0, 3, 6, 0, 0, 0, 0.290, 1.395, 0.004

1, 3, 7, 0, 0, 0, 0.230, 1.369, 0.004

0, 3, 6, 1, 0, 0, 0.290, 1.390, 0.004

1, 3, 7, 1, 0, 0, 0.230, 1.362, 0.004

0, 3, 6, 2, 0, 0, 0.290, 1.390, 0.004

1, 3, 7, 2, 0, 0, 0.230, 1.367, 0.004

0, 3, 6, 3, 0, 0, 0.290, 1.396, 0.004

1, 3, 7, 3, 0, 0, 0.220, 1.378, 0.004

0, 3, 6, 4, 0, 0, 0.290, 1.387, 0.004

1, 3, 7, 4, 0, 0, 0.220, 1.368, 0.004

0, 3, 6, 0, 20.021, 26.7781, 0.500, 1.372, 0.004

1, 3, 7, 0, 20.021, 26.7781, 0.230, 1.367, 0.004

0, 3, 6, 1, 20.021, 26.7781, 0.480, 1.385, 0.004

1, 3, 7, 1, 20.021, 26.7781, 0.230, 1.364, 0.004

0, 3, 6, 2, 20.021, 26.7781, 0.490, 1.387, 0.004

1, 3, 7, 2, 20.021, 26.7781, 0.230, 1.371, 0.004

0, 3, 6, 3, 20.021, 26.7781, 0.490, 1.377, 0.004

1, 3, 7, 3, 20.021, 26.7781, 0.230, 1.370, 0.004

0, 3, 6, 4, 20.021, 26.7781, 0.480, 1.389, 0.004

1, 3, 7, 4, 20.021, 26.7781, 0.230, 1.363, 0.004

0, 3, 6, 0, 20.021, 27.0281, 0.490, 1.384, 0.004

1, 3, 7, 0, 20.021, 27.0281, 0.230, 1.375, 0.004

0, 3, 6, 1, 20.021, 27.0281, 0.480, 1.386, 0.004

1, 3, 7, 1, 20.021, 27.0281, 0.230, 1.369, 0.004

0, 3, 6, 2, 20.021, 27.0281, 0.500, 1.388, 0.004

1, 3, 7, 2, 20.021, 27.0281, 0.230, 1.367, 0.004

0, 3, 6, 3, 20.021, 27.0281, 0.480, 1.386, 0.004

1, 3, 7, 3, 20.021, 27.0281, 0.230, 1.360, 0.004

0, 3, 6, 4, 20.021, 27.0281, 0.480, 1.391, 0.004

1, 3, 7, 4, 20.021, 27.0281, 0.230, 1.366, 0.004

0, 3, 6, 0, 20.021, 27.2781, 0.480, 1.395, 0.004

1, 3, 7, 0, 20.021, 27.2781, 0.230, 1.371, 0.004

0, 3, 6, 1, 20.021, 27.2781, 0.480, 1.377, 0.004

1, 3, 7, 1, 20.021, 27.2781, 0.230, 1.369, 0.004

0, 3, 6, 2, 20.021, 27.2781, 0.480, 1.394, 0.004

1, 3, 7, 2, 20.021, 27.2781, 0.230, 1.372, 0.004

0, 3, 6, 3, 20.021, 27.2781, 0.490, 1.396, 0.004

1, 3, 7, 3, 20.021, 27.2781, 0.230, 1.366, 0.004

0, 3, 6, 4, 20.021, 27.2781, 0.490, 1.399, 0.004

1, 3, 7, 4, 20.021, 27.2781, 0.230, 1.366, 0.004

0, 3, 6, 0, 20.021, 27.5281, 0.480, 1.390, 0.004

1, 3, 7, 0, 20.021, 27.5281, 0.230, 1.369, 0.004

0, 3, 6, 1, 20.021, 27.5281, 0.510, 1.386, 0.004

1, 3, 7, 1, 20.021, 27.5281, 0.230, 1.364, 0.004

0, 3, 6, 2, 20.021, 27.5281, 0.480, 1.399, 0.004

1, 3, 7, 2, 20.021, 27.5281, 0.230, 1.372, 0.004

0, 3, 6, 3, 20.021, 27.5281, 0.480, 1.392, 0.004

1, 3, 7, 3, 20.021, 27.5281, 0.230, 1.371, 0.004

0, 3, 6, 4, 20.021, 27.5281, 0.500, 1.383, 0.004

1, 3, 7, 4, 20.021, 27.5281, 0.230, 1.356, 0.004

0, 3, 6, 0, 20.021, 27.7781, 0.490, 1.374, 0.004

1, 3, 7, 0, 20.021, 27.7781, 0.240, 1.358, 0.004

0, 3, 6, 1, 20.021, 27.7781, 0.490, 1.396, 0.004

1, 3, 7, 1, 20.021, 27.7781, 0.230, 1.365, 0.004

0, 3, 6, 2, 20.021, 27.7781, 0.480, 1.388, 0.004

1, 3, 7, 2, 20.021, 27.7781, 0.230, 1.357, 0.004

0, 3, 6, 3, 20.021, 27.7781, 0.470, 1.392, 0.004

1, 3, 7, 3, 20.021, 27.7781, 0.230, 1.366, 0.004

0, 3, 6, 4, 20.021, 27.7781, 0.490, 1.386, 0.004

1, 3, 7, 4, 20.021, 27.7781, 0.230, 1.364, 0.004

0, 3, 6, 0, 20.021, 28.0281, 0.470, 1.394, 0.004

1, 3, 7, 0, 20.021, 28.0281, 0.230, 1.366, 0.004

0, 3, 6, 1, 20.021, 28.0281, 0.470, 1.387, 0.004

1, 3, 7, 1, 20.021, 28.0281, 0.230, 1.367, 0.004

0, 3, 6, 2, 20.021, 28.0281, 0.470, 1.397, 0.004

1, 3, 7, 2, 20.021, 28.0281, 0.230, 1.366, 0.004

0, 3, 6, 3, 20.021, 28.0281, 0.470, 1.389, 0.004

1, 3, 7, 3, 20.021, 28.0281, 0.230, 1.357, 0.004

0, 3, 6, 4, 20.021, 28.0281, 0.470, 1.385, 0.004

1, 3, 7, 4, 20.021, 28.0281, 0.240, 1.371, 0.004

0, 3, 6, 0, 20.021, 28.2781, 0.450, 1.384, 0.004

1, 3, 7, 0, 20.021, 28.2781, 0.230, 1.370, 0.004

0, 3, 6, 1, 20.021, 28.2781, 0.450, 1.383, 0.004

1, 3, 7, 1, 20.021, 28.2781, 0.230, 1.372, 0.004

0, 3, 6, 2, 20.021, 28.2781, 0.460, 1.407, 0.004

1, 3, 7, 2, 20.021, 28.2781, 0.230, 1.360, 0.004

0, 3, 6, 3, 20.021, 28.2781, 0.470, 1.389, 0.004

1, 3, 7, 3, 20.021, 28.2781, 0.230, 1.378, 0.004

0, 3, 6, 4, 20.021, 28.2781, 0.450, 1.393, 0.004

1, 3, 7, 4, 20.021, 28.2781, 0.230, 1.371, 0.004

0, 3, 6, 0, 20.021, 28.5281, 0.430, 1.391, 0.004

1, 3, 7, 0, 20.021, 28.5281, 0.230, 1.364, 0.004

0, 3, 6, 1, 20.021, 28.5281, 0.420, 1.393, 0.004

1, 3, 7, 1, 20.021, 28.5281, 0.230, 1.370, 0.004

0, 3, 6, 2, 20.021, 28.5281, 0.440, 1.387, 0.004

1, 3, 7, 2, 20.021, 28.5281, 0.230, 1.373, 0.004

0, 3, 6, 3, 20.021, 28.5281, 0.440, 1.384, 0.004

1, 3, 7, 3, 20.021, 28.5281, 0.230, 1.369, 0.004

0, 3, 6, 4, 20.021, 28.5281, 0.440, 1.393, 0.004

1, 3, 7, 4, 20.021, 28.5281, 0.230, 1.360, 0.004

0, 3, 6, 0, 20.021, 28.7781, 0.390, 1.388, 0.004

1, 3, 7, 0, 20.021, 28.7781, 0.230, 1.358, 0.004

0, 3, 6, 1, 20.021, 28.7781, 0.390, 1.394, 0.004

1, 3, 7, 1, 20.021, 28.7781, 0.230, 1.366, 0.004

0, 3, 6, 2, 20.021, 28.7781, 0.390, 1.387, 0.004

1, 3, 7, 2, 20.021, 28.7781, 0.230, 1.364, 0.004

0, 3, 6, 3, 20.021, 28.7781, 0.390, 1.389, 0.004

1, 3, 7, 3, 20.021, 28.7781, 0.230, 1.358, 0.004

0, 3, 6, 4, 20.021, 28.7781, 0.400, 1.394, 0.004

1, 3, 7, 4, 20.021, 28.7781, 0.220, 1.371, 0.004

0, 3, 6, 0, 20.021, 29.0281, 0.350, 1.390, 0.004

1, 3, 7, 0, 20.021, 29.0281, 0.230, 1.370, 0.004

0, 3, 6, 1, 20.021, 29.0281, 0.350, 1.382, 0.004

1, 3, 7, 1, 20.021, 29.0281, 0.230, 1.366, 0.004

0, 3, 6, 2, 20.021, 29.0281, 0.350, 1.392, 0.004

1, 3, 7, 2, 20.021, 29.0281, 0.230, 1.373, 0.004

0, 3, 6, 3, 20.021, 29.0281, 0.350, 1.394, 0.004

1, 3, 7, 3, 20.021, 29.0281, 0.230, 1.377, 0.004

0, 3, 6, 4, 20.021, 29.0281, 0.340, 1.384, 0.004

1, 3, 7, 4, 20.021, 29.0281, 0.220, 1.375, 0.004

0, 3, 6, 0, 20.021, 29.2781, 0.310, 1.398, 0.004

1, 3, 7, 0, 20.021, 29.2781, 0.230, 1.375, 0.004

0, 3, 6, 1, 20.021, 29.2781, 0.320, 1.388, 0.004

1, 3, 7, 1, 20.021, 29.2781, 0.230, 1.367, 0.004

0, 3, 6, 2, 20.021, 29.2781, 0.310, 1.401, 0.004

1, 3, 7, 2, 20.021, 29.2781, 0.220, 1.360, 0.004

0, 3, 6, 3, 20.021, 29.2781, 0.310, 1.389, 0.004

1, 3, 7, 3, 20.021, 29.2781, 0.230, 1.365, 0.004

0, 3, 6, 4, 20.021, 29.2781, 0.310, 1.384, 0.004

1, 3, 7, 4, 20.021, 29.2781, 0.230, 1.369, 0.004

0, 3, 6, 0, 20.021, 29.5281, 0.300, 1.387, 0.004

1, 3, 7, 0, 20.021, 29.5281, 0.220, 1.372, 0.004

0, 3, 6, 1, 20.021, 29.5281, 0.300, 1.389, 0.004

1, 3, 7, 1, 20.021, 29.5281, 0.220, 1.365, 0.004

0, 3, 6, 2, 20.021, 29.5281, 0.300, 1.386, 0.004

1, 3, 7, 2, 20.021, 29.5281, 0.220, 1.366, 0.004

0, 3, 6, 3, 20.021, 29.5281, 0.300, 1.389, 0.004

1, 3, 7, 3, 20.021, 29.5281, 0.230, 1.362, 0.004

0, 3, 6, 4, 20.021, 29.5281, 0.300, 1.394, 0.004

1, 3, 7, 4, 20.021, 29.5281, 0.230, 1.364, 0.004

0, 3, 6, 0, 20.021, 29.7781, 0.300, 1.387, 0.004

1, 3, 7, 0, 20.021, 29.7781, 0.230, 1.365, 0.004

0, 3, 6, 1, 20.021, 29.7781, 0.300, 1.383, 0.004

1, 3, 7, 1, 20.021, 29.7781, 0.230, 1.373, 0.004

0, 3, 6, 2, 20.021, 29.7781, 0.300, 1.390, 0.004

1, 3, 7, 2, 20.021, 29.7781, 0.220, 1.366, 0.004

0, 3, 6, 3, 20.021, 29.7781, 0.300, 1.394, 0.004

1, 3, 7, 3, 20.021, 29.7781, 0.230, 1.377, 0.004

0, 3, 6, 4, 20.021, 29.7781, 0.300, 1.379, 0.004

1, 3, 7, 4, 20.021, 29.7781, 0.230, 1.359, 0.004

0, 3, 6, 0, 20.021, 30.0281, 0.300, 1.385, 0.004

1, 3, 7, 0, 20.021, 30.0281, 0.230, 1.372, 0.004

0, 3, 6, 1, 20.021, 30.0281, 0.300, 1.392, 0.004

1, 3, 7, 1, 20.021, 30.0281, 0.220, 1.361, 0.004

0, 3, 6, 2, 20.021, 30.0281, 0.300, 1.386, 0.004

1, 3, 7, 2, 20.021, 30.0281, 0.230, 1.365, 0.004

0, 3, 6, 3, 20.021, 30.0281, 0.300, 1.389, 0.004

1, 3, 7, 3, 20.021, 30.0281, 0.230, 1.366, 0.004

0, 3, 6, 4, 20.021, 30.0281, 0.300, 1.396, 0.004

1, 3, 7, 4, 20.021, 30.0281, 0.220, 1.371, 0.004

0, 3, 6, 0, 20.021, 30.2781, 0.300, 1.376, 0.004

1, 3, 7, 0, 20.021, 30.2781, 0.230, 1.360, 0.004

0, 3, 6, 1, 20.021, 30.2781, 0.300, 1.390, 0.004

1, 3, 7, 1, 20.021, 30.2781, 0.220, 1.368, 0.004

0, 3, 6, 2, 20.021, 30.2781, 0.300, 1.384, 0.004

1, 3, 7, 2, 20.021, 30.2781, 0.230, 1.359, 0.004

0, 3, 6, 3, 20.021, 30.2781, 0.300, 1.380, 0.004

1, 3, 7, 3, 20.021, 30.2781, 0.230, 1.370, 0.004

0, 3, 6, 4, 20.021, 30.2781, 0.300, 1.389, 0.004

1, 3, 7, 4, 20.021, 30.2781, 0.230, 1.366, 0.004

0, 3, 6, 0, 20.021, 30.5281, 0.300, 1.391, 0.004

1, 3, 7, 0, 20.021, 30.5281, 0.230, 1.363, 0.004

0, 3, 6, 1, 20.021, 30.5281, 0.300, 1.386, 0.004

1, 3, 7, 1, 20.021, 30.5281, 0.220, 1.364, 0.004

0, 3, 6, 2, 20.021, 30.5281, 0.300, 1.385, 0.004

1, 3, 7, 2, 20.021, 30.5281, 0.230, 1.368, 0.004

0, 3, 6, 3, 20.021, 30.5281, 0.300, 1.387, 0.004

1, 3, 7, 3, 20.021, 30.5281, 0.220, 1.364, 0.004

0, 3, 6, 4, 20.021, 30.5281, 0.300, 1.381, 0.004

1, 3, 7, 4, 20.021, 30.5281, 0.230, 1.372, 0.004

0, 3, 6, 0, 20.021, 30.7781, 0.290, 1.389, 0.004

1, 3, 7, 0, 20.021, 30.7781, 0.230, 1.362, 0.004

0, 3, 6, 1, 20.021, 30.7781, 0.300, 1.397, 0.004

1, 3, 7, 1, 20.021, 30.7781, 0.220, 1.373, 0.004

0, 3, 6, 2, 20.021, 30.7781, 0.300, 1.388, 0.004

1, 3, 7, 2, 20.021, 30.7781, 0.220, 1.368, 0.004

0, 3, 6, 3, 20.021, 30.7781, 0.300, 1.380, 0.004

1, 3, 7, 3, 20.021, 30.7781, 0.220, 1.365, 0.004

0, 3, 6, 4, 20.021, 30.7781, 0.300, 1.394, 0.004

1, 3, 7, 4, 20.021, 30.7781, 0.230, 1.363, 0.004

0, 3, 6, 0, 20.021, 31.0281, 0.300, 1.382, 0.004

1, 3, 7, 0, 20.021, 31.0281, 0.220, 1.368, 0.004

0, 3, 6, 1, 20.021, 31.0281, 0.290, 1.398, 0.004

1, 3, 7, 1, 20.021, 31.0281, 0.230, 1.366, 0.004

0, 3, 6, 2, 20.021, 31.0281, 0.290, 1.387, 0.004

1, 3, 7, 2, 20.021, 31.0281, 0.230, 1.364, 0.004

0, 3, 6, 3, 20.021, 31.0281, 0.300, 1.384, 0.004

1, 3, 7, 3, 20.021, 31.0281, 0.230, 1.369, 0.004

0, 3, 6, 4, 20.021, 31.0281, 0.290, 1.382, 0.004

1, 3, 7, 4, 20.021, 31.0281, 0.230, 1.369, 0.004

