Test Sector:
Device ID, Channel, Tile ID, trial, x, y, IMON, RMON, VCOMP
xorigincm, xfinalcm, xsteplengthcm, xsteps = 69.6944, 69.6944, 0, 164
yorigincm, yfinalcm, ysteplengthcm, nRepeat = 3.45002, 44.55, 0.25, 5
0, 12, 24, 0, 0, 0, 0.330, 1.384, 0.004

1, 12, 25, 0, 0, 0, 0.230, 1.385, 0.004

0, 12, 24, 1, 0, 0, 0.320, 1.380, 0.004

1, 12, 25, 1, 0, 0, 0.220, 1.378, 0.004

0, 12, 24, 2, 0, 0, 0.330, 1.385, 0.004

1, 12, 25, 2, 0, 0, 0.230, 1.381, 0.004

0, 12, 24, 3, 0, 0, 0.320, 1.385, 0.004

1, 12, 25, 3, 0, 0, 0.230, 1.375, 0.004

0, 12, 24, 4, 0, 0, 0.320, 1.385, 0.004

1, 12, 25, 4, 0, 0, 0.230, 1.390, 0.004

0, 12, 24, 0, 69.6944, 3.45002, 0.330, 1.381, 0.004

1, 12, 25, 0, 69.6944, 3.45002, 0.230, 1.395, 0.004

0, 12, 24, 1, 69.6944, 3.45002, 0.330, 1.386, 0.004

1, 12, 25, 1, 69.6944, 3.45002, 0.230, 1.389, 0.004

0, 12, 24, 2, 69.6944, 3.45002, 0.330, 1.383, 0.004

1, 12, 25, 2, 69.6944, 3.45002, 0.230, 1.387, 0.004

0, 12, 24, 3, 69.6944, 3.45002, 0.330, 1.384, 0.004

1, 12, 25, 3, 69.6944, 3.45002, 0.230, 1.383, 0.004

0, 12, 24, 4, 69.6944, 3.45002, 0.330, 1.397, 0.004

1, 12, 25, 4, 69.6944, 3.45002, 0.230, 1.375, 0.004

0, 12, 24, 0, 69.6944, 3.70002, 0.330, 1.387, 0.004

1, 12, 25, 0, 69.6944, 3.70002, 0.230, 1.393, 0.004

0, 12, 24, 1, 69.6944, 3.70002, 0.330, 1.384, 0.004

1, 12, 25, 1, 69.6944, 3.70002, 0.230, 1.381, 0.004

0, 12, 24, 2, 69.6944, 3.70002, 0.330, 1.385, 0.004

1, 12, 25, 2, 69.6944, 3.70002, 0.230, 1.383, 0.004

0, 12, 24, 3, 69.6944, 3.70002, 0.330, 1.390, 0.004

1, 12, 25, 3, 69.6944, 3.70002, 0.230, 1.381, 0.004

0, 12, 24, 4, 69.6944, 3.70002, 0.330, 1.379, 0.004

1, 12, 25, 4, 69.6944, 3.70002, 0.230, 1.379, 0.004

0, 12, 24, 0, 69.6944, 3.95002, 0.330, 1.375, 0.004

1, 12, 25, 0, 69.6944, 3.95002, 0.240, 1.380, 0.004

0, 12, 24, 1, 69.6944, 3.95002, 0.330, 1.385, 0.004

1, 12, 25, 1, 69.6944, 3.95002, 0.230, 1.389, 0.004

0, 12, 24, 2, 69.6944, 3.95002, 0.330, 1.387, 0.004

1, 12, 25, 2, 69.6944, 3.95002, 0.230, 1.385, 0.004

0, 12, 24, 3, 69.6944, 3.95002, 0.330, 1.379, 0.004

1, 12, 25, 3, 69.6944, 3.95002, 0.230, 1.380, 0.004

0, 12, 24, 4, 69.6944, 3.95002, 0.330, 1.389, 0.004

1, 12, 25, 4, 69.6944, 3.95002, 0.230, 1.385, 0.004

0, 12, 24, 0, 69.6944, 4.20002, 0.330, 1.387, 0.004

1, 12, 25, 0, 69.6944, 4.20002, 0.230, 1.385, 0.004

0, 12, 24, 1, 69.6944, 4.20002, 0.340, 1.382, 0.004

1, 12, 25, 1, 69.6944, 4.20002, 0.240, 1.385, 0.004

0, 12, 24, 2, 69.6944, 4.20002, 0.330, 1.391, 0.004

1, 12, 25, 2, 69.6944, 4.20002, 0.240, 1.379, 0.004

0, 12, 24, 3, 69.6944, 4.20002, 0.330, 1.375, 0.004

1, 12, 25, 3, 69.6944, 4.20002, 0.240, 1.383, 0.004

0, 12, 24, 4, 69.6944, 4.20002, 0.330, 1.371, 0.004

1, 12, 25, 4, 69.6944, 4.20002, 0.240, 1.383, 0.004

0, 12, 24, 0, 69.6944, 4.45002, 0.330, 1.381, 0.004

1, 12, 25, 0, 69.6944, 4.45002, 0.280, 1.388, 0.004

0, 12, 24, 1, 69.6944, 4.45002, 0.330, 1.378, 0.004

1, 12, 25, 1, 69.6944, 4.45002, 0.270, 1.373, 0.004

0, 12, 24, 2, 69.6944, 4.45002, 0.330, 1.379, 0.004

1, 12, 25, 2, 69.6944, 4.45002, 0.270, 1.383, 0.004

0, 12, 24, 3, 69.6944, 4.45002, 0.330, 1.384, 0.004

1, 12, 25, 3, 69.6944, 4.45002, 0.280, 1.389, 0.004

0, 12, 24, 4, 69.6944, 4.45002, 0.330, 1.382, 0.004

1, 12, 25, 4, 69.6944, 4.45002, 0.280, 1.374, 0.004

0, 12, 24, 0, 69.6944, 4.70002, 0.330, 1.382, 0.004

1, 12, 25, 0, 69.6944, 4.70002, 0.320, 1.380, 0.004

0, 12, 24, 1, 69.6944, 4.70002, 0.330, 1.388, 0.004

1, 12, 25, 1, 69.6944, 4.70002, 0.340, 1.380, 0.004

0, 12, 24, 2, 69.6944, 4.70002, 0.330, 1.384, 0.004

1, 12, 25, 2, 69.6944, 4.70002, 0.320, 1.391, 0.004

0, 12, 24, 3, 69.6944, 4.70002, 0.330, 1.383, 0.004

1, 12, 25, 3, 69.6944, 4.70002, 0.330, 1.390, 0.004

0, 12, 24, 4, 69.6944, 4.70002, 0.330, 1.379, 0.004

1, 12, 25, 4, 69.6944, 4.70002, 0.330, 1.381, 0.004

0, 12, 24, 0, 69.6944, 4.95002, 0.330, 1.379, 0.004

1, 12, 25, 0, 69.6944, 4.95002, 0.390, 1.378, 0.004

0, 12, 24, 1, 69.6944, 4.95002, 0.330, 1.389, 0.004

1, 12, 25, 1, 69.6944, 4.95002, 0.380, 1.387, 0.004

0, 12, 24, 2, 69.6944, 4.95002, 0.330, 1.383, 0.004

1, 12, 25, 2, 69.6944, 4.95002, 0.380, 1.394, 0.004

0, 12, 24, 3, 69.6944, 4.95002, 0.330, 1.389, 0.004

1, 12, 25, 3, 69.6944, 4.95002, 0.400, 1.389, 0.004

0, 12, 24, 4, 69.6944, 4.95002, 0.330, 1.390, 0.004

1, 12, 25, 4, 69.6944, 4.95002, 0.390, 1.380, 0.004

0, 12, 24, 0, 69.6944, 5.20002, 0.330, 1.383, 0.004

1, 12, 25, 0, 69.6944, 5.20002, 0.430, 1.392, 0.004

0, 12, 24, 1, 69.6944, 5.20002, 0.320, 1.380, 0.004

1, 12, 25, 1, 69.6944, 5.20002, 0.420, 1.384, 0.004

0, 12, 24, 2, 69.6944, 5.20002, 0.320, 1.385, 0.004

1, 12, 25, 2, 69.6944, 5.20002, 0.420, 1.375, 0.004

0, 12, 24, 3, 69.6944, 5.20002, 0.320, 1.380, 0.004

1, 12, 25, 3, 69.6944, 5.20002, 0.420, 1.384, 0.004

0, 12, 24, 4, 69.6944, 5.20002, 0.320, 1.377, 0.004

1, 12, 25, 4, 69.6944, 5.20002, 0.420, 1.341, 0.004

0, 12, 24, 0, 69.6944, 5.45002, 0.320, 1.389, 0.004

1, 12, 25, 0, 69.6944, 5.45002, 0.430, 1.377, 0.004

0, 12, 24, 1, 69.6944, 5.45002, 0.330, 1.380, 0.004

1, 12, 25, 1, 69.6944, 5.45002, 0.430, 1.388, 0.004

0, 12, 24, 2, 69.6944, 5.45002, 0.320, 1.383, 0.004

1, 12, 25, 2, 69.6944, 5.45002, 0.440, 1.379, 0.004

0, 12, 24, 3, 69.6944, 5.45002, 0.330, 1.383, 0.004

1, 12, 25, 3, 69.6944, 5.45002, 0.430, 1.386, 0.004

0, 12, 24, 4, 69.6944, 5.45002, 0.330, 1.388, 0.004

1, 12, 25, 4, 69.6944, 5.45002, 0.430, 1.384, 0.004

0, 12, 24, 0, 69.6944, 5.70002, 0.330, 1.390, 0.004

1, 12, 25, 0, 69.6944, 5.70002, 0.440, 1.369, 0.004

0, 12, 24, 1, 69.6944, 5.70002, 0.330, 1.385, 0.004

1, 12, 25, 1, 69.6944, 5.70002, 0.450, 1.356, 0.004

0, 12, 24, 2, 69.6944, 5.70002, 0.330, 1.378, 0.004

1, 12, 25, 2, 69.6944, 5.70002, 0.430, 1.388, 0.004

0, 12, 24, 3, 69.6944, 5.70002, 0.330, 1.378, 0.004

1, 12, 25, 3, 69.6944, 5.70002, 0.440, 1.380, 0.004

0, 12, 24, 4, 69.6944, 5.70002, 0.320, 1.388, 0.004

1, 12, 25, 4, 69.6944, 5.70002, 0.430, 1.382, 0.004

0, 12, 24, 0, 69.6944, 5.95002, 0.330, 1.385, 0.004

1, 12, 25, 0, 69.6944, 5.95002, 0.420, 1.377, 0.004

0, 12, 24, 1, 69.6944, 5.95002, 0.330, 1.386, 0.004

1, 12, 25, 1, 69.6944, 5.95002, 0.420, 1.378, 0.004

0, 12, 24, 2, 69.6944, 5.95002, 0.330, 1.386, 0.004

1, 12, 25, 2, 69.6944, 5.95002, 0.420, 1.383, 0.004

0, 12, 24, 3, 69.6944, 5.95002, 0.330, 1.383, 0.004

1, 12, 25, 3, 69.6944, 5.95002, 0.420, 1.387, 0.004

0, 12, 24, 4, 69.6944, 5.95002, 0.330, 1.386, 0.004

1, 12, 25, 4, 69.6944, 5.95002, 0.430, 1.369, 0.004

0, 12, 24, 0, 69.6944, 6.20002, 0.330, 1.384, 0.004

1, 12, 25, 0, 69.6944, 6.20002, 0.410, 1.382, 0.004

0, 12, 24, 1, 69.6944, 6.20002, 0.330, 1.385, 0.004

1, 12, 25, 1, 69.6944, 6.20002, 0.430, 1.382, 0.004

0, 12, 24, 2, 69.6944, 6.20002, 0.330, 1.384, 0.004

1, 12, 25, 2, 69.6944, 6.20002, 0.430, 1.386, 0.004

0, 12, 24, 3, 69.6944, 6.20002, 0.330, 1.389, 0.004

1, 12, 25, 3, 69.6944, 6.20002, 0.420, 1.385, 0.004

0, 12, 24, 4, 69.6944, 6.20002, 0.320, 1.392, 0.004

1, 12, 25, 4, 69.6944, 6.20002, 0.420, 1.375, 0.004

0, 12, 24, 0, 69.6944, 6.45002, 0.320, 1.376, 0.004

1, 12, 25, 0, 69.6944, 6.45002, 0.430, 1.386, 0.004

0, 12, 24, 1, 69.6944, 6.45002, 0.320, 1.386, 0.004

1, 12, 25, 1, 69.6944, 6.45002, 0.420, 1.407, 0.004

0, 12, 24, 2, 69.6944, 6.45002, 0.320, 1.385, 0.004

1, 12, 25, 2, 69.6944, 6.45002, 0.430, 1.378, 0.004

0, 12, 24, 3, 69.6944, 6.45002, 0.330, 1.385, 0.004

1, 12, 25, 3, 69.6944, 6.45002, 0.440, 1.381, 0.004

0, 12, 24, 4, 69.6944, 6.45002, 0.330, 1.388, 0.004

1, 12, 25, 4, 69.6944, 6.45002, 0.430, 1.370, 0.004

0, 12, 24, 0, 69.6944, 6.70002, 0.320, 1.385, 0.004

1, 12, 25, 0, 69.6944, 6.70002, 0.410, 1.379, 0.004

0, 12, 24, 1, 69.6944, 6.70002, 0.320, 1.382, 0.004

1, 12, 25, 1, 69.6944, 6.70002, 0.430, 1.384, 0.004

0, 12, 24, 2, 69.6944, 6.70002, 0.320, 1.379, 0.004

1, 12, 25, 2, 69.6944, 6.70002, 0.430, 1.396, 0.004

0, 12, 24, 3, 69.6944, 6.70002, 0.330, 1.387, 0.004

1, 12, 25, 3, 69.6944, 6.70002, 0.420, 1.388, 0.004

0, 12, 24, 4, 69.6944, 6.70002, 0.330, 1.386, 0.004

1, 12, 25, 4, 69.6944, 6.70002, 0.420, 1.379, 0.004

0, 12, 24, 0, 69.6944, 6.95002, 0.330, 1.383, 0.004

1, 12, 25, 0, 69.6944, 6.95002, 0.440, 1.376, 0.004

0, 12, 24, 1, 69.6944, 6.95002, 0.330, 1.383, 0.004

1, 12, 25, 1, 69.6944, 6.95002, 0.430, 1.376, 0.004

0, 12, 24, 2, 69.6944, 6.95002, 0.330, 1.385, 0.004

1, 12, 25, 2, 69.6944, 6.95002, 0.430, 1.379, 0.004

0, 12, 24, 3, 69.6944, 6.95002, 0.330, 1.378, 0.004

1, 12, 25, 3, 69.6944, 6.95002, 0.440, 1.390, 0.004

0, 12, 24, 4, 69.6944, 6.95002, 0.330, 1.376, 0.004

1, 12, 25, 4, 69.6944, 6.95002, 0.440, 1.371, 0.004

0, 12, 24, 0, 69.6944, 7.20002, 0.330, 1.384, 0.004

1, 12, 25, 0, 69.6944, 7.20002, 0.440, 1.381, 0.004

0, 12, 24, 1, 69.6944, 7.20002, 0.320, 1.386, 0.004

1, 12, 25, 1, 69.6944, 7.20002, 0.430, 1.383, 0.004

0, 12, 24, 2, 69.6944, 7.20002, 0.320, 1.374, 0.004

1, 12, 25, 2, 69.6944, 7.20002, 0.420, 1.382, 0.004

0, 12, 24, 3, 69.6944, 7.20002, 0.330, 1.386, 0.004

1, 12, 25, 3, 69.6944, 7.20002, 0.420, 1.391, 0.004

0, 12, 24, 4, 69.6944, 7.20002, 0.330, 1.383, 0.004

1, 12, 25, 4, 69.6944, 7.20002, 0.430, 1.386, 0.004

0, 12, 24, 0, 69.6944, 7.45002, 0.320, 1.383, 0.004

1, 12, 25, 0, 69.6944, 7.45002, 0.430, 1.385, 0.004

0, 12, 24, 1, 69.6944, 7.45002, 0.330, 1.379, 0.004

1, 12, 25, 1, 69.6944, 7.45002, 0.440, 1.377, 0.004

0, 12, 24, 2, 69.6944, 7.45002, 0.320, 1.384, 0.004

1, 12, 25, 2, 69.6944, 7.45002, 0.420, 1.380, 0.004

0, 12, 24, 3, 69.6944, 7.45002, 0.330, 1.374, 0.004

1, 12, 25, 3, 69.6944, 7.45002, 0.440, 1.380, 0.004

0, 12, 24, 4, 69.6944, 7.45002, 0.320, 1.379, 0.004

1, 12, 25, 4, 69.6944, 7.45002, 0.450, 1.387, 0.004

0, 12, 24, 0, 69.6944, 7.70002, 0.320, 1.390, 0.004

1, 12, 25, 0, 69.6944, 7.70002, 0.430, 1.387, 0.004

0, 12, 24, 1, 69.6944, 7.70002, 0.330, 1.394, 0.004

1, 12, 25, 1, 69.6944, 7.70002, 0.440, 1.390, 0.004

0, 12, 24, 2, 69.6944, 7.70002, 0.330, 1.374, 0.004

1, 12, 25, 2, 69.6944, 7.70002, 0.440, 1.385, 0.004

0, 12, 24, 3, 69.6944, 7.70002, 0.330, 1.382, 0.004

1, 12, 25, 3, 69.6944, 7.70002, 0.440, 1.384, 0.004

0, 12, 24, 4, 69.6944, 7.70002, 0.330, 1.379, 0.004

1, 12, 25, 4, 69.6944, 7.70002, 0.440, 1.384, 0.004

0, 12, 24, 0, 69.6944, 7.95002, 0.320, 1.386, 0.004

1, 12, 25, 0, 69.6944, 7.95002, 0.430, 1.365, 0.004

0, 12, 24, 1, 69.6944, 7.95002, 0.330, 1.381, 0.004

1, 12, 25, 1, 69.6944, 7.95002, 0.430, 1.365, 0.004

0, 12, 24, 2, 69.6944, 7.95002, 0.320, 1.380, 0.004

1, 12, 25, 2, 69.6944, 7.95002, 0.440, 1.371, 0.004

0, 12, 24, 3, 69.6944, 7.95002, 0.320, 1.384, 0.004

1, 12, 25, 3, 69.6944, 7.95002, 0.420, 1.390, 0.004

0, 12, 24, 4, 69.6944, 7.95002, 0.330, 1.386, 0.004

1, 12, 25, 4, 69.6944, 7.95002, 0.420, 1.381, 0.004

0, 12, 24, 0, 69.6944, 8.20002, 0.330, 1.382, 0.004

1, 12, 25, 0, 69.6944, 8.20002, 0.440, 1.390, 0.004

0, 12, 24, 1, 69.6944, 8.20002, 0.320, 1.379, 0.004

1, 12, 25, 1, 69.6944, 8.20002, 0.450, 1.380, 0.004

0, 12, 24, 2, 69.6944, 8.20002, 0.320, 1.382, 0.004

1, 12, 25, 2, 69.6944, 8.20002, 0.440, 1.366, 0.004

0, 12, 24, 3, 69.6944, 8.20002, 0.320, 1.377, 0.004

1, 12, 25, 3, 69.6944, 8.20002, 0.450, 1.378, 0.004

0, 12, 24, 4, 69.6944, 8.20002, 0.320, 1.383, 0.004

1, 12, 25, 4, 69.6944, 8.20002, 0.440, 1.384, 0.004

0, 12, 24, 0, 69.6944, 8.45002, 0.330, 1.385, 0.004

1, 12, 25, 0, 69.6944, 8.45002, 0.430, 1.384, 0.004

0, 12, 24, 1, 69.6944, 8.45002, 0.320, 1.384, 0.004

1, 12, 25, 1, 69.6944, 8.45002, 0.440, 1.385, 0.004

0, 12, 24, 2, 69.6944, 8.45002, 0.320, 1.386, 0.004

1, 12, 25, 2, 69.6944, 8.45002, 0.420, 1.404, 0.004

0, 12, 24, 3, 69.6944, 8.45002, 0.320, 1.387, 0.004

1, 12, 25, 3, 69.6944, 8.45002, 0.430, 1.380, 0.004

0, 12, 24, 4, 69.6944, 8.45002, 0.320, 1.382, 0.004

1, 12, 25, 4, 69.6944, 8.45002, 0.430, 1.386, 0.004

0, 12, 24, 0, 0, 0, 0.330, 1.384, 0.004

1, 12, 25, 0, 0, 0, 0.230, 1.386, 0.004

0, 12, 24, 1, 0, 0, 0.330, 1.381, 0.004

1, 12, 25, 1, 0, 0, 0.220, 1.382, 0.004

0, 12, 24, 2, 0, 0, 0.330, 1.372, 0.004

1, 12, 25, 2, 0, 0, 0.230, 1.382, 0.004

0, 12, 24, 3, 0, 0, 0.330, 1.379, 0.004

1, 12, 25, 3, 0, 0, 0.230, 1.389, 0.004

0, 12, 24, 4, 0, 0, 0.330, 1.383, 0.004

1, 12, 25, 4, 0, 0, 0.230, 1.388, 0.004

0, 12, 24, 0, 69.6944, 8.70002, 0.330, 1.391, 0.004

1, 12, 25, 0, 69.6944, 8.70002, 0.430, 1.378, 0.004

0, 12, 24, 1, 69.6944, 8.70002, 0.330, 1.383, 0.004

1, 12, 25, 1, 69.6944, 8.70002, 0.420, 1.389, 0.004

0, 12, 24, 2, 69.6944, 8.70002, 0.330, 1.384, 0.004

1, 12, 25, 2, 69.6944, 8.70002, 0.430, 1.378, 0.004

0, 12, 24, 3, 69.6944, 8.70002, 0.330, 1.390, 0.004

1, 12, 25, 3, 69.6944, 8.70002, 0.440, 1.393, 0.004

0, 12, 24, 4, 69.6944, 8.70002, 0.330, 1.383, 0.004

1, 12, 25, 4, 69.6944, 8.70002, 0.430, 1.389, 0.004

0, 12, 24, 0, 69.6944, 8.95002, 0.330, 1.386, 0.004

1, 12, 25, 0, 69.6944, 8.95002, 0.440, 1.379, 0.004

0, 12, 24, 1, 69.6944, 8.95002, 0.330, 1.376, 0.004

1, 12, 25, 1, 69.6944, 8.95002, 0.430, 1.380, 0.004

0, 12, 24, 2, 69.6944, 8.95002, 0.330, 1.385, 0.004

1, 12, 25, 2, 69.6944, 8.95002, 0.430, 1.380, 0.004

0, 12, 24, 3, 69.6944, 8.95002, 0.330, 1.385, 0.004

1, 12, 25, 3, 69.6944, 8.95002, 0.440, 1.303, 0.004

0, 12, 24, 4, 69.6944, 8.95002, 0.330, 1.386, 0.004

1, 12, 25, 4, 69.6944, 8.95002, 0.430, 1.357, 0.004

0, 12, 24, 0, 69.6944, 9.20002, 0.330, 1.384, 0.004

1, 12, 25, 0, 69.6944, 9.20002, 0.440, 1.388, 0.004

0, 12, 24, 1, 69.6944, 9.20002, 0.330, 1.382, 0.004

1, 12, 25, 1, 69.6944, 9.20002, 0.430, 1.386, 0.004

0, 12, 24, 2, 69.6944, 9.20002, 0.320, 1.389, 0.004

1, 12, 25, 2, 69.6944, 9.20002, 0.440, 1.380, 0.004

0, 12, 24, 3, 69.6944, 9.20002, 0.330, 1.392, 0.004

1, 12, 25, 3, 69.6944, 9.20002, 0.450, 1.391, 0.004

0, 12, 24, 4, 69.6944, 9.20002, 0.330, 1.388, 0.004

1, 12, 25, 4, 69.6944, 9.20002, 0.450, 1.389, 0.004

0, 12, 24, 0, 69.6944, 9.45002, 0.330, 1.381, 0.004

1, 12, 25, 0, 69.6944, 9.45002, 0.440, 1.378, 0.004

0, 12, 24, 1, 69.6944, 9.45002, 0.330, 1.382, 0.004

1, 12, 25, 1, 69.6944, 9.45002, 0.440, 1.316, 0.004

0, 12, 24, 2, 69.6944, 9.45002, 0.330, 1.377, 0.004

1, 12, 25, 2, 69.6944, 9.45002, 0.440, 1.392, 0.004

0, 12, 24, 3, 69.6944, 9.45002, 0.330, 1.377, 0.004

1, 12, 25, 3, 69.6944, 9.45002, 0.460, 1.368, 0.004

0, 12, 24, 4, 69.6944, 9.45002, 0.330, 1.389, 0.004

1, 12, 25, 4, 69.6944, 9.45002, 0.420, 1.375, 0.004

0, 12, 24, 0, 69.6944, 9.70002, 0.330, 1.386, 0.004

1, 12, 25, 0, 69.6944, 9.70002, 0.420, 1.379, 0.004

0, 12, 24, 1, 69.6944, 9.70002, 0.330, 1.382, 0.004

1, 12, 25, 1, 69.6944, 9.70002, 0.440, 1.375, 0.004

0, 12, 24, 2, 69.6944, 9.70002, 0.330, 1.382, 0.004

1, 12, 25, 2, 69.6944, 9.70002, 0.440, 1.381, 0.004

0, 12, 24, 3, 69.6944, 9.70002, 0.330, 1.387, 0.004

1, 12, 25, 3, 69.6944, 9.70002, 0.440, 1.384, 0.004

0, 12, 24, 4, 69.6944, 9.70002, 0.330, 1.380, 0.004

1, 12, 25, 4, 69.6944, 9.70002, 0.420, 1.383, 0.004

0, 12, 24, 0, 69.6944, 9.95002, 0.330, 1.385, 0.004

1, 12, 25, 0, 69.6944, 9.95002, 0.430, 1.387, 0.004

0, 12, 24, 1, 69.6944, 9.95002, 0.340, 1.385, 0.004

1, 12, 25, 1, 69.6944, 9.95002, 0.420, 1.387, 0.004

0, 12, 24, 2, 69.6944, 9.95002, 0.330, 1.386, 0.004

1, 12, 25, 2, 69.6944, 9.95002, 0.430, 1.379, 0.004

0, 12, 24, 3, 69.6944, 9.95002, 0.330, 1.396, 0.004

1, 12, 25, 3, 69.6944, 9.95002, 0.450, 1.377, 0.004

0, 12, 24, 4, 69.6944, 9.95002, 0.330, 1.382, 0.004

1, 12, 25, 4, 69.6944, 9.95002, 0.420, 1.374, 0.004

0, 12, 24, 0, 69.6944, 10.2, 0.330, 1.385, 0.004

1, 12, 25, 0, 69.6944, 10.2, 0.420, 1.384, 0.004

0, 12, 24, 1, 69.6944, 10.2, 0.330, 1.387, 0.004

1, 12, 25, 1, 69.6944, 10.2, 0.430, 1.390, 0.004

0, 12, 24, 2, 69.6944, 10.2, 0.330, 1.379, 0.004

1, 12, 25, 2, 69.6944, 10.2, 0.430, 1.389, 0.004

0, 12, 24, 3, 69.6944, 10.2, 0.330, 1.387, 0.004

1, 12, 25, 3, 69.6944, 10.2, 0.430, 1.378, 0.004

0, 12, 24, 4, 69.6944, 10.2, 0.330, 1.382, 0.004

1, 12, 25, 4, 69.6944, 10.2, 0.430, 1.387, 0.004

0, 12, 24, 0, 69.6944, 10.45, 0.330, 1.381, 0.004

1, 12, 25, 0, 69.6944, 10.45, 0.440, 1.344, 0.004

0, 12, 24, 1, 69.6944, 10.45, 0.330, 1.381, 0.004

1, 12, 25, 1, 69.6944, 10.45, 0.420, 1.338, 0.004

0, 12, 24, 2, 69.6944, 10.45, 0.330, 1.384, 0.004

1, 12, 25, 2, 69.6944, 10.45, 0.410, 1.391, 0.004

0, 12, 24, 3, 69.6944, 10.45, 0.330, 1.377, 0.004

1, 12, 25, 3, 69.6944, 10.45, 0.430, 1.388, 0.004

0, 12, 24, 4, 69.6944, 10.45, 0.330, 1.384, 0.004

1, 12, 25, 4, 69.6944, 10.45, 0.420, 1.374, 0.004

0, 12, 24, 0, 69.6944, 10.7, 0.330, 1.382, 0.004

1, 12, 25, 0, 69.6944, 10.7, 0.420, 1.373, 0.004

0, 12, 24, 1, 69.6944, 10.7, 0.330, 1.381, 0.004

1, 12, 25, 1, 69.6944, 10.7, 0.430, 1.389, 0.004

0, 12, 24, 2, 69.6944, 10.7, 0.330, 1.382, 0.004

1, 12, 25, 2, 69.6944, 10.7, 0.410, 1.364, 0.004

0, 12, 24, 3, 69.6944, 10.7, 0.330, 1.383, 0.004

1, 12, 25, 3, 69.6944, 10.7, 0.430, 1.393, 0.004

0, 12, 24, 4, 69.6944, 10.7, 0.330, 1.390, 0.004

1, 12, 25, 4, 69.6944, 10.7, 0.430, 1.376, 0.004

0, 12, 24, 0, 69.6944, 10.95, 0.330, 1.390, 0.004

1, 12, 25, 0, 69.6944, 10.95, 0.430, 1.394, 0.004

0, 12, 24, 1, 69.6944, 10.95, 0.330, 1.380, 0.004

1, 12, 25, 1, 69.6944, 10.95, 0.420, 1.378, 0.004

0, 12, 24, 2, 69.6944, 10.95, 0.330, 1.383, 0.004

1, 12, 25, 2, 69.6944, 10.95, 0.410, 1.371, 0.004

0, 12, 24, 3, 69.6944, 10.95, 0.330, 1.385, 0.004

1, 12, 25, 3, 69.6944, 10.95, 0.420, 1.378, 0.004

0, 12, 24, 4, 69.6944, 10.95, 0.330, 1.379, 0.004

1, 12, 25, 4, 69.6944, 10.95, 0.420, 1.382, 0.004

0, 12, 24, 0, 69.6944, 11.2, 0.330, 1.379, 0.004

1, 12, 25, 0, 69.6944, 11.2, 0.430, 1.344, 0.004

0, 12, 24, 1, 69.6944, 11.2, 0.330, 1.372, 0.004

1, 12, 25, 1, 69.6944, 11.2, 0.420, 1.385, 0.004

0, 12, 24, 2, 69.6944, 11.2, 0.330, 1.384, 0.004

1, 12, 25, 2, 69.6944, 11.2, 0.430, 1.379, 0.004

0, 12, 24, 3, 69.6944, 11.2, 0.330, 1.381, 0.004

1, 12, 25, 3, 69.6944, 11.2, 0.430, 1.379, 0.004

0, 12, 24, 4, 69.6944, 11.2, 0.330, 1.387, 0.004

1, 12, 25, 4, 69.6944, 11.2, 0.410, 1.383, 0.004

0, 12, 24, 0, 69.6944, 11.45, 0.330, 1.381, 0.004

1, 12, 25, 0, 69.6944, 11.45, 0.420, 1.381, 0.004

0, 12, 24, 1, 69.6944, 11.45, 0.330, 1.387, 0.004

1, 12, 25, 1, 69.6944, 11.45, 0.440, 1.378, 0.004

0, 12, 24, 2, 69.6944, 11.45, 0.330, 1.386, 0.004

1, 12, 25, 2, 69.6944, 11.45, 0.420, 1.382, 0.004

0, 12, 24, 3, 69.6944, 11.45, 0.330, 1.379, 0.004

1, 12, 25, 3, 69.6944, 11.45, 0.430, 1.390, 0.004

0, 12, 24, 4, 69.6944, 11.45, 0.330, 1.387, 0.004

1, 12, 25, 4, 69.6944, 11.45, 0.430, 1.372, 0.004

0, 12, 24, 0, 69.6944, 11.7, 0.330, 1.385, 0.004

1, 12, 25, 0, 69.6944, 11.7, 0.410, 1.384, 0.004

0, 12, 24, 1, 69.6944, 11.7, 0.330, 1.388, 0.004

1, 12, 25, 1, 69.6944, 11.7, 0.420, 1.385, 0.004

0, 12, 24, 2, 69.6944, 11.7, 0.330, 1.377, 0.004

1, 12, 25, 2, 69.6944, 11.7, 0.400, 1.380, 0.004

0, 12, 24, 3, 69.6944, 11.7, 0.330, 1.385, 0.004

1, 12, 25, 3, 69.6944, 11.7, 0.420, 1.400, 0.004

0, 12, 24, 4, 69.6944, 11.7, 0.330, 1.377, 0.004

1, 12, 25, 4, 69.6944, 11.7, 0.420, 1.390, 0.004

0, 12, 24, 0, 69.6944, 11.95, 0.330, 1.386, 0.004

1, 12, 25, 0, 69.6944, 11.95, 0.430, 1.377, 0.004

0, 12, 24, 1, 69.6944, 11.95, 0.330, 1.386, 0.004

1, 12, 25, 1, 69.6944, 11.95, 0.430, 1.381, 0.004

0, 12, 24, 2, 69.6944, 11.95, 0.330, 1.387, 0.004

1, 12, 25, 2, 69.6944, 11.95, 0.420, 1.396, 0.004

0, 12, 24, 3, 69.6944, 11.95, 0.330, 1.386, 0.004

1, 12, 25, 3, 69.6944, 11.95, 0.410, 1.379, 0.004

0, 12, 24, 4, 69.6944, 11.95, 0.330, 1.382, 0.004

1, 12, 25, 4, 69.6944, 11.95, 0.420, 1.372, 0.004

0, 12, 24, 0, 69.6944, 12.2, 0.330, 1.385, 0.004

1, 12, 25, 0, 69.6944, 12.2, 0.430, 1.395, 0.004

0, 12, 24, 1, 69.6944, 12.2, 0.330, 1.382, 0.004

1, 12, 25, 1, 69.6944, 12.2, 0.410, 1.387, 0.004

0, 12, 24, 2, 69.6944, 12.2, 0.330, 1.387, 0.004

1, 12, 25, 2, 69.6944, 12.2, 0.420, 1.380, 0.004

0, 12, 24, 3, 69.6944, 12.2, 0.330, 1.391, 0.004

1, 12, 25, 3, 69.6944, 12.2, 0.410, 1.376, 0.004

0, 12, 24, 4, 69.6944, 12.2, 0.330, 1.386, 0.004

1, 12, 25, 4, 69.6944, 12.2, 0.430, 1.376, 0.004

0, 12, 24, 0, 69.6944, 12.45, 0.330, 1.383, 0.004

1, 12, 25, 0, 69.6944, 12.45, 0.440, 1.368, 0.004

0, 12, 24, 1, 69.6944, 12.45, 0.330, 1.382, 0.004

1, 12, 25, 1, 69.6944, 12.45, 0.410, 1.373, 0.004

0, 12, 24, 2, 69.6944, 12.45, 0.330, 1.376, 0.004

1, 12, 25, 2, 69.6944, 12.45, 0.420, 1.382, 0.004

0, 12, 24, 3, 69.6944, 12.45, 0.330, 1.383, 0.004

1, 12, 25, 3, 69.6944, 12.45, 0.410, 1.359, 0.004

0, 12, 24, 4, 69.6944, 12.45, 0.330, 1.376, 0.004

1, 12, 25, 4, 69.6944, 12.45, 0.410, 1.388, 0.004

0, 12, 24, 0, 69.6944, 12.7, 0.330, 1.383, 0.004

1, 12, 25, 0, 69.6944, 12.7, 0.420, 1.378, 0.004

0, 12, 24, 1, 69.6944, 12.7, 0.330, 1.381, 0.004

1, 12, 25, 1, 69.6944, 12.7, 0.430, 1.386, 0.004

0, 12, 24, 2, 69.6944, 12.7, 0.330, 1.382, 0.004

1, 12, 25, 2, 69.6944, 12.7, 0.430, 1.380, 0.004

0, 12, 24, 3, 69.6944, 12.7, 0.330, 1.392, 0.004

1, 12, 25, 3, 69.6944, 12.7, 0.420, 1.387, 0.004

0, 12, 24, 4, 69.6944, 12.7, 0.330, 1.385, 0.004

1, 12, 25, 4, 69.6944, 12.7, 0.420, 1.382, 0.004

0, 12, 24, 0, 69.6944, 12.95, 0.330, 1.382, 0.004

1, 12, 25, 0, 69.6944, 12.95, 0.420, 1.379, 0.004

0, 12, 24, 1, 69.6944, 12.95, 0.330, 1.383, 0.004

1, 12, 25, 1, 69.6944, 12.95, 0.420, 1.382, 0.004

0, 12, 24, 2, 69.6944, 12.95, 0.340, 1.385, 0.004

1, 12, 25, 2, 69.6944, 12.95, 0.420, 1.391, 0.004

0, 12, 24, 3, 69.6944, 12.95, 0.330, 1.380, 0.004

1, 12, 25, 3, 69.6944, 12.95, 0.430, 1.383, 0.004

0, 12, 24, 4, 69.6944, 12.95, 0.330, 1.380, 0.004

1, 12, 25, 4, 69.6944, 12.95, 0.430, 1.377, 0.004

0, 12, 24, 0, 69.6944, 13.2, 0.330, 1.373, 0.004

1, 12, 25, 0, 69.6944, 13.2, 0.430, 1.397, 0.004

0, 12, 24, 1, 69.6944, 13.2, 0.330, 1.378, 0.004

1, 12, 25, 1, 69.6944, 13.2, 0.440, 1.378, 0.004

0, 12, 24, 2, 69.6944, 13.2, 0.330, 1.381, 0.004

1, 12, 25, 2, 69.6944, 13.2, 0.420, 1.388, 0.004

0, 12, 24, 3, 69.6944, 13.2, 0.340, 1.382, 0.004

1, 12, 25, 3, 69.6944, 13.2, 0.440, 1.382, 0.004

0, 12, 24, 4, 69.6944, 13.2, 0.330, 1.366, 0.004

1, 12, 25, 4, 69.6944, 13.2, 0.440, 1.384, 0.004

0, 12, 24, 0, 69.6944, 13.45, 0.330, 1.375, 0.004

1, 12, 25, 0, 69.6944, 13.45, 0.430, 1.384, 0.004

0, 12, 24, 1, 69.6944, 13.45, 0.330, 1.387, 0.004

1, 12, 25, 1, 69.6944, 13.45, 0.420, 1.378, 0.004

0, 12, 24, 2, 69.6944, 13.45, 0.330, 1.381, 0.004

1, 12, 25, 2, 69.6944, 13.45, 0.420, 1.387, 0.004

0, 12, 24, 3, 69.6944, 13.45, 0.330, 1.376, 0.004

1, 12, 25, 3, 69.6944, 13.45, 0.430, 1.393, 0.004

0, 12, 24, 4, 69.6944, 13.45, 0.330, 1.382, 0.004

1, 12, 25, 4, 69.6944, 13.45, 0.410, 1.383, 0.004

0, 12, 24, 0, 0, 0, 0.330, 1.389, 0.004

1, 12, 25, 0, 0, 0, 0.230, 1.388, 0.004

0, 12, 24, 1, 0, 0, 0.330, 1.386, 0.004

1, 12, 25, 1, 0, 0, 0.230, 1.389, 0.004

0, 12, 24, 2, 0, 0, 0.330, 1.377, 0.004

1, 12, 25, 2, 0, 0, 0.220, 1.386, 0.004

0, 12, 24, 3, 0, 0, 0.330, 1.385, 0.004

1, 12, 25, 3, 0, 0, 0.230, 1.383, 0.004

0, 12, 24, 4, 0, 0, 0.330, 1.383, 0.004

1, 12, 25, 4, 0, 0, 0.230, 1.376, 0.004

0, 12, 24, 0, 69.6944, 13.7, 0.330, 1.380, 0.004

1, 12, 25, 0, 69.6944, 13.7, 0.410, 1.379, 0.004

0, 12, 24, 1, 69.6944, 13.7, 0.330, 1.383, 0.004

1, 12, 25, 1, 69.6944, 13.7, 0.440, 1.381, 0.004

0, 12, 24, 2, 69.6944, 13.7, 0.330, 1.392, 0.004

1, 12, 25, 2, 69.6944, 13.7, 0.420, 1.363, 0.004

0, 12, 24, 3, 69.6944, 13.7, 0.330, 1.379, 0.004

1, 12, 25, 3, 69.6944, 13.7, 0.410, 1.379, 0.004

0, 12, 24, 4, 69.6944, 13.7, 0.330, 1.381, 0.004

1, 12, 25, 4, 69.6944, 13.7, 0.410, 1.384, 0.004

0, 12, 24, 0, 69.6944, 13.95, 0.330, 1.382, 0.004

1, 12, 25, 0, 69.6944, 13.95, 0.410, 1.379, 0.004

0, 12, 24, 1, 69.6944, 13.95, 0.330, 1.377, 0.004

1, 12, 25, 1, 69.6944, 13.95, 0.420, 1.381, 0.004

0, 12, 24, 2, 69.6944, 13.95, 0.330, 1.390, 0.004

1, 12, 25, 2, 69.6944, 13.95, 0.430, 1.375, 0.004

0, 12, 24, 3, 69.6944, 13.95, 0.330, 1.389, 0.004

1, 12, 25, 3, 69.6944, 13.95, 0.410, 1.386, 0.004

0, 12, 24, 4, 69.6944, 13.95, 0.330, 1.385, 0.004

1, 12, 25, 4, 69.6944, 13.95, 0.420, 1.380, 0.004

0, 12, 24, 0, 69.6944, 14.2, 0.330, 1.381, 0.004

1, 12, 25, 0, 69.6944, 14.2, 0.430, 1.379, 0.004

0, 12, 24, 1, 69.6944, 14.2, 0.330, 1.379, 0.004

1, 12, 25, 1, 69.6944, 14.2, 0.430, 1.389, 0.004

0, 12, 24, 2, 69.6944, 14.2, 0.320, 1.382, 0.004

1, 12, 25, 2, 69.6944, 14.2, 0.420, 1.388, 0.004

0, 12, 24, 3, 69.6944, 14.2, 0.330, 1.385, 0.004

1, 12, 25, 3, 69.6944, 14.2, 0.430, 1.364, 0.004

0, 12, 24, 4, 69.6944, 14.2, 0.330, 1.386, 0.004

1, 12, 25, 4, 69.6944, 14.2, 0.420, 1.383, 0.004

0, 12, 24, 0, 69.6944, 14.45, 0.330, 1.381, 0.004

1, 12, 25, 0, 69.6944, 14.45, 0.450, 1.378, 0.004

0, 12, 24, 1, 69.6944, 14.45, 0.330, 1.387, 0.004

1, 12, 25, 1, 69.6944, 14.45, 0.420, 1.374, 0.004

0, 12, 24, 2, 69.6944, 14.45, 0.330, 1.380, 0.004

1, 12, 25, 2, 69.6944, 14.45, 0.440, 1.375, 0.004

0, 12, 24, 3, 69.6944, 14.45, 0.320, 1.380, 0.004

1, 12, 25, 3, 69.6944, 14.45, 0.430, 1.379, 0.004

0, 12, 24, 4, 69.6944, 14.45, 0.330, 1.376, 0.004

1, 12, 25, 4, 69.6944, 14.45, 0.450, 1.385, 0.004

0, 12, 24, 0, 69.6944, 14.7, 0.330, 1.390, 0.004

1, 12, 25, 0, 69.6944, 14.7, 0.440, 1.371, 0.004

0, 12, 24, 1, 69.6944, 14.7, 0.330, 1.374, 0.004

1, 12, 25, 1, 69.6944, 14.7, 0.440, 1.383, 0.004

0, 12, 24, 2, 69.6944, 14.7, 0.330, 1.389, 0.004

1, 12, 25, 2, 69.6944, 14.7, 0.450, 1.395, 0.004

0, 12, 24, 3, 69.6944, 14.7, 0.320, 1.387, 0.004

1, 12, 25, 3, 69.6944, 14.7, 0.430, 1.376, 0.004

0, 12, 24, 4, 69.6944, 14.7, 0.330, 1.380, 0.004

1, 12, 25, 4, 69.6944, 14.7, 0.440, 1.380, 0.004

0, 12, 24, 0, 69.6944, 14.95, 0.330, 1.386, 0.004

1, 12, 25, 0, 69.6944, 14.95, 0.440, 1.377, 0.004

0, 12, 24, 1, 69.6944, 14.95, 0.330, 1.383, 0.004

1, 12, 25, 1, 69.6944, 14.95, 0.450, 1.320, 0.004

0, 12, 24, 2, 69.6944, 14.95, 0.330, 1.388, 0.004

1, 12, 25, 2, 69.6944, 14.95, 0.430, 1.378, 0.004

0, 12, 24, 3, 69.6944, 14.95, 0.330, 1.380, 0.004

1, 12, 25, 3, 69.6944, 14.95, 0.430, 1.378, 0.004

0, 12, 24, 4, 69.6944, 14.95, 0.320, 1.384, 0.004

1, 12, 25, 4, 69.6944, 14.95, 0.450, 1.387, 0.004

0, 12, 24, 0, 69.6944, 15.2, 0.330, 1.377, 0.004

1, 12, 25, 0, 69.6944, 15.2, 0.450, 1.383, 0.004

0, 12, 24, 1, 69.6944, 15.2, 0.320, 1.387, 0.004

1, 12, 25, 1, 69.6944, 15.2, 0.450, 1.369, 0.004

0, 12, 24, 2, 69.6944, 15.2, 0.330, 1.380, 0.004

1, 12, 25, 2, 69.6944, 15.2, 0.440, 1.387, 0.004

0, 12, 24, 3, 69.6944, 15.2, 0.320, 1.381, 0.004

1, 12, 25, 3, 69.6944, 15.2, 0.450, 1.371, 0.004

0, 12, 24, 4, 69.6944, 15.2, 0.330, 1.378, 0.004

1, 12, 25, 4, 69.6944, 15.2, 0.440, 1.377, 0.004

0, 12, 24, 0, 69.6944, 15.45, 0.320, 1.387, 0.004

1, 12, 25, 0, 69.6944, 15.45, 0.430, 1.381, 0.004

0, 12, 24, 1, 69.6944, 15.45, 0.330, 1.387, 0.004

1, 12, 25, 1, 69.6944, 15.45, 0.460, 1.385, 0.004

0, 12, 24, 2, 69.6944, 15.45, 0.320, 1.380, 0.004

1, 12, 25, 2, 69.6944, 15.45, 0.430, 1.379, 0.004

0, 12, 24, 3, 69.6944, 15.45, 0.330, 1.372, 0.004

1, 12, 25, 3, 69.6944, 15.45, 0.440, 1.379, 0.004

0, 12, 24, 4, 69.6944, 15.45, 0.330, 1.386, 0.004

1, 12, 25, 4, 69.6944, 15.45, 0.440, 1.384, 0.004

0, 12, 24, 0, 69.6944, 15.7, 0.330, 1.384, 0.004

1, 12, 25, 0, 69.6944, 15.7, 0.440, 1.388, 0.004

0, 12, 24, 1, 69.6944, 15.7, 0.330, 1.381, 0.004

1, 12, 25, 1, 69.6944, 15.7, 0.430, 1.386, 0.004

0, 12, 24, 2, 69.6944, 15.7, 0.330, 1.380, 0.004

1, 12, 25, 2, 69.6944, 15.7, 0.430, 1.390, 0.004

0, 12, 24, 3, 69.6944, 15.7, 0.330, 1.378, 0.004

1, 12, 25, 3, 69.6944, 15.7, 0.440, 1.367, 0.004

0, 12, 24, 4, 69.6944, 15.7, 0.330, 1.386, 0.004

1, 12, 25, 4, 69.6944, 15.7, 0.450, 1.373, 0.004

0, 12, 24, 0, 69.6944, 15.95, 0.320, 1.387, 0.004

1, 12, 25, 0, 69.6944, 15.95, 0.440, 1.384, 0.004

0, 12, 24, 1, 69.6944, 15.95, 0.320, 1.385, 0.004

1, 12, 25, 1, 69.6944, 15.95, 0.440, 1.377, 0.004

0, 12, 24, 2, 69.6944, 15.95, 0.320, 1.387, 0.004

1, 12, 25, 2, 69.6944, 15.95, 0.440, 1.380, 0.004

0, 12, 24, 3, 69.6944, 15.95, 0.320, 1.388, 0.004

1, 12, 25, 3, 69.6944, 15.95, 0.450, 1.385, 0.004

0, 12, 24, 4, 69.6944, 15.95, 0.320, 1.383, 0.004

1, 12, 25, 4, 69.6944, 15.95, 0.450, 1.370, 0.004

0, 12, 24, 0, 69.6944, 16.2, 0.320, 1.384, 0.004

1, 12, 25, 0, 69.6944, 16.2, 0.430, 1.374, 0.004

0, 12, 24, 1, 69.6944, 16.2, 0.320, 1.381, 0.004

1, 12, 25, 1, 69.6944, 16.2, 0.450, 1.362, 0.004

0, 12, 24, 2, 69.6944, 16.2, 0.330, 1.382, 0.004

1, 12, 25, 2, 69.6944, 16.2, 0.430, 1.380, 0.004

0, 12, 24, 3, 69.6944, 16.2, 0.320, 1.383, 0.004

1, 12, 25, 3, 69.6944, 16.2, 0.450, 1.375, 0.004

0, 12, 24, 4, 69.6944, 16.2, 0.320, 1.373, 0.004

1, 12, 25, 4, 69.6944, 16.2, 0.440, 1.382, 0.004

0, 12, 24, 0, 69.6944, 16.45, 0.320, 1.391, 0.004

1, 12, 25, 0, 69.6944, 16.45, 0.460, 1.378, 0.004

0, 12, 24, 1, 69.6944, 16.45, 0.320, 1.389, 0.004

1, 12, 25, 1, 69.6944, 16.45, 0.460, 1.378, 0.004

0, 12, 24, 2, 69.6944, 16.45, 0.330, 1.385, 0.004

1, 12, 25, 2, 69.6944, 16.45, 0.450, 1.387, 0.004

0, 12, 24, 3, 69.6944, 16.45, 0.330, 1.374, 0.004

1, 12, 25, 3, 69.6944, 16.45, 0.430, 1.385, 0.004

0, 12, 24, 4, 69.6944, 16.45, 0.330, 1.383, 0.004

1, 12, 25, 4, 69.6944, 16.45, 0.440, 1.380, 0.004

0, 12, 24, 0, 69.6944, 16.7, 0.320, 1.388, 0.004

1, 12, 25, 0, 69.6944, 16.7, 0.450, 1.380, 0.004

0, 12, 24, 1, 69.6944, 16.7, 0.330, 1.380, 0.004

1, 12, 25, 1, 69.6944, 16.7, 0.430, 1.385, 0.004

0, 12, 24, 2, 69.6944, 16.7, 0.330, 1.382, 0.004

1, 12, 25, 2, 69.6944, 16.7, 0.430, 1.363, 0.004

0, 12, 24, 3, 69.6944, 16.7, 0.330, 1.374, 0.004

1, 12, 25, 3, 69.6944, 16.7, 0.450, 1.382, 0.004

0, 12, 24, 4, 69.6944, 16.7, 0.330, 1.379, 0.004

1, 12, 25, 4, 69.6944, 16.7, 0.440, 1.379, 0.004

0, 12, 24, 0, 69.6944, 16.95, 0.320, 1.394, 0.004

1, 12, 25, 0, 69.6944, 16.95, 0.440, 1.373, 0.004

0, 12, 24, 1, 69.6944, 16.95, 0.330, 1.381, 0.004

1, 12, 25, 1, 69.6944, 16.95, 0.440, 1.383, 0.004

0, 12, 24, 2, 69.6944, 16.95, 0.330, 1.380, 0.004

1, 12, 25, 2, 69.6944, 16.95, 0.420, 1.379, 0.004

0, 12, 24, 3, 69.6944, 16.95, 0.330, 1.392, 0.004

1, 12, 25, 3, 69.6944, 16.95, 0.430, 1.391, 0.004

0, 12, 24, 4, 69.6944, 16.95, 0.330, 1.381, 0.004

1, 12, 25, 4, 69.6944, 16.95, 0.440, 1.382, 0.004

0, 12, 24, 0, 69.6944, 17.2, 0.330, 1.391, 0.004

1, 12, 25, 0, 69.6944, 17.2, 0.450, 1.330, 0.004

0, 12, 24, 1, 69.6944, 17.2, 0.330, 1.387, 0.004

1, 12, 25, 1, 69.6944, 17.2, 0.450, 1.367, 0.004

0, 12, 24, 2, 69.6944, 17.2, 0.330, 1.379, 0.004

1, 12, 25, 2, 69.6944, 17.2, 0.470, 1.388, 0.004

0, 12, 24, 3, 69.6944, 17.2, 0.330, 1.387, 0.004

1, 12, 25, 3, 69.6944, 17.2, 0.440, 1.408, 0.004

0, 12, 24, 4, 69.6944, 17.2, 0.330, 1.377, 0.004

1, 12, 25, 4, 69.6944, 17.2, 0.440, 1.385, 0.004

0, 12, 24, 0, 69.6944, 17.45, 0.330, 1.383, 0.004

1, 12, 25, 0, 69.6944, 17.45, 0.440, 1.383, 0.004

0, 12, 24, 1, 69.6944, 17.45, 0.330, 1.392, 0.004

1, 12, 25, 1, 69.6944, 17.45, 0.450, 1.381, 0.004

0, 12, 24, 2, 69.6944, 17.45, 0.330, 1.380, 0.004

1, 12, 25, 2, 69.6944, 17.45, 0.450, 1.349, 0.004

0, 12, 24, 3, 69.6944, 17.45, 0.330, 1.388, 0.004

1, 12, 25, 3, 69.6944, 17.45, 0.440, 1.376, 0.004

0, 12, 24, 4, 69.6944, 17.45, 0.330, 1.379, 0.004

1, 12, 25, 4, 69.6944, 17.45, 0.440, 1.381, 0.004

0, 12, 24, 0, 69.6944, 17.7, 0.330, 1.385, 0.004

1, 12, 25, 0, 69.6944, 17.7, 0.450, 1.375, 0.004

0, 12, 24, 1, 69.6944, 17.7, 0.330, 1.382, 0.004

1, 12, 25, 1, 69.6944, 17.7, 0.450, 1.385, 0.004

0, 12, 24, 2, 69.6944, 17.7, 0.330, 1.381, 0.004

1, 12, 25, 2, 69.6944, 17.7, 0.430, 1.383, 0.004

0, 12, 24, 3, 69.6944, 17.7, 0.320, 1.387, 0.004

1, 12, 25, 3, 69.6944, 17.7, 0.460, 1.383, 0.004

0, 12, 24, 4, 69.6944, 17.7, 0.320, 1.389, 0.004

1, 12, 25, 4, 69.6944, 17.7, 0.450, 1.391, 0.004

0, 12, 24, 0, 69.6944, 17.95, 0.320, 1.388, 0.004

1, 12, 25, 0, 69.6944, 17.95, 0.440, 1.376, 0.004

0, 12, 24, 1, 69.6944, 17.95, 0.320, 1.383, 0.004

1, 12, 25, 1, 69.6944, 17.95, 0.450, 1.383, 0.004

0, 12, 24, 2, 69.6944, 17.95, 0.330, 1.387, 0.004

1, 12, 25, 2, 69.6944, 17.95, 0.460, 1.389, 0.004

0, 12, 24, 3, 69.6944, 17.95, 0.320, 1.391, 0.004

1, 12, 25, 3, 69.6944, 17.95, 0.450, 1.387, 0.004

0, 12, 24, 4, 69.6944, 17.95, 0.320, 1.375, 0.004

1, 12, 25, 4, 69.6944, 17.95, 0.440, 1.384, 0.004

0, 12, 24, 0, 69.6944, 18.2, 0.320, 1.382, 0.004

1, 12, 25, 0, 69.6944, 18.2, 0.440, 1.385, 0.004

0, 12, 24, 1, 69.6944, 18.2, 0.320, 1.379, 0.004

1, 12, 25, 1, 69.6944, 18.2, 0.440, 1.378, 0.004

0, 12, 24, 2, 69.6944, 18.2, 0.330, 1.388, 0.004

1, 12, 25, 2, 69.6944, 18.2, 0.450, 1.384, 0.004

0, 12, 24, 3, 69.6944, 18.2, 0.320, 1.378, 0.004

1, 12, 25, 3, 69.6944, 18.2, 0.450, 1.385, 0.004

0, 12, 24, 4, 69.6944, 18.2, 0.330, 1.382, 0.004

1, 12, 25, 4, 69.6944, 18.2, 0.460, 1.385, 0.004

0, 12, 24, 0, 69.6944, 18.45, 0.320, 1.377, 0.004

1, 12, 25, 0, 69.6944, 18.45, 0.460, 1.389, 0.004

0, 12, 24, 1, 69.6944, 18.45, 0.320, 1.382, 0.004

1, 12, 25, 1, 69.6944, 18.45, 0.430, 1.380, 0.004

0, 12, 24, 2, 69.6944, 18.45, 0.320, 1.385, 0.004

1, 12, 25, 2, 69.6944, 18.45, 0.450, 1.407, 0.004

0, 12, 24, 3, 69.6944, 18.45, 0.320, 1.382, 0.004

1, 12, 25, 3, 69.6944, 18.45, 0.440, 1.380, 0.004

0, 12, 24, 4, 69.6944, 18.45, 0.320, 1.378, 0.004

1, 12, 25, 4, 69.6944, 18.45, 0.440, 1.394, 0.004

0, 12, 24, 0, 0, 0, 0.330, 1.384, 0.004

1, 12, 25, 0, 0, 0, 0.220, 1.384, 0.004

0, 12, 24, 1, 0, 0, 0.330, 1.385, 0.004

1, 12, 25, 1, 0, 0, 0.230, 1.386, 0.004

0, 12, 24, 2, 0, 0, 0.340, 1.390, 0.004

1, 12, 25, 2, 0, 0, 0.220, 1.381, 0.004

0, 12, 24, 3, 0, 0, 0.330, 1.382, 0.004

1, 12, 25, 3, 0, 0, 0.230, 1.385, 0.004

0, 12, 24, 4, 0, 0, 0.330, 1.386, 0.004

1, 12, 25, 4, 0, 0, 0.230, 1.379, 0.004

0, 12, 24, 0, 69.6944, 18.7, 0.320, 1.393, 0.004

1, 12, 25, 0, 69.6944, 18.7, 0.440, 1.381, 0.004

0, 12, 24, 1, 69.6944, 18.7, 0.330, 1.376, 0.004

1, 12, 25, 1, 69.6944, 18.7, 0.460, 1.371, 0.004

0, 12, 24, 2, 69.6944, 18.7, 0.330, 1.375, 0.004

1, 12, 25, 2, 69.6944, 18.7, 0.430, 1.384, 0.004

0, 12, 24, 3, 69.6944, 18.7, 0.320, 1.385, 0.004

1, 12, 25, 3, 69.6944, 18.7, 0.450, 1.378, 0.004

0, 12, 24, 4, 69.6944, 18.7, 0.320, 1.382, 0.004

1, 12, 25, 4, 69.6944, 18.7, 0.430, 1.399, 0.004

0, 12, 24, 0, 69.6944, 18.95, 0.320, 1.379, 0.004

1, 12, 25, 0, 69.6944, 18.95, 0.440, 1.385, 0.004

0, 12, 24, 1, 69.6944, 18.95, 0.320, 1.385, 0.004

1, 12, 25, 1, 69.6944, 18.95, 0.440, 1.378, 0.004

0, 12, 24, 2, 69.6944, 18.95, 0.330, 1.388, 0.004

1, 12, 25, 2, 69.6944, 18.95, 0.430, 1.377, 0.004

0, 12, 24, 3, 69.6944, 18.95, 0.330, 1.378, 0.004

1, 12, 25, 3, 69.6944, 18.95, 0.440, 1.380, 0.004

0, 12, 24, 4, 69.6944, 18.95, 0.320, 1.385, 0.004

1, 12, 25, 4, 69.6944, 18.95, 0.440, 1.385, 0.004

0, 12, 24, 0, 69.6944, 19.2, 0.320, 1.382, 0.004

1, 12, 25, 0, 69.6944, 19.2, 0.440, 1.382, 0.004

0, 12, 24, 1, 69.6944, 19.2, 0.330, 1.381, 0.004

1, 12, 25, 1, 69.6944, 19.2, 0.440, 1.370, 0.004

0, 12, 24, 2, 69.6944, 19.2, 0.330, 1.386, 0.004

1, 12, 25, 2, 69.6944, 19.2, 0.430, 1.384, 0.004

0, 12, 24, 3, 69.6944, 19.2, 0.330, 1.384, 0.004

1, 12, 25, 3, 69.6944, 19.2, 0.450, 1.382, 0.004

0, 12, 24, 4, 69.6944, 19.2, 0.320, 1.397, 0.004

1, 12, 25, 4, 69.6944, 19.2, 0.450, 1.386, 0.004

0, 12, 24, 0, 69.6944, 19.45, 0.330, 1.383, 0.004

1, 12, 25, 0, 69.6944, 19.45, 0.430, 1.402, 0.004

0, 12, 24, 1, 69.6944, 19.45, 0.330, 1.387, 0.004

1, 12, 25, 1, 69.6944, 19.45, 0.450, 1.389, 0.004

0, 12, 24, 2, 69.6944, 19.45, 0.330, 1.386, 0.004

1, 12, 25, 2, 69.6944, 19.45, 0.440, 1.380, 0.004

0, 12, 24, 3, 69.6944, 19.45, 0.330, 1.383, 0.004

1, 12, 25, 3, 69.6944, 19.45, 0.430, 1.368, 0.004

0, 12, 24, 4, 69.6944, 19.45, 0.340, 1.391, 0.004

1, 12, 25, 4, 69.6944, 19.45, 0.450, 1.394, 0.004

0, 12, 24, 0, 69.6944, 19.7, 0.330, 1.383, 0.004

1, 12, 25, 0, 69.6944, 19.7, 0.430, 1.365, 0.004

0, 12, 24, 1, 69.6944, 19.7, 0.330, 1.389, 0.004

1, 12, 25, 1, 69.6944, 19.7, 0.430, 1.375, 0.004

0, 12, 24, 2, 69.6944, 19.7, 0.330, 1.378, 0.004

1, 12, 25, 2, 69.6944, 19.7, 0.450, 1.375, 0.004

0, 12, 24, 3, 69.6944, 19.7, 0.320, 1.387, 0.004

1, 12, 25, 3, 69.6944, 19.7, 0.450, 1.382, 0.004

0, 12, 24, 4, 69.6944, 19.7, 0.320, 1.385, 0.004

1, 12, 25, 4, 69.6944, 19.7, 0.450, 1.389, 0.004

0, 12, 24, 0, 69.6944, 19.95, 0.330, 1.381, 0.004

1, 12, 25, 0, 69.6944, 19.95, 0.440, 1.383, 0.004

0, 12, 24, 1, 69.6944, 19.95, 0.320, 1.380, 0.004

1, 12, 25, 1, 69.6944, 19.95, 0.430, 1.384, 0.004

0, 12, 24, 2, 69.6944, 19.95, 0.320, 1.384, 0.004

1, 12, 25, 2, 69.6944, 19.95, 0.450, 1.383, 0.004

0, 12, 24, 3, 69.6944, 19.95, 0.320, 1.380, 0.004

1, 12, 25, 3, 69.6944, 19.95, 0.440, 1.391, 0.004

0, 12, 24, 4, 69.6944, 19.95, 0.320, 1.384, 0.004

1, 12, 25, 4, 69.6944, 19.95, 0.440, 1.361, 0.004

0, 12, 24, 0, 69.6944, 20.2, 0.320, 1.385, 0.004

1, 12, 25, 0, 69.6944, 20.2, 0.440, 1.373, 0.004

0, 12, 24, 1, 69.6944, 20.2, 0.330, 1.378, 0.004

1, 12, 25, 1, 69.6944, 20.2, 0.440, 1.378, 0.004

0, 12, 24, 2, 69.6944, 20.2, 0.320, 1.387, 0.004

1, 12, 25, 2, 69.6944, 20.2, 0.450, 1.380, 0.004

0, 12, 24, 3, 69.6944, 20.2, 0.320, 1.388, 0.004

1, 12, 25, 3, 69.6944, 20.2, 0.440, 1.389, 0.004

0, 12, 24, 4, 69.6944, 20.2, 0.320, 1.375, 0.004

1, 12, 25, 4, 69.6944, 20.2, 0.440, 1.382, 0.004

0, 12, 24, 0, 69.6944, 20.45, 0.320, 1.389, 0.004

1, 12, 25, 0, 69.6944, 20.45, 0.450, 1.377, 0.004

0, 12, 24, 1, 69.6944, 20.45, 0.320, 1.376, 0.004

1, 12, 25, 1, 69.6944, 20.45, 0.450, 1.381, 0.004

0, 12, 24, 2, 69.6944, 20.45, 0.320, 1.377, 0.004

1, 12, 25, 2, 69.6944, 20.45, 0.420, 1.383, 0.004

0, 12, 24, 3, 69.6944, 20.45, 0.320, 1.392, 0.004

1, 12, 25, 3, 69.6944, 20.45, 0.450, 1.382, 0.004

0, 12, 24, 4, 69.6944, 20.45, 0.320, 1.380, 0.004

1, 12, 25, 4, 69.6944, 20.45, 0.420, 1.375, 0.004

0, 12, 24, 0, 69.6944, 20.7, 0.340, 1.378, 0.004

1, 12, 25, 0, 69.6944, 20.7, 0.450, 1.382, 0.004

0, 12, 24, 1, 69.6944, 20.7, 0.340, 1.386, 0.004

1, 12, 25, 1, 69.6944, 20.7, 0.440, 1.338, 0.004

0, 12, 24, 2, 69.6944, 20.7, 0.330, 1.393, 0.004

1, 12, 25, 2, 69.6944, 20.7, 0.430, 1.396, 0.004

0, 12, 24, 3, 69.6944, 20.7, 0.330, 1.381, 0.004

1, 12, 25, 3, 69.6944, 20.7, 0.450, 1.386, 0.004

0, 12, 24, 4, 69.6944, 20.7, 0.340, 1.374, 0.004

1, 12, 25, 4, 69.6944, 20.7, 0.430, 1.386, 0.004

0, 12, 24, 0, 69.6944, 20.95, 0.330, 1.382, 0.004

1, 12, 25, 0, 69.6944, 20.95, 0.450, 1.383, 0.004

0, 12, 24, 1, 69.6944, 20.95, 0.330, 1.390, 0.004

1, 12, 25, 1, 69.6944, 20.95, 0.440, 1.374, 0.004

0, 12, 24, 2, 69.6944, 20.95, 0.320, 1.387, 0.004

1, 12, 25, 2, 69.6944, 20.95, 0.440, 1.379, 0.004

0, 12, 24, 3, 69.6944, 20.95, 0.330, 1.388, 0.004

1, 12, 25, 3, 69.6944, 20.95, 0.440, 1.360, 0.004

0, 12, 24, 4, 69.6944, 20.95, 0.330, 1.383, 0.004

1, 12, 25, 4, 69.6944, 20.95, 0.440, 1.383, 0.004

0, 12, 24, 0, 69.6944, 21.2, 0.330, 1.387, 0.004

1, 12, 25, 0, 69.6944, 21.2, 0.410, 1.388, 0.004

0, 12, 24, 1, 69.6944, 21.2, 0.330, 1.382, 0.004

1, 12, 25, 1, 69.6944, 21.2, 0.420, 1.382, 0.004

0, 12, 24, 2, 69.6944, 21.2, 0.330, 1.387, 0.004

1, 12, 25, 2, 69.6944, 21.2, 0.430, 1.369, 0.004

0, 12, 24, 3, 69.6944, 21.2, 0.330, 1.383, 0.004

1, 12, 25, 3, 69.6944, 21.2, 0.450, 1.382, 0.004

0, 12, 24, 4, 69.6944, 21.2, 0.330, 1.384, 0.004

1, 12, 25, 4, 69.6944, 21.2, 0.420, 1.406, 0.004

0, 12, 24, 0, 69.6944, 21.45, 0.330, 1.388, 0.004

1, 12, 25, 0, 69.6944, 21.45, 0.380, 1.376, 0.004

0, 12, 24, 1, 69.6944, 21.45, 0.330, 1.386, 0.004

1, 12, 25, 1, 69.6944, 21.45, 0.380, 1.379, 0.004

0, 12, 24, 2, 69.6944, 21.45, 0.330, 1.388, 0.004

1, 12, 25, 2, 69.6944, 21.45, 0.380, 1.386, 0.004

0, 12, 24, 3, 69.6944, 21.45, 0.330, 1.381, 0.004

1, 12, 25, 3, 69.6944, 21.45, 0.390, 1.371, 0.004

0, 12, 24, 4, 69.6944, 21.45, 0.330, 1.375, 0.004

1, 12, 25, 4, 69.6944, 21.45, 0.400, 1.393, 0.004

0, 12, 24, 0, 69.6944, 21.7, 0.330, 1.383, 0.004

1, 12, 25, 0, 69.6944, 21.7, 0.360, 1.381, 0.004

0, 12, 24, 1, 69.6944, 21.7, 0.330, 1.379, 0.004

1, 12, 25, 1, 69.6944, 21.7, 0.360, 1.373, 0.004

0, 12, 24, 2, 69.6944, 21.7, 0.330, 1.395, 0.004

1, 12, 25, 2, 69.6944, 21.7, 0.360, 1.389, 0.004

0, 12, 24, 3, 69.6944, 21.7, 0.330, 1.373, 0.004

1, 12, 25, 3, 69.6944, 21.7, 0.350, 1.386, 0.004

0, 12, 24, 4, 69.6944, 21.7, 0.330, 1.381, 0.004

1, 12, 25, 4, 69.6944, 21.7, 0.340, 1.384, 0.004

0, 12, 24, 0, 69.6944, 21.95, 0.330, 1.386, 0.004

1, 12, 25, 0, 69.6944, 21.95, 0.340, 1.396, 0.004

0, 12, 24, 1, 69.6944, 21.95, 0.340, 1.383, 0.004

1, 12, 25, 1, 69.6944, 21.95, 0.350, 1.385, 0.004

0, 12, 24, 2, 69.6944, 21.95, 0.330, 1.383, 0.004

1, 12, 25, 2, 69.6944, 21.95, 0.350, 1.380, 0.004

0, 12, 24, 3, 69.6944, 21.95, 0.330, 1.381, 0.004

1, 12, 25, 3, 69.6944, 21.95, 0.340, 1.381, 0.004

0, 12, 24, 4, 69.6944, 21.95, 0.330, 1.378, 0.004

1, 12, 25, 4, 69.6944, 21.95, 0.350, 1.381, 0.004

0, 12, 24, 0, 69.6944, 22.2, 0.330, 1.392, 0.004

1, 12, 25, 0, 69.6944, 22.2, 0.330, 1.385, 0.004

0, 12, 24, 1, 69.6944, 22.2, 0.330, 1.377, 0.004

1, 12, 25, 1, 69.6944, 22.2, 0.320, 1.391, 0.004

0, 12, 24, 2, 69.6944, 22.2, 0.330, 1.383, 0.004

1, 12, 25, 2, 69.6944, 22.2, 0.320, 1.378, 0.004

0, 12, 24, 3, 69.6944, 22.2, 0.330, 1.388, 0.004

1, 12, 25, 3, 69.6944, 22.2, 0.320, 1.380, 0.004

0, 12, 24, 4, 69.6944, 22.2, 0.330, 1.381, 0.004

1, 12, 25, 4, 69.6944, 22.2, 0.320, 1.382, 0.004

0, 12, 24, 0, 69.6944, 22.45, 0.330, 1.388, 0.004

1, 12, 25, 0, 69.6944, 22.45, 0.270, 1.381, 0.004

0, 12, 24, 1, 69.6944, 22.45, 0.330, 1.393, 0.004

1, 12, 25, 1, 69.6944, 22.45, 0.270, 1.377, 0.004

0, 12, 24, 2, 69.6944, 22.45, 0.330, 1.394, 0.004

1, 12, 25, 2, 69.6944, 22.45, 0.280, 1.390, 0.004

0, 12, 24, 3, 69.6944, 22.45, 0.330, 1.377, 0.004

1, 12, 25, 3, 69.6944, 22.45, 0.270, 1.385, 0.004

0, 12, 24, 4, 69.6944, 22.45, 0.330, 1.382, 0.004

1, 12, 25, 4, 69.6944, 22.45, 0.280, 1.386, 0.004

0, 12, 24, 0, 69.6944, 22.7, 0.330, 1.390, 0.004

1, 12, 25, 0, 69.6944, 22.7, 0.250, 1.374, 0.004

0, 12, 24, 1, 69.6944, 22.7, 0.340, 1.380, 0.004

1, 12, 25, 1, 69.6944, 22.7, 0.240, 1.372, 0.004

0, 12, 24, 2, 69.6944, 22.7, 0.330, 1.374, 0.004

1, 12, 25, 2, 69.6944, 22.7, 0.250, 1.386, 0.004

0, 12, 24, 3, 69.6944, 22.7, 0.340, 1.383, 0.004

1, 12, 25, 3, 69.6944, 22.7, 0.240, 1.382, 0.004

0, 12, 24, 4, 69.6944, 22.7, 0.330, 1.378, 0.004

1, 12, 25, 4, 69.6944, 22.7, 0.250, 1.384, 0.004

0, 12, 24, 0, 69.6944, 22.95, 0.340, 1.379, 0.004

1, 12, 25, 0, 69.6944, 22.95, 0.230, 1.384, 0.004

0, 12, 24, 1, 69.6944, 22.95, 0.340, 1.379, 0.004

1, 12, 25, 1, 69.6944, 22.95, 0.240, 1.391, 0.004

0, 12, 24, 2, 69.6944, 22.95, 0.340, 1.380, 0.004

1, 12, 25, 2, 69.6944, 22.95, 0.240, 1.376, 0.004

0, 12, 24, 3, 69.6944, 22.95, 0.340, 1.378, 0.004

1, 12, 25, 3, 69.6944, 22.95, 0.240, 1.375, 0.004

0, 12, 24, 4, 69.6944, 22.95, 0.340, 1.383, 0.004

1, 12, 25, 4, 69.6944, 22.95, 0.240, 1.385, 0.004

0, 12, 24, 0, 69.6944, 23.2, 0.340, 1.389, 0.004

1, 12, 25, 0, 69.6944, 23.2, 0.230, 1.373, 0.004

0, 12, 24, 1, 69.6944, 23.2, 0.330, 1.375, 0.004

1, 12, 25, 1, 69.6944, 23.2, 0.230, 1.383, 0.004

0, 12, 24, 2, 69.6944, 23.2, 0.340, 1.377, 0.004

1, 12, 25, 2, 69.6944, 23.2, 0.230, 1.379, 0.004

0, 12, 24, 3, 69.6944, 23.2, 0.340, 1.376, 0.004

1, 12, 25, 3, 69.6944, 23.2, 0.240, 1.387, 0.004

0, 12, 24, 4, 69.6944, 23.2, 0.340, 1.388, 0.004

1, 12, 25, 4, 69.6944, 23.2, 0.230, 1.386, 0.004

0, 12, 24, 0, 69.6944, 23.45, 0.340, 1.385, 0.004

1, 12, 25, 0, 69.6944, 23.45, 0.230, 1.381, 0.004

0, 12, 24, 1, 69.6944, 23.45, 0.330, 1.388, 0.004

1, 12, 25, 1, 69.6944, 23.45, 0.230, 1.382, 0.004

0, 12, 24, 2, 69.6944, 23.45, 0.330, 1.383, 0.004

1, 12, 25, 2, 69.6944, 23.45, 0.230, 1.382, 0.004

0, 12, 24, 3, 69.6944, 23.45, 0.330, 1.384, 0.004

1, 12, 25, 3, 69.6944, 23.45, 0.230, 1.383, 0.004

0, 12, 24, 4, 69.6944, 23.45, 0.330, 1.380, 0.004

1, 12, 25, 4, 69.6944, 23.45, 0.230, 1.370, 0.004

0, 12, 24, 0, 0, 0, 0.320, 1.390, 0.004

1, 12, 25, 0, 0, 0, 0.220, 1.376, 0.004

0, 12, 24, 1, 0, 0, 0.320, 1.386, 0.004

1, 12, 25, 1, 0, 0, 0.220, 1.378, 0.004

0, 12, 24, 2, 0, 0, 0.320, 1.374, 0.004

1, 12, 25, 2, 0, 0, 0.220, 1.383, 0.004

0, 12, 24, 3, 0, 0, 0.320, 1.388, 0.004

1, 12, 25, 3, 0, 0, 0.220, 1.380, 0.004

0, 12, 24, 4, 0, 0, 0.320, 1.382, 0.004

1, 12, 25, 4, 0, 0, 0.220, 1.393, 0.004

0, 12, 24, 0, 69.6944, 23.7, 0.340, 1.383, 0.004

1, 12, 25, 0, 69.6944, 23.7, 0.230, 1.385, 0.004

0, 12, 24, 1, 69.6944, 23.7, 0.340, 1.396, 0.004

1, 12, 25, 1, 69.6944, 23.7, 0.230, 1.381, 0.004

0, 12, 24, 2, 69.6944, 23.7, 0.340, 1.385, 0.004

1, 12, 25, 2, 69.6944, 23.7, 0.230, 1.386, 0.004

0, 12, 24, 3, 69.6944, 23.7, 0.350, 1.381, 0.004

1, 12, 25, 3, 69.6944, 23.7, 0.230, 1.388, 0.004

0, 12, 24, 4, 69.6944, 23.7, 0.340, 1.383, 0.004

1, 12, 25, 4, 69.6944, 23.7, 0.230, 1.394, 0.004

0, 12, 24, 0, 69.6944, 23.95, 0.380, 1.383, 0.004

1, 12, 25, 0, 69.6944, 23.95, 0.230, 1.391, 0.004

0, 12, 24, 1, 69.6944, 23.95, 0.380, 1.387, 0.004

1, 12, 25, 1, 69.6944, 23.95, 0.230, 1.374, 0.004

0, 12, 24, 2, 69.6944, 23.95, 0.380, 1.382, 0.004

1, 12, 25, 2, 69.6944, 23.95, 0.230, 1.380, 0.004

0, 12, 24, 3, 69.6944, 23.95, 0.370, 1.384, 0.004

1, 12, 25, 3, 69.6944, 23.95, 0.230, 1.377, 0.004

0, 12, 24, 4, 69.6944, 23.95, 0.370, 1.383, 0.004

1, 12, 25, 4, 69.6944, 23.95, 0.230, 1.374, 0.004

0, 12, 24, 0, 69.6944, 24.2, 0.420, 1.381, 0.004

1, 12, 25, 0, 69.6944, 24.2, 0.230, 1.387, 0.004

0, 12, 24, 1, 69.6944, 24.2, 0.410, 1.385, 0.004

1, 12, 25, 1, 69.6944, 24.2, 0.230, 1.382, 0.004

0, 12, 24, 2, 69.6944, 24.2, 0.410, 1.382, 0.004

1, 12, 25, 2, 69.6944, 24.2, 0.230, 1.390, 0.004

0, 12, 24, 3, 69.6944, 24.2, 0.400, 1.377, 0.004

1, 12, 25, 3, 69.6944, 24.2, 0.230, 1.381, 0.004

0, 12, 24, 4, 69.6944, 24.2, 0.410, 1.382, 0.004

1, 12, 25, 4, 69.6944, 24.2, 0.230, 1.386, 0.004

0, 12, 24, 0, 69.6944, 24.45, 0.420, 1.387, 0.004

1, 12, 25, 0, 69.6944, 24.45, 0.230, 1.385, 0.004

0, 12, 24, 1, 69.6944, 24.45, 0.440, 1.377, 0.004

1, 12, 25, 1, 69.6944, 24.45, 0.230, 1.382, 0.004

0, 12, 24, 2, 69.6944, 24.45, 0.420, 1.389, 0.004

1, 12, 25, 2, 69.6944, 24.45, 0.230, 1.384, 0.004

0, 12, 24, 3, 69.6944, 24.45, 0.440, 1.377, 0.004

1, 12, 25, 3, 69.6944, 24.45, 0.230, 1.387, 0.004

0, 12, 24, 4, 69.6944, 24.45, 0.430, 1.387, 0.004

1, 12, 25, 4, 69.6944, 24.45, 0.230, 1.388, 0.004

0, 12, 24, 0, 69.6944, 24.7, 0.430, 1.384, 0.004

1, 12, 25, 0, 69.6944, 24.7, 0.230, 1.384, 0.004

0, 12, 24, 1, 69.6944, 24.7, 0.440, 1.384, 0.004

1, 12, 25, 1, 69.6944, 24.7, 0.230, 1.380, 0.004

0, 12, 24, 2, 69.6944, 24.7, 0.440, 1.378, 0.004

1, 12, 25, 2, 69.6944, 24.7, 0.230, 1.386, 0.004

0, 12, 24, 3, 69.6944, 24.7, 0.440, 1.388, 0.004

1, 12, 25, 3, 69.6944, 24.7, 0.230, 1.380, 0.004

0, 12, 24, 4, 69.6944, 24.7, 0.430, 1.360, 0.004

1, 12, 25, 4, 69.6944, 24.7, 0.230, 1.388, 0.004

0, 12, 24, 0, 69.6944, 24.95, 0.450, 1.380, 0.004

1, 12, 25, 0, 69.6944, 24.95, 0.230, 1.370, 0.004

0, 12, 24, 1, 69.6944, 24.95, 0.450, 1.395, 0.004

1, 12, 25, 1, 69.6944, 24.95, 0.230, 1.383, 0.004

0, 12, 24, 2, 69.6944, 24.95, 0.460, 1.379, 0.004

1, 12, 25, 2, 69.6944, 24.95, 0.230, 1.392, 0.004

0, 12, 24, 3, 69.6944, 24.95, 0.440, 1.383, 0.004

1, 12, 25, 3, 69.6944, 24.95, 0.230, 1.374, 0.004

0, 12, 24, 4, 69.6944, 24.95, 0.450, 1.388, 0.004

1, 12, 25, 4, 69.6944, 24.95, 0.230, 1.385, 0.004

0, 12, 24, 0, 69.6944, 25.2, 0.480, 1.388, 0.004

1, 12, 25, 0, 69.6944, 25.2, 0.230, 1.385, 0.004

0, 12, 24, 1, 69.6944, 25.2, 0.480, 1.385, 0.004

1, 12, 25, 1, 69.6944, 25.2, 0.230, 1.382, 0.004

0, 12, 24, 2, 69.6944, 25.2, 0.480, 1.370, 0.004

1, 12, 25, 2, 69.6944, 25.2, 0.230, 1.386, 0.004

0, 12, 24, 3, 69.6944, 25.2, 0.470, 1.379, 0.004

1, 12, 25, 3, 69.6944, 25.2, 0.230, 1.386, 0.004

0, 12, 24, 4, 69.6944, 25.2, 0.470, 1.380, 0.004

1, 12, 25, 4, 69.6944, 25.2, 0.230, 1.380, 0.004

0, 12, 24, 0, 69.6944, 25.45, 0.480, 1.381, 0.004

1, 12, 25, 0, 69.6944, 25.45, 0.230, 1.384, 0.004

0, 12, 24, 1, 69.6944, 25.45, 0.480, 1.370, 0.004

1, 12, 25, 1, 69.6944, 25.45, 0.230, 1.387, 0.004

0, 12, 24, 2, 69.6944, 25.45, 0.500, 1.381, 0.004

1, 12, 25, 2, 69.6944, 25.45, 0.230, 1.383, 0.004

0, 12, 24, 3, 69.6944, 25.45, 0.490, 1.383, 0.004

1, 12, 25, 3, 69.6944, 25.45, 0.230, 1.384, 0.004

0, 12, 24, 4, 69.6944, 25.45, 0.500, 1.377, 0.004

1, 12, 25, 4, 69.6944, 25.45, 0.230, 1.375, 0.004

0, 12, 24, 0, 69.6944, 25.7, 0.490, 1.377, 0.004

1, 12, 25, 0, 69.6944, 25.7, 0.230, 1.386, 0.004

0, 12, 24, 1, 69.6944, 25.7, 0.510, 1.378, 0.004

1, 12, 25, 1, 69.6944, 25.7, 0.230, 1.389, 0.004

0, 12, 24, 2, 69.6944, 25.7, 0.490, 1.368, 0.004

1, 12, 25, 2, 69.6944, 25.7, 0.230, 1.386, 0.004

0, 12, 24, 3, 69.6944, 25.7, 0.490, 1.365, 0.004

1, 12, 25, 3, 69.6944, 25.7, 0.230, 1.384, 0.004

0, 12, 24, 4, 69.6944, 25.7, 0.500, 1.390, 0.004

1, 12, 25, 4, 69.6944, 25.7, 0.230, 1.378, 0.004

0, 12, 24, 0, 69.6944, 25.95, 0.490, 1.354, 0.004

1, 12, 25, 0, 69.6944, 25.95, 0.230, 1.389, 0.004

0, 12, 24, 1, 69.6944, 25.95, 0.490, 1.386, 0.004

1, 12, 25, 1, 69.6944, 25.95, 0.230, 1.384, 0.004

0, 12, 24, 2, 69.6944, 25.95, 0.490, 1.386, 0.004

1, 12, 25, 2, 69.6944, 25.95, 0.230, 1.387, 0.004

0, 12, 24, 3, 69.6944, 25.95, 0.500, 1.367, 0.004

1, 12, 25, 3, 69.6944, 25.95, 0.230, 1.390, 0.004

0, 12, 24, 4, 69.6944, 25.95, 0.480, 1.386, 0.004

1, 12, 25, 4, 69.6944, 25.95, 0.230, 1.378, 0.004

0, 12, 24, 0, 69.6944, 26.2, 0.490, 1.381, 0.004

1, 12, 25, 0, 69.6944, 26.2, 0.230, 1.386, 0.004

0, 12, 24, 1, 69.6944, 26.2, 0.490, 1.377, 0.004

1, 12, 25, 1, 69.6944, 26.2, 0.230, 1.385, 0.004

0, 12, 24, 2, 69.6944, 26.2, 0.500, 1.371, 0.004

1, 12, 25, 2, 69.6944, 26.2, 0.230, 1.388, 0.004

0, 12, 24, 3, 69.6944, 26.2, 0.490, 1.381, 0.004

1, 12, 25, 3, 69.6944, 26.2, 0.230, 1.385, 0.004

0, 12, 24, 4, 69.6944, 26.2, 0.490, 1.374, 0.004

1, 12, 25, 4, 69.6944, 26.2, 0.230, 1.386, 0.004

0, 12, 24, 0, 69.6944, 26.45, 0.500, 1.370, 0.004

1, 12, 25, 0, 69.6944, 26.45, 0.230, 1.385, 0.004

0, 12, 24, 1, 69.6944, 26.45, 0.490, 1.378, 0.004

1, 12, 25, 1, 69.6944, 26.45, 0.230, 1.381, 0.004

0, 12, 24, 2, 69.6944, 26.45, 0.500, 1.380, 0.004

1, 12, 25, 2, 69.6944, 26.45, 0.230, 1.384, 0.004

0, 12, 24, 3, 69.6944, 26.45, 0.480, 1.363, 0.004

1, 12, 25, 3, 69.6944, 26.45, 0.240, 1.387, 0.004

0, 12, 24, 4, 69.6944, 26.45, 0.490, 1.377, 0.004

1, 12, 25, 4, 69.6944, 26.45, 0.230, 1.386, 0.004

0, 12, 24, 0, 69.6944, 26.7, 0.490, 1.366, 0.004

1, 12, 25, 0, 69.6944, 26.7, 0.230, 1.388, 0.004

0, 12, 24, 1, 69.6944, 26.7, 0.490, 1.378, 0.004

1, 12, 25, 1, 69.6944, 26.7, 0.230, 1.377, 0.004

0, 12, 24, 2, 69.6944, 26.7, 0.500, 1.328, 0.004

1, 12, 25, 2, 69.6944, 26.7, 0.230, 1.384, 0.004

0, 12, 24, 3, 69.6944, 26.7, 0.500, 1.379, 0.004

1, 12, 25, 3, 69.6944, 26.7, 0.230, 1.373, 0.004

0, 12, 24, 4, 69.6944, 26.7, 0.490, 1.402, 0.004

1, 12, 25, 4, 69.6944, 26.7, 0.230, 1.378, 0.004

0, 12, 24, 0, 69.6944, 26.95, 0.490, 1.379, 0.004

1, 12, 25, 0, 69.6944, 26.95, 0.230, 1.377, 0.004

0, 12, 24, 1, 69.6944, 26.95, 0.500, 1.373, 0.004

1, 12, 25, 1, 69.6944, 26.95, 0.230, 1.384, 0.004

0, 12, 24, 2, 69.6944, 26.95, 0.500, 1.372, 0.004

1, 12, 25, 2, 69.6944, 26.95, 0.230, 1.389, 0.004

0, 12, 24, 3, 69.6944, 26.95, 0.500, 1.376, 0.004

1, 12, 25, 3, 69.6944, 26.95, 0.220, 1.386, 0.004

0, 12, 24, 4, 69.6944, 26.95, 0.480, 1.369, 0.004

1, 12, 25, 4, 69.6944, 26.95, 0.230, 1.379, 0.004

0, 12, 24, 0, 69.6944, 27.2, 0.500, 1.383, 0.004

1, 12, 25, 0, 69.6944, 27.2, 0.230, 1.389, 0.004

0, 12, 24, 1, 69.6944, 27.2, 0.500, 1.384, 0.004

1, 12, 25, 1, 69.6944, 27.2, 0.230, 1.384, 0.004

0, 12, 24, 2, 69.6944, 27.2, 0.490, 1.376, 0.004

1, 12, 25, 2, 69.6944, 27.2, 0.230, 1.371, 0.004

0, 12, 24, 3, 69.6944, 27.2, 0.500, 1.383, 0.004

1, 12, 25, 3, 69.6944, 27.2, 0.230, 1.381, 0.004

0, 12, 24, 4, 69.6944, 27.2, 0.500, 1.380, 0.004

1, 12, 25, 4, 69.6944, 27.2, 0.220, 1.386, 0.004

0, 12, 24, 0, 69.6944, 27.45, 0.510, 1.384, 0.004

1, 12, 25, 0, 69.6944, 27.45, 0.230, 1.385, 0.004

0, 12, 24, 1, 69.6944, 27.45, 0.500, 1.381, 0.004

1, 12, 25, 1, 69.6944, 27.45, 0.230, 1.381, 0.004

0, 12, 24, 2, 69.6944, 27.45, 0.500, 1.372, 0.004

1, 12, 25, 2, 69.6944, 27.45, 0.230, 1.392, 0.004

0, 12, 24, 3, 69.6944, 27.45, 0.500, 1.388, 0.004

1, 12, 25, 3, 69.6944, 27.45, 0.230, 1.387, 0.004

0, 12, 24, 4, 69.6944, 27.45, 0.500, 1.380, 0.004

1, 12, 25, 4, 69.6944, 27.45, 0.230, 1.386, 0.004

0, 12, 24, 0, 69.6944, 27.7, 0.510, 1.353, 0.004

1, 12, 25, 0, 69.6944, 27.7, 0.230, 1.380, 0.004

0, 12, 24, 1, 69.6944, 27.7, 0.500, 1.375, 0.004

1, 12, 25, 1, 69.6944, 27.7, 0.220, 1.390, 0.004

0, 12, 24, 2, 69.6944, 27.7, 0.490, 1.385, 0.004

1, 12, 25, 2, 69.6944, 27.7, 0.230, 1.375, 0.004

0, 12, 24, 3, 69.6944, 27.7, 0.510, 1.378, 0.004

1, 12, 25, 3, 69.6944, 27.7, 0.230, 1.378, 0.004

0, 12, 24, 4, 69.6944, 27.7, 0.500, 1.388, 0.004

1, 12, 25, 4, 69.6944, 27.7, 0.230, 1.386, 0.004

0, 12, 24, 0, 69.6944, 27.95, 0.500, 1.385, 0.004

1, 12, 25, 0, 69.6944, 27.95, 0.230, 1.385, 0.004

0, 12, 24, 1, 69.6944, 27.95, 0.500, 1.365, 0.004

1, 12, 25, 1, 69.6944, 27.95, 0.220, 1.378, 0.004

0, 12, 24, 2, 69.6944, 27.95, 0.500, 1.383, 0.004

1, 12, 25, 2, 69.6944, 27.95, 0.230, 1.383, 0.004

0, 12, 24, 3, 69.6944, 27.95, 0.500, 1.384, 0.004

1, 12, 25, 3, 69.6944, 27.95, 0.230, 1.378, 0.004

0, 12, 24, 4, 69.6944, 27.95, 0.500, 1.390, 0.004

1, 12, 25, 4, 69.6944, 27.95, 0.230, 1.381, 0.004

0, 12, 24, 0, 69.6944, 28.2, 0.490, 1.337, 0.004

1, 12, 25, 0, 69.6944, 28.2, 0.230, 1.378, 0.004

0, 12, 24, 1, 69.6944, 28.2, 0.490, 1.395, 0.004

1, 12, 25, 1, 69.6944, 28.2, 0.230, 1.384, 0.004

0, 12, 24, 2, 69.6944, 28.2, 0.500, 1.370, 0.004

1, 12, 25, 2, 69.6944, 28.2, 0.230, 1.396, 0.004

0, 12, 24, 3, 69.6944, 28.2, 0.500, 1.371, 0.004

1, 12, 25, 3, 69.6944, 28.2, 0.230, 1.380, 0.004

0, 12, 24, 4, 69.6944, 28.2, 0.500, 1.374, 0.004

1, 12, 25, 4, 69.6944, 28.2, 0.230, 1.376, 0.004

0, 12, 24, 0, 69.6944, 28.45, 0.490, 1.379, 0.004

1, 12, 25, 0, 69.6944, 28.45, 0.230, 1.385, 0.004

0, 12, 24, 1, 69.6944, 28.45, 0.500, 1.384, 0.004

1, 12, 25, 1, 69.6944, 28.45, 0.230, 1.381, 0.004

0, 12, 24, 2, 69.6944, 28.45, 0.490, 1.377, 0.004

1, 12, 25, 2, 69.6944, 28.45, 0.230, 1.385, 0.004

0, 12, 24, 3, 69.6944, 28.45, 0.490, 1.388, 0.004

1, 12, 25, 3, 69.6944, 28.45, 0.230, 1.373, 0.004

0, 12, 24, 4, 69.6944, 28.45, 0.490, 1.382, 0.004

1, 12, 25, 4, 69.6944, 28.45, 0.220, 1.382, 0.004

0, 12, 24, 0, 0, 0, 0.330, 1.387, 0.004

1, 12, 25, 0, 0, 0, 0.230, 1.383, 0.004

0, 12, 24, 1, 0, 0, 0.330, 1.387, 0.004

1, 12, 25, 1, 0, 0, 0.230, 1.385, 0.004

0, 12, 24, 2, 0, 0, 0.330, 1.383, 0.004

1, 12, 25, 2, 0, 0, 0.220, 1.377, 0.004

0, 12, 24, 3, 0, 0, 0.320, 1.382, 0.004

1, 12, 25, 3, 0, 0, 0.230, 1.381, 0.004

0, 12, 24, 4, 0, 0, 0.330, 1.389, 0.004

1, 12, 25, 4, 0, 0, 0.220, 1.378, 0.004

0, 12, 24, 0, 69.6944, 28.7, 0.490, 1.386, 0.004

1, 12, 25, 0, 69.6944, 28.7, 0.230, 1.381, 0.004

0, 12, 24, 1, 69.6944, 28.7, 0.490, 1.386, 0.004

1, 12, 25, 1, 69.6944, 28.7, 0.230, 1.383, 0.004

0, 12, 24, 2, 69.6944, 28.7, 0.500, 1.395, 0.004

1, 12, 25, 2, 69.6944, 28.7, 0.230, 1.389, 0.004

0, 12, 24, 3, 69.6944, 28.7, 0.500, 1.378, 0.004

1, 12, 25, 3, 69.6944, 28.7, 0.230, 1.385, 0.004

0, 12, 24, 4, 69.6944, 28.7, 0.500, 1.363, 0.004

1, 12, 25, 4, 69.6944, 28.7, 0.230, 1.385, 0.004

0, 12, 24, 0, 69.6944, 28.95, 0.490, 1.382, 0.004

1, 12, 25, 0, 69.6944, 28.95, 0.230, 1.390, 0.004

0, 12, 24, 1, 69.6944, 28.95, 0.490, 1.384, 0.004

1, 12, 25, 1, 69.6944, 28.95, 0.230, 1.382, 0.004

0, 12, 24, 2, 69.6944, 28.95, 0.500, 1.379, 0.004

1, 12, 25, 2, 69.6944, 28.95, 0.230, 1.381, 0.004

0, 12, 24, 3, 69.6944, 28.95, 0.500, 1.392, 0.004

1, 12, 25, 3, 69.6944, 28.95, 0.230, 1.385, 0.004

0, 12, 24, 4, 69.6944, 28.95, 0.500, 1.381, 0.004

1, 12, 25, 4, 69.6944, 28.95, 0.230, 1.388, 0.004

0, 12, 24, 0, 69.6944, 29.2, 0.490, 1.380, 0.004

1, 12, 25, 0, 69.6944, 29.2, 0.230, 1.386, 0.004

0, 12, 24, 1, 69.6944, 29.2, 0.490, 1.382, 0.004

1, 12, 25, 1, 69.6944, 29.2, 0.220, 1.381, 0.004

0, 12, 24, 2, 69.6944, 29.2, 0.490, 1.381, 0.004

1, 12, 25, 2, 69.6944, 29.2, 0.230, 1.378, 0.004

0, 12, 24, 3, 69.6944, 29.2, 0.480, 1.375, 0.004

1, 12, 25, 3, 69.6944, 29.2, 0.230, 1.380, 0.004

0, 12, 24, 4, 69.6944, 29.2, 0.500, 1.388, 0.004

1, 12, 25, 4, 69.6944, 29.2, 0.230, 1.379, 0.004

0, 12, 24, 0, 69.6944, 29.45, 0.500, 1.382, 0.004

1, 12, 25, 0, 69.6944, 29.45, 0.230, 1.379, 0.004

0, 12, 24, 1, 69.6944, 29.45, 0.490, 1.382, 0.004

1, 12, 25, 1, 69.6944, 29.45, 0.230, 1.389, 0.004

0, 12, 24, 2, 69.6944, 29.45, 0.480, 1.376, 0.004

1, 12, 25, 2, 69.6944, 29.45, 0.230, 1.381, 0.004

0, 12, 24, 3, 69.6944, 29.45, 0.490, 1.390, 0.004

1, 12, 25, 3, 69.6944, 29.45, 0.230, 1.382, 0.004

0, 12, 24, 4, 69.6944, 29.45, 0.480, 1.394, 0.004

1, 12, 25, 4, 69.6944, 29.45, 0.230, 1.390, 0.004

0, 12, 24, 0, 69.6944, 29.7, 0.490, 1.389, 0.004

1, 12, 25, 0, 69.6944, 29.7, 0.230, 1.380, 0.004

0, 12, 24, 1, 69.6944, 29.7, 0.500, 1.366, 0.004

1, 12, 25, 1, 69.6944, 29.7, 0.230, 1.382, 0.004

0, 12, 24, 2, 69.6944, 29.7, 0.480, 1.377, 0.004

1, 12, 25, 2, 69.6944, 29.7, 0.220, 1.383, 0.004

0, 12, 24, 3, 69.6944, 29.7, 0.490, 1.382, 0.004

1, 12, 25, 3, 69.6944, 29.7, 0.220, 1.387, 0.004

0, 12, 24, 4, 69.6944, 29.7, 0.500, 1.375, 0.004

1, 12, 25, 4, 69.6944, 29.7, 0.230, 1.390, 0.004

0, 12, 24, 0, 69.6944, 29.95, 0.500, 1.382, 0.004

1, 12, 25, 0, 69.6944, 29.95, 0.230, 1.385, 0.004

0, 12, 24, 1, 69.6944, 29.95, 0.500, 1.378, 0.004

1, 12, 25, 1, 69.6944, 29.95, 0.230, 1.384, 0.004

0, 12, 24, 2, 69.6944, 29.95, 0.490, 1.386, 0.004

1, 12, 25, 2, 69.6944, 29.95, 0.230, 1.387, 0.004

0, 12, 24, 3, 69.6944, 29.95, 0.490, 1.383, 0.004

1, 12, 25, 3, 69.6944, 29.95, 0.230, 1.384, 0.004

0, 12, 24, 4, 69.6944, 29.95, 0.500, 1.386, 0.004

1, 12, 25, 4, 69.6944, 29.95, 0.220, 1.384, 0.004

0, 12, 24, 0, 69.6944, 30.2, 0.500, 1.395, 0.004

1, 12, 25, 0, 69.6944, 30.2, 0.220, 1.388, 0.004

0, 12, 24, 1, 69.6944, 30.2, 0.490, 1.387, 0.004

1, 12, 25, 1, 69.6944, 30.2, 0.230, 1.380, 0.004

0, 12, 24, 2, 69.6944, 30.2, 0.480, 1.387, 0.004

1, 12, 25, 2, 69.6944, 30.2, 0.230, 1.394, 0.004

0, 12, 24, 3, 69.6944, 30.2, 0.490, 1.381, 0.004

1, 12, 25, 3, 69.6944, 30.2, 0.230, 1.385, 0.004

0, 12, 24, 4, 69.6944, 30.2, 0.500, 1.378, 0.004

1, 12, 25, 4, 69.6944, 30.2, 0.220, 1.377, 0.004

0, 12, 24, 0, 69.6944, 30.45, 0.500, 1.389, 0.004

1, 12, 25, 0, 69.6944, 30.45, 0.230, 1.386, 0.004

0, 12, 24, 1, 69.6944, 30.45, 0.510, 1.387, 0.004

1, 12, 25, 1, 69.6944, 30.45, 0.220, 1.384, 0.004

0, 12, 24, 2, 69.6944, 30.45, 0.490, 1.381, 0.004

1, 12, 25, 2, 69.6944, 30.45, 0.220, 1.378, 0.004

0, 12, 24, 3, 69.6944, 30.45, 0.500, 1.385, 0.004

1, 12, 25, 3, 69.6944, 30.45, 0.230, 1.387, 0.004

0, 12, 24, 4, 69.6944, 30.45, 0.500, 1.381, 0.004

1, 12, 25, 4, 69.6944, 30.45, 0.220, 1.387, 0.004

0, 12, 24, 0, 69.6944, 30.7, 0.490, 1.385, 0.004

1, 12, 25, 0, 69.6944, 30.7, 0.230, 1.382, 0.004

0, 12, 24, 1, 69.6944, 30.7, 0.490, 1.369, 0.004

1, 12, 25, 1, 69.6944, 30.7, 0.230, 1.382, 0.004

0, 12, 24, 2, 69.6944, 30.7, 0.490, 1.375, 0.004

1, 12, 25, 2, 69.6944, 30.7, 0.230, 1.392, 0.004

0, 12, 24, 3, 69.6944, 30.7, 0.490, 1.378, 0.004

1, 12, 25, 3, 69.6944, 30.7, 0.220, 1.384, 0.004

0, 12, 24, 4, 69.6944, 30.7, 0.490, 1.357, 0.004

1, 12, 25, 4, 69.6944, 30.7, 0.230, 1.387, 0.004

0, 12, 24, 0, 69.6944, 30.95, 0.500, 1.384, 0.004

1, 12, 25, 0, 69.6944, 30.95, 0.230, 1.381, 0.004

0, 12, 24, 1, 69.6944, 30.95, 0.490, 1.383, 0.004

1, 12, 25, 1, 69.6944, 30.95, 0.230, 1.392, 0.004

0, 12, 24, 2, 69.6944, 30.95, 0.500, 1.366, 0.004

1, 12, 25, 2, 69.6944, 30.95, 0.230, 1.375, 0.004

0, 12, 24, 3, 69.6944, 30.95, 0.510, 1.334, 0.004

1, 12, 25, 3, 69.6944, 30.95, 0.230, 1.380, 0.004

0, 12, 24, 4, 69.6944, 30.95, 0.490, 1.385, 0.004

1, 12, 25, 4, 69.6944, 30.95, 0.230, 1.380, 0.004

0, 12, 24, 0, 69.6944, 31.2, 0.490, 1.382, 0.004

1, 12, 25, 0, 69.6944, 31.2, 0.230, 1.387, 0.004

0, 12, 24, 1, 69.6944, 31.2, 0.480, 1.389, 0.004

1, 12, 25, 1, 69.6944, 31.2, 0.230, 1.388, 0.004

0, 12, 24, 2, 69.6944, 31.2, 0.490, 1.395, 0.004

1, 12, 25, 2, 69.6944, 31.2, 0.230, 1.384, 0.004

0, 12, 24, 3, 69.6944, 31.2, 0.500, 1.384, 0.004

1, 12, 25, 3, 69.6944, 31.2, 0.220, 1.389, 0.004

0, 12, 24, 4, 69.6944, 31.2, 0.500, 1.382, 0.004

1, 12, 25, 4, 69.6944, 31.2, 0.230, 1.382, 0.004

0, 12, 24, 0, 69.6944, 31.45, 0.500, 1.373, 0.004

1, 12, 25, 0, 69.6944, 31.45, 0.220, 1.377, 0.004

0, 12, 24, 1, 69.6944, 31.45, 0.480, 1.384, 0.004

1, 12, 25, 1, 69.6944, 31.45, 0.230, 1.385, 0.004

0, 12, 24, 2, 69.6944, 31.45, 0.490, 1.379, 0.004

1, 12, 25, 2, 69.6944, 31.45, 0.230, 1.385, 0.004

0, 12, 24, 3, 69.6944, 31.45, 0.500, 1.380, 0.004

1, 12, 25, 3, 69.6944, 31.45, 0.230, 1.385, 0.004

0, 12, 24, 4, 69.6944, 31.45, 0.490, 1.375, 0.004

1, 12, 25, 4, 69.6944, 31.45, 0.230, 1.381, 0.004

0, 12, 24, 0, 69.6944, 31.7, 0.490, 1.385, 0.004

1, 12, 25, 0, 69.6944, 31.7, 0.230, 1.381, 0.004

0, 12, 24, 1, 69.6944, 31.7, 0.490, 1.384, 0.004

1, 12, 25, 1, 69.6944, 31.7, 0.230, 1.383, 0.004

0, 12, 24, 2, 69.6944, 31.7, 0.480, 1.385, 0.004

1, 12, 25, 2, 69.6944, 31.7, 0.230, 1.388, 0.004

0, 12, 24, 3, 69.6944, 31.7, 0.490, 1.379, 0.004

1, 12, 25, 3, 69.6944, 31.7, 0.220, 1.382, 0.004

0, 12, 24, 4, 69.6944, 31.7, 0.500, 1.375, 0.004

1, 12, 25, 4, 69.6944, 31.7, 0.230, 1.383, 0.004

0, 12, 24, 0, 69.6944, 31.95, 0.500, 1.398, 0.004

1, 12, 25, 0, 69.6944, 31.95, 0.220, 1.385, 0.004

0, 12, 24, 1, 69.6944, 31.95, 0.490, 1.386, 0.004

1, 12, 25, 1, 69.6944, 31.95, 0.230, 1.392, 0.004

0, 12, 24, 2, 69.6944, 31.95, 0.500, 1.377, 0.004

1, 12, 25, 2, 69.6944, 31.95, 0.220, 1.379, 0.004

0, 12, 24, 3, 69.6944, 31.95, 0.490, 1.380, 0.004

1, 12, 25, 3, 69.6944, 31.95, 0.220, 1.391, 0.004

0, 12, 24, 4, 69.6944, 31.95, 0.490, 1.383, 0.004

1, 12, 25, 4, 69.6944, 31.95, 0.220, 1.380, 0.004

0, 12, 24, 0, 69.6944, 32.2, 0.500, 1.353, 0.004

1, 12, 25, 0, 69.6944, 32.2, 0.220, 1.377, 0.004

0, 12, 24, 1, 69.6944, 32.2, 0.510, 1.361, 0.004

1, 12, 25, 1, 69.6944, 32.2, 0.230, 1.381, 0.004

0, 12, 24, 2, 69.6944, 32.2, 0.490, 1.327, 0.004

1, 12, 25, 2, 69.6944, 32.2, 0.220, 1.380, 0.004

0, 12, 24, 3, 69.6944, 32.2, 0.490, 1.378, 0.004

1, 12, 25, 3, 69.6944, 32.2, 0.230, 1.381, 0.004

0, 12, 24, 4, 69.6944, 32.2, 0.490, 1.381, 0.004

1, 12, 25, 4, 69.6944, 32.2, 0.230, 1.390, 0.004

0, 12, 24, 0, 69.6944, 32.45, 0.480, 1.384, 0.004

1, 12, 25, 0, 69.6944, 32.45, 0.230, 1.387, 0.004

0, 12, 24, 1, 69.6944, 32.45, 0.490, 1.388, 0.004

1, 12, 25, 1, 69.6944, 32.45, 0.220, 1.387, 0.004

0, 12, 24, 2, 69.6944, 32.45, 0.490, 1.395, 0.004

1, 12, 25, 2, 69.6944, 32.45, 0.230, 1.379, 0.004

0, 12, 24, 3, 69.6944, 32.45, 0.490, 1.380, 0.004

1, 12, 25, 3, 69.6944, 32.45, 0.230, 1.389, 0.004

0, 12, 24, 4, 69.6944, 32.45, 0.500, 1.358, 0.004

1, 12, 25, 4, 69.6944, 32.45, 0.230, 1.392, 0.004

0, 12, 24, 0, 69.6944, 32.7, 0.500, 1.350, 0.004

1, 12, 25, 0, 69.6944, 32.7, 0.220, 1.380, 0.004

0, 12, 24, 1, 69.6944, 32.7, 0.490, 1.378, 0.004

1, 12, 25, 1, 69.6944, 32.7, 0.230, 1.378, 0.004

0, 12, 24, 2, 69.6944, 32.7, 0.490, 1.381, 0.004

1, 12, 25, 2, 69.6944, 32.7, 0.230, 1.388, 0.004

0, 12, 24, 3, 69.6944, 32.7, 0.490, 1.345, 0.004

1, 12, 25, 3, 69.6944, 32.7, 0.230, 1.381, 0.004

0, 12, 24, 4, 69.6944, 32.7, 0.490, 1.379, 0.004

1, 12, 25, 4, 69.6944, 32.7, 0.220, 1.379, 0.004

0, 12, 24, 0, 69.6944, 32.95, 0.490, 1.382, 0.004

1, 12, 25, 0, 69.6944, 32.95, 0.230, 1.379, 0.004

0, 12, 24, 1, 69.6944, 32.95, 0.500, 1.380, 0.004

1, 12, 25, 1, 69.6944, 32.95, 0.230, 1.390, 0.004

0, 12, 24, 2, 69.6944, 32.95, 0.500, 1.379, 0.004

1, 12, 25, 2, 69.6944, 32.95, 0.220, 1.382, 0.004

0, 12, 24, 3, 69.6944, 32.95, 0.490, 1.368, 0.004

1, 12, 25, 3, 69.6944, 32.95, 0.220, 1.376, 0.004

0, 12, 24, 4, 69.6944, 32.95, 0.490, 1.389, 0.004

1, 12, 25, 4, 69.6944, 32.95, 0.230, 1.381, 0.004

0, 12, 24, 0, 69.6944, 33.2, 0.500, 1.384, 0.004

1, 12, 25, 0, 69.6944, 33.2, 0.230, 1.375, 0.004

0, 12, 24, 1, 69.6944, 33.2, 0.510, 1.385, 0.004

1, 12, 25, 1, 69.6944, 33.2, 0.230, 1.382, 0.004

0, 12, 24, 2, 69.6944, 33.2, 0.500, 1.383, 0.004

1, 12, 25, 2, 69.6944, 33.2, 0.230, 1.386, 0.004

0, 12, 24, 3, 69.6944, 33.2, 0.490, 1.381, 0.004

1, 12, 25, 3, 69.6944, 33.2, 0.220, 1.385, 0.004

0, 12, 24, 4, 69.6944, 33.2, 0.490, 1.373, 0.004

1, 12, 25, 4, 69.6944, 33.2, 0.230, 1.383, 0.004

0, 12, 24, 0, 69.6944, 33.45, 0.490, 1.378, 0.004

1, 12, 25, 0, 69.6944, 33.45, 0.230, 1.381, 0.004

0, 12, 24, 1, 69.6944, 33.45, 0.510, 1.386, 0.004

1, 12, 25, 1, 69.6944, 33.45, 0.230, 1.382, 0.004

0, 12, 24, 2, 69.6944, 33.45, 0.510, 1.376, 0.004

1, 12, 25, 2, 69.6944, 33.45, 0.230, 1.384, 0.004

0, 12, 24, 3, 69.6944, 33.45, 0.500, 1.389, 0.004

1, 12, 25, 3, 69.6944, 33.45, 0.220, 1.382, 0.004

0, 12, 24, 4, 69.6944, 33.45, 0.500, 1.379, 0.004

1, 12, 25, 4, 69.6944, 33.45, 0.220, 1.382, 0.004

0, 12, 24, 0, 0, 0, 0.330, 1.381, 0.004

1, 12, 25, 0, 0, 0, 0.230, 1.393, 0.004

0, 12, 24, 1, 0, 0, 0.320, 1.382, 0.004

1, 12, 25, 1, 0, 0, 0.220, 1.379, 0.004

0, 12, 24, 2, 0, 0, 0.320, 1.382, 0.004

1, 12, 25, 2, 0, 0, 0.230, 1.391, 0.004

0, 12, 24, 3, 0, 0, 0.320, 1.383, 0.004

1, 12, 25, 3, 0, 0, 0.220, 1.377, 0.004

0, 12, 24, 4, 0, 0, 0.320, 1.380, 0.004

1, 12, 25, 4, 0, 0, 0.220, 1.380, 0.004

0, 12, 24, 0, 69.6944, 33.7, 0.510, 1.373, 0.004

1, 12, 25, 0, 69.6944, 33.7, 0.230, 1.383, 0.004

0, 12, 24, 1, 69.6944, 33.7, 0.500, 1.374, 0.004

1, 12, 25, 1, 69.6944, 33.7, 0.230, 1.382, 0.004

0, 12, 24, 2, 69.6944, 33.7, 0.510, 1.382, 0.004

1, 12, 25, 2, 69.6944, 33.7, 0.220, 1.388, 0.004

0, 12, 24, 3, 69.6944, 33.7, 0.490, 1.380, 0.004

1, 12, 25, 3, 69.6944, 33.7, 0.230, 1.385, 0.004

0, 12, 24, 4, 69.6944, 33.7, 0.490, 1.346, 0.004

1, 12, 25, 4, 69.6944, 33.7, 0.230, 1.382, 0.004

0, 12, 24, 0, 69.6944, 33.95, 0.490, 1.375, 0.004

1, 12, 25, 0, 69.6944, 33.95, 0.230, 1.386, 0.004

0, 12, 24, 1, 69.6944, 33.95, 0.490, 1.347, 0.004

1, 12, 25, 1, 69.6944, 33.95, 0.230, 1.387, 0.004

0, 12, 24, 2, 69.6944, 33.95, 0.480, 1.380, 0.004

1, 12, 25, 2, 69.6944, 33.95, 0.230, 1.384, 0.004

0, 12, 24, 3, 69.6944, 33.95, 0.500, 1.381, 0.004

1, 12, 25, 3, 69.6944, 33.95, 0.220, 1.387, 0.004

0, 12, 24, 4, 69.6944, 33.95, 0.490, 1.375, 0.004

1, 12, 25, 4, 69.6944, 33.95, 0.220, 1.385, 0.004

0, 12, 24, 0, 69.6944, 34.2, 0.500, 1.382, 0.004

1, 12, 25, 0, 69.6944, 34.2, 0.230, 1.377, 0.004

0, 12, 24, 1, 69.6944, 34.2, 0.490, 1.380, 0.004

1, 12, 25, 1, 69.6944, 34.2, 0.230, 1.379, 0.004

0, 12, 24, 2, 69.6944, 34.2, 0.500, 1.379, 0.004

1, 12, 25, 2, 69.6944, 34.2, 0.220, 1.382, 0.004

0, 12, 24, 3, 69.6944, 34.2, 0.500, 1.388, 0.004

1, 12, 25, 3, 69.6944, 34.2, 0.230, 1.387, 0.004

0, 12, 24, 4, 69.6944, 34.2, 0.490, 1.372, 0.004

1, 12, 25, 4, 69.6944, 34.2, 0.230, 1.379, 0.004

0, 12, 24, 0, 69.6944, 34.45, 0.490, 1.388, 0.004

1, 12, 25, 0, 69.6944, 34.45, 0.220, 1.385, 0.004

0, 12, 24, 1, 69.6944, 34.45, 0.500, 1.392, 0.004

1, 12, 25, 1, 69.6944, 34.45, 0.230, 1.381, 0.004

0, 12, 24, 2, 69.6944, 34.45, 0.500, 1.378, 0.004

1, 12, 25, 2, 69.6944, 34.45, 0.230, 1.382, 0.004

0, 12, 24, 3, 69.6944, 34.45, 0.490, 1.378, 0.004

1, 12, 25, 3, 69.6944, 34.45, 0.230, 1.387, 0.004

0, 12, 24, 4, 69.6944, 34.45, 0.490, 1.377, 0.004

1, 12, 25, 4, 69.6944, 34.45, 0.230, 1.381, 0.004

0, 12, 24, 0, 69.6944, 34.7, 0.450, 1.385, 0.004

1, 12, 25, 0, 69.6944, 34.7, 0.230, 1.385, 0.004

0, 12, 24, 1, 69.6944, 34.7, 0.460, 1.395, 0.004

1, 12, 25, 1, 69.6944, 34.7, 0.230, 1.381, 0.004

0, 12, 24, 2, 69.6944, 34.7, 0.450, 1.377, 0.004

1, 12, 25, 2, 69.6944, 34.7, 0.220, 1.386, 0.004

0, 12, 24, 3, 69.6944, 34.7, 0.470, 1.384, 0.004

1, 12, 25, 3, 69.6944, 34.7, 0.220, 1.389, 0.004

0, 12, 24, 4, 69.6944, 34.7, 0.450, 1.381, 0.004

1, 12, 25, 4, 69.6944, 34.7, 0.220, 1.383, 0.004

0, 12, 24, 0, 69.6944, 34.95, 0.500, 1.392, 0.004

1, 12, 25, 0, 69.6944, 34.95, 0.230, 1.378, 0.004

0, 12, 24, 1, 69.6944, 34.95, 0.490, 1.389, 0.004

1, 12, 25, 1, 69.6944, 34.95, 0.230, 1.377, 0.004

0, 12, 24, 2, 69.6944, 34.95, 0.500, 1.388, 0.004

1, 12, 25, 2, 69.6944, 34.95, 0.230, 1.386, 0.004

0, 12, 24, 3, 69.6944, 34.95, 0.490, 1.386, 0.004

1, 12, 25, 3, 69.6944, 34.95, 0.230, 1.379, 0.004

0, 12, 24, 4, 69.6944, 34.95, 0.510, 1.383, 0.004

1, 12, 25, 4, 69.6944, 34.95, 0.220, 1.381, 0.004

0, 12, 24, 0, 69.6944, 35.2, 0.490, 1.384, 0.004

1, 12, 25, 0, 69.6944, 35.2, 0.220, 1.389, 0.004

0, 12, 24, 1, 69.6944, 35.2, 0.500, 1.388, 0.004

1, 12, 25, 1, 69.6944, 35.2, 0.220, 1.378, 0.004

0, 12, 24, 2, 69.6944, 35.2, 0.500, 1.383, 0.004

1, 12, 25, 2, 69.6944, 35.2, 0.230, 1.381, 0.004

0, 12, 24, 3, 69.6944, 35.2, 0.490, 1.380, 0.004

1, 12, 25, 3, 69.6944, 35.2, 0.230, 1.378, 0.004

0, 12, 24, 4, 69.6944, 35.2, 0.500, 1.385, 0.004

1, 12, 25, 4, 69.6944, 35.2, 0.230, 1.383, 0.004

0, 12, 24, 0, 69.6944, 35.45, 0.480, 1.381, 0.004

1, 12, 25, 0, 69.6944, 35.45, 0.220, 1.376, 0.004

0, 12, 24, 1, 69.6944, 35.45, 0.490, 1.389, 0.004

1, 12, 25, 1, 69.6944, 35.45, 0.230, 1.383, 0.004

0, 12, 24, 2, 69.6944, 35.45, 0.510, 1.405, 0.004

1, 12, 25, 2, 69.6944, 35.45, 0.230, 1.380, 0.004

0, 12, 24, 3, 69.6944, 35.45, 0.510, 1.390, 0.004

1, 12, 25, 3, 69.6944, 35.45, 0.230, 1.383, 0.004

0, 12, 24, 4, 69.6944, 35.45, 0.490, 1.393, 0.004

1, 12, 25, 4, 69.6944, 35.45, 0.220, 1.385, 0.004

0, 12, 24, 0, 69.6944, 35.7, 0.500, 1.385, 0.004

1, 12, 25, 0, 69.6944, 35.7, 0.230, 1.377, 0.004

0, 12, 24, 1, 69.6944, 35.7, 0.500, 1.375, 0.004

1, 12, 25, 1, 69.6944, 35.7, 0.230, 1.375, 0.004

0, 12, 24, 2, 69.6944, 35.7, 0.490, 1.361, 0.004

1, 12, 25, 2, 69.6944, 35.7, 0.230, 1.382, 0.004

0, 12, 24, 3, 69.6944, 35.7, 0.500, 1.387, 0.004

1, 12, 25, 3, 69.6944, 35.7, 0.230, 1.388, 0.004

0, 12, 24, 4, 69.6944, 35.7, 0.490, 1.364, 0.004

1, 12, 25, 4, 69.6944, 35.7, 0.230, 1.384, 0.004

0, 12, 24, 0, 69.6944, 35.95, 0.500, 1.381, 0.004

1, 12, 25, 0, 69.6944, 35.95, 0.230, 1.374, 0.004

0, 12, 24, 1, 69.6944, 35.95, 0.490, 1.381, 0.004

1, 12, 25, 1, 69.6944, 35.95, 0.230, 1.387, 0.004

0, 12, 24, 2, 69.6944, 35.95, 0.490, 1.397, 0.004

1, 12, 25, 2, 69.6944, 35.95, 0.230, 1.384, 0.004

0, 12, 24, 3, 69.6944, 35.95, 0.500, 1.381, 0.004

1, 12, 25, 3, 69.6944, 35.95, 0.230, 1.382, 0.004

0, 12, 24, 4, 69.6944, 35.95, 0.500, 1.375, 0.004

1, 12, 25, 4, 69.6944, 35.95, 0.230, 1.379, 0.004

0, 12, 24, 0, 69.6944, 36.2, 0.490, 1.380, 0.004

1, 12, 25, 0, 69.6944, 36.2, 0.230, 1.378, 0.004

0, 12, 24, 1, 69.6944, 36.2, 0.490, 1.383, 0.004

1, 12, 25, 1, 69.6944, 36.2, 0.230, 1.389, 0.004

0, 12, 24, 2, 69.6944, 36.2, 0.500, 1.381, 0.004

1, 12, 25, 2, 69.6944, 36.2, 0.230, 1.377, 0.004

0, 12, 24, 3, 69.6944, 36.2, 0.490, 1.387, 0.004

1, 12, 25, 3, 69.6944, 36.2, 0.230, 1.389, 0.004

0, 12, 24, 4, 69.6944, 36.2, 0.490, 1.376, 0.004

1, 12, 25, 4, 69.6944, 36.2, 0.230, 1.385, 0.004

0, 12, 24, 0, 69.6944, 36.45, 0.490, 1.386, 0.004

1, 12, 25, 0, 69.6944, 36.45, 0.230, 1.384, 0.004

0, 12, 24, 1, 69.6944, 36.45, 0.470, 1.397, 0.004

1, 12, 25, 1, 69.6944, 36.45, 0.230, 1.380, 0.004

0, 12, 24, 2, 69.6944, 36.45, 0.450, 1.380, 0.004

1, 12, 25, 2, 69.6944, 36.45, 0.230, 1.382, 0.004

0, 12, 24, 3, 69.6944, 36.45, 0.480, 1.384, 0.004

1, 12, 25, 3, 69.6944, 36.45, 0.220, 1.389, 0.004

0, 12, 24, 4, 69.6944, 36.45, 0.490, 1.382, 0.004

1, 12, 25, 4, 69.6944, 36.45, 0.230, 1.375, 0.004

0, 12, 24, 0, 69.6944, 36.7, 0.490, 1.390, 0.004

1, 12, 25, 0, 69.6944, 36.7, 0.230, 1.382, 0.004

0, 12, 24, 1, 69.6944, 36.7, 0.490, 1.378, 0.004

1, 12, 25, 1, 69.6944, 36.7, 0.230, 1.383, 0.004

0, 12, 24, 2, 69.6944, 36.7, 0.480, 1.346, 0.004

1, 12, 25, 2, 69.6944, 36.7, 0.230, 1.390, 0.004

0, 12, 24, 3, 69.6944, 36.7, 0.480, 1.384, 0.004

1, 12, 25, 3, 69.6944, 36.7, 0.220, 1.383, 0.004

0, 12, 24, 4, 69.6944, 36.7, 0.480, 1.384, 0.004

1, 12, 25, 4, 69.6944, 36.7, 0.220, 1.382, 0.004

0, 12, 24, 0, 69.6944, 36.95, 0.500, 1.386, 0.004

1, 12, 25, 0, 69.6944, 36.95, 0.220, 1.386, 0.004

0, 12, 24, 1, 69.6944, 36.95, 0.490, 1.379, 0.004

1, 12, 25, 1, 69.6944, 36.95, 0.220, 1.382, 0.004

0, 12, 24, 2, 69.6944, 36.95, 0.490, 1.378, 0.004

1, 12, 25, 2, 69.6944, 36.95, 0.230, 1.389, 0.004

0, 12, 24, 3, 69.6944, 36.95, 0.490, 1.372, 0.004

1, 12, 25, 3, 69.6944, 36.95, 0.220, 1.380, 0.004

0, 12, 24, 4, 69.6944, 36.95, 0.490, 1.378, 0.004

1, 12, 25, 4, 69.6944, 36.95, 0.220, 1.383, 0.004

0, 12, 24, 0, 69.6944, 37.2, 0.490, 1.390, 0.004

1, 12, 25, 0, 69.6944, 37.2, 0.230, 1.378, 0.004

0, 12, 24, 1, 69.6944, 37.2, 0.500, 1.378, 0.004

1, 12, 25, 1, 69.6944, 37.2, 0.230, 1.385, 0.004

0, 12, 24, 2, 69.6944, 37.2, 0.500, 1.380, 0.004

1, 12, 25, 2, 69.6944, 37.2, 0.230, 1.372, 0.004

0, 12, 24, 3, 69.6944, 37.2, 0.490, 1.381, 0.004

1, 12, 25, 3, 69.6944, 37.2, 0.230, 1.387, 0.004

0, 12, 24, 4, 69.6944, 37.2, 0.500, 1.384, 0.004

1, 12, 25, 4, 69.6944, 37.2, 0.220, 1.383, 0.004

0, 12, 24, 0, 69.6944, 37.45, 0.490, 1.379, 0.004

1, 12, 25, 0, 69.6944, 37.45, 0.230, 1.377, 0.004

0, 12, 24, 1, 69.6944, 37.45, 0.480, 1.389, 0.004

1, 12, 25, 1, 69.6944, 37.45, 0.220, 1.385, 0.004

0, 12, 24, 2, 69.6944, 37.45, 0.500, 1.383, 0.004

1, 12, 25, 2, 69.6944, 37.45, 0.230, 1.389, 0.004

0, 12, 24, 3, 69.6944, 37.45, 0.490, 1.381, 0.004

1, 12, 25, 3, 69.6944, 37.45, 0.220, 1.378, 0.004

0, 12, 24, 4, 69.6944, 37.45, 0.500, 1.358, 0.004

1, 12, 25, 4, 69.6944, 37.45, 0.230, 1.382, 0.004

0, 12, 24, 0, 69.6944, 37.7, 0.480, 1.382, 0.004

1, 12, 25, 0, 69.6944, 37.7, 0.230, 1.378, 0.004

0, 12, 24, 1, 69.6944, 37.7, 0.490, 1.396, 0.004

1, 12, 25, 1, 69.6944, 37.7, 0.230, 1.378, 0.004

0, 12, 24, 2, 69.6944, 37.7, 0.510, 1.377, 0.004

1, 12, 25, 2, 69.6944, 37.7, 0.230, 1.387, 0.004

0, 12, 24, 3, 69.6944, 37.7, 0.490, 1.385, 0.004

1, 12, 25, 3, 69.6944, 37.7, 0.220, 1.380, 0.004

0, 12, 24, 4, 69.6944, 37.7, 0.480, 1.375, 0.004

1, 12, 25, 4, 69.6944, 37.7, 0.230, 1.378, 0.004

0, 12, 24, 0, 69.6944, 37.95, 0.500, 1.378, 0.004

1, 12, 25, 0, 69.6944, 37.95, 0.230, 1.381, 0.004

0, 12, 24, 1, 69.6944, 37.95, 0.510, 1.356, 0.004

1, 12, 25, 1, 69.6944, 37.95, 0.230, 1.387, 0.004

0, 12, 24, 2, 69.6944, 37.95, 0.500, 1.364, 0.004

1, 12, 25, 2, 69.6944, 37.95, 0.230, 1.381, 0.004

0, 12, 24, 3, 69.6944, 37.95, 0.490, 1.380, 0.004

1, 12, 25, 3, 69.6944, 37.95, 0.230, 1.384, 0.004

0, 12, 24, 4, 69.6944, 37.95, 0.490, 1.381, 0.004

1, 12, 25, 4, 69.6944, 37.95, 0.220, 1.385, 0.004

0, 12, 24, 0, 69.6944, 38.2, 0.500, 1.385, 0.004

1, 12, 25, 0, 69.6944, 38.2, 0.230, 1.375, 0.004

0, 12, 24, 1, 69.6944, 38.2, 0.480, 1.338, 0.004

1, 12, 25, 1, 69.6944, 38.2, 0.230, 1.386, 0.004

0, 12, 24, 2, 69.6944, 38.2, 0.500, 1.385, 0.004

1, 12, 25, 2, 69.6944, 38.2, 0.230, 1.384, 0.004

0, 12, 24, 3, 69.6944, 38.2, 0.490, 1.388, 0.004

1, 12, 25, 3, 69.6944, 38.2, 0.220, 1.389, 0.004

0, 12, 24, 4, 69.6944, 38.2, 0.480, 1.389, 0.004

1, 12, 25, 4, 69.6944, 38.2, 0.230, 1.381, 0.004

0, 12, 24, 0, 69.6944, 38.45, 0.490, 1.405, 0.004

1, 12, 25, 0, 69.6944, 38.45, 0.220, 1.386, 0.004

0, 12, 24, 1, 69.6944, 38.45, 0.490, 1.387, 0.004

1, 12, 25, 1, 69.6944, 38.45, 0.230, 1.381, 0.004

0, 12, 24, 2, 69.6944, 38.45, 0.480, 1.371, 0.004

1, 12, 25, 2, 69.6944, 38.45, 0.230, 1.378, 0.004

0, 12, 24, 3, 69.6944, 38.45, 0.500, 1.379, 0.004

1, 12, 25, 3, 69.6944, 38.45, 0.230, 1.387, 0.004

0, 12, 24, 4, 69.6944, 38.45, 0.500, 1.387, 0.004

1, 12, 25, 4, 69.6944, 38.45, 0.230, 1.388, 0.004

0, 12, 24, 0, 0, 0, 0.330, 1.387, 0.004

1, 12, 25, 0, 0, 0, 0.220, 1.373, 0.004

0, 12, 24, 1, 0, 0, 0.330, 1.384, 0.004

1, 12, 25, 1, 0, 0, 0.230, 1.384, 0.004

0, 12, 24, 2, 0, 0, 0.330, 1.379, 0.004

1, 12, 25, 2, 0, 0, 0.230, 1.377, 0.004

0, 12, 24, 3, 0, 0, 0.330, 1.369, 0.004

1, 12, 25, 3, 0, 0, 0.230, 1.379, 0.004

0, 12, 24, 4, 0, 0, 0.330, 1.382, 0.004

1, 12, 25, 4, 0, 0, 0.230, 1.389, 0.004

0, 12, 24, 0, 69.6944, 38.7, 0.500, 1.383, 0.004

1, 12, 25, 0, 69.6944, 38.7, 0.230, 1.388, 0.004

0, 12, 24, 1, 69.6944, 38.7, 0.490, 1.383, 0.004

1, 12, 25, 1, 69.6944, 38.7, 0.230, 1.383, 0.004

0, 12, 24, 2, 69.6944, 38.7, 0.490, 1.400, 0.004

1, 12, 25, 2, 69.6944, 38.7, 0.230, 1.377, 0.004

0, 12, 24, 3, 69.6944, 38.7, 0.500, 1.380, 0.004

1, 12, 25, 3, 69.6944, 38.7, 0.230, 1.387, 0.004

0, 12, 24, 4, 69.6944, 38.7, 0.500, 1.380, 0.004

1, 12, 25, 4, 69.6944, 38.7, 0.230, 1.385, 0.004

0, 12, 24, 0, 69.6944, 38.95, 0.490, 1.379, 0.004

1, 12, 25, 0, 69.6944, 38.95, 0.230, 1.383, 0.004

0, 12, 24, 1, 69.6944, 38.95, 0.490, 1.374, 0.004

1, 12, 25, 1, 69.6944, 38.95, 0.230, 1.381, 0.004

0, 12, 24, 2, 69.6944, 38.95, 0.490, 1.383, 0.004

1, 12, 25, 2, 69.6944, 38.95, 0.230, 1.383, 0.004

0, 12, 24, 3, 69.6944, 38.95, 0.500, 1.380, 0.004

1, 12, 25, 3, 69.6944, 38.95, 0.230, 1.381, 0.004

0, 12, 24, 4, 69.6944, 38.95, 0.490, 1.383, 0.004

1, 12, 25, 4, 69.6944, 38.95, 0.230, 1.385, 0.004

0, 12, 24, 0, 69.6944, 39.2, 0.480, 1.379, 0.004

1, 12, 25, 0, 69.6944, 39.2, 0.230, 1.376, 0.004

0, 12, 24, 1, 69.6944, 39.2, 0.500, 1.379, 0.004

1, 12, 25, 1, 69.6944, 39.2, 0.230, 1.392, 0.004

0, 12, 24, 2, 69.6944, 39.2, 0.490, 1.378, 0.004

1, 12, 25, 2, 69.6944, 39.2, 0.230, 1.380, 0.004

0, 12, 24, 3, 69.6944, 39.2, 0.490, 1.376, 0.004

1, 12, 25, 3, 69.6944, 39.2, 0.230, 1.374, 0.004

0, 12, 24, 4, 69.6944, 39.2, 0.490, 1.379, 0.004

1, 12, 25, 4, 69.6944, 39.2, 0.230, 1.385, 0.004

0, 12, 24, 0, 69.6944, 39.45, 0.490, 1.389, 0.004

1, 12, 25, 0, 69.6944, 39.45, 0.220, 1.378, 0.004

0, 12, 24, 1, 69.6944, 39.45, 0.490, 1.393, 0.004

1, 12, 25, 1, 69.6944, 39.45, 0.220, 1.379, 0.004

0, 12, 24, 2, 69.6944, 39.45, 0.490, 1.355, 0.004

1, 12, 25, 2, 69.6944, 39.45, 0.230, 1.377, 0.004

0, 12, 24, 3, 69.6944, 39.45, 0.490, 1.383, 0.004

1, 12, 25, 3, 69.6944, 39.45, 0.230, 1.382, 0.004

0, 12, 24, 4, 69.6944, 39.45, 0.490, 1.384, 0.004

1, 12, 25, 4, 69.6944, 39.45, 0.230, 1.386, 0.004

0, 12, 24, 0, 69.6944, 39.7, 0.480, 1.378, 0.004

1, 12, 25, 0, 69.6944, 39.7, 0.230, 1.386, 0.004

0, 12, 24, 1, 69.6944, 39.7, 0.490, 1.395, 0.004

1, 12, 25, 1, 69.6944, 39.7, 0.230, 1.386, 0.004

0, 12, 24, 2, 69.6944, 39.7, 0.490, 1.393, 0.004

1, 12, 25, 2, 69.6944, 39.7, 0.230, 1.380, 0.004

0, 12, 24, 3, 69.6944, 39.7, 0.500, 1.381, 0.004

1, 12, 25, 3, 69.6944, 39.7, 0.230, 1.383, 0.004

0, 12, 24, 4, 69.6944, 39.7, 0.480, 1.388, 0.004

1, 12, 25, 4, 69.6944, 39.7, 0.230, 1.387, 0.004

0, 12, 24, 0, 69.6944, 39.95, 0.480, 1.381, 0.004

1, 12, 25, 0, 69.6944, 39.95, 0.230, 1.379, 0.004

0, 12, 24, 1, 69.6944, 39.95, 0.480, 1.381, 0.004

1, 12, 25, 1, 69.6944, 39.95, 0.230, 1.380, 0.004

0, 12, 24, 2, 69.6944, 39.95, 0.490, 1.377, 0.004

1, 12, 25, 2, 69.6944, 39.95, 0.230, 1.385, 0.004

0, 12, 24, 3, 69.6944, 39.95, 0.480, 1.393, 0.004

1, 12, 25, 3, 69.6944, 39.95, 0.220, 1.385, 0.004

0, 12, 24, 4, 69.6944, 39.95, 0.470, 1.383, 0.004

1, 12, 25, 4, 69.6944, 39.95, 0.230, 1.381, 0.004

0, 12, 24, 0, 69.6944, 40.2, 0.460, 1.389, 0.004

1, 12, 25, 0, 69.6944, 40.2, 0.220, 1.379, 0.004

0, 12, 24, 1, 69.6944, 40.2, 0.460, 1.384, 0.004

1, 12, 25, 1, 69.6944, 40.2, 0.220, 1.381, 0.004

0, 12, 24, 2, 69.6944, 40.2, 0.450, 1.353, 0.004

1, 12, 25, 2, 69.6944, 40.2, 0.230, 1.386, 0.004

0, 12, 24, 3, 69.6944, 40.2, 0.460, 1.379, 0.004

1, 12, 25, 3, 69.6944, 40.2, 0.230, 1.377, 0.004

0, 12, 24, 4, 69.6944, 40.2, 0.470, 1.380, 0.004

1, 12, 25, 4, 69.6944, 40.2, 0.220, 1.384, 0.004

0, 12, 24, 0, 69.6944, 40.45, 0.460, 1.371, 0.004

1, 12, 25, 0, 69.6944, 40.45, 0.220, 1.374, 0.004

0, 12, 24, 1, 69.6944, 40.45, 0.450, 1.377, 0.004

1, 12, 25, 1, 69.6944, 40.45, 0.230, 1.386, 0.004

0, 12, 24, 2, 69.6944, 40.45, 0.460, 1.371, 0.004

1, 12, 25, 2, 69.6944, 40.45, 0.230, 1.390, 0.004

0, 12, 24, 3, 69.6944, 40.45, 0.450, 1.385, 0.004

1, 12, 25, 3, 69.6944, 40.45, 0.230, 1.377, 0.004

0, 12, 24, 4, 69.6944, 40.45, 0.450, 1.381, 0.004

1, 12, 25, 4, 69.6944, 40.45, 0.220, 1.372, 0.004

0, 12, 24, 0, 69.6944, 40.7, 0.480, 1.389, 0.004

1, 12, 25, 0, 69.6944, 40.7, 0.230, 1.383, 0.004

0, 12, 24, 1, 69.6944, 40.7, 0.470, 1.388, 0.004

1, 12, 25, 1, 69.6944, 40.7, 0.230, 1.382, 0.004

0, 12, 24, 2, 69.6944, 40.7, 0.480, 1.378, 0.004

1, 12, 25, 2, 69.6944, 40.7, 0.230, 1.382, 0.004

0, 12, 24, 3, 69.6944, 40.7, 0.480, 1.377, 0.004

1, 12, 25, 3, 69.6944, 40.7, 0.230, 1.394, 0.004

0, 12, 24, 4, 69.6944, 40.7, 0.480, 1.382, 0.004

1, 12, 25, 4, 69.6944, 40.7, 0.230, 1.386, 0.004

0, 12, 24, 0, 69.6944, 40.95, 0.490, 1.377, 0.004

1, 12, 25, 0, 69.6944, 40.95, 0.230, 1.377, 0.004

0, 12, 24, 1, 69.6944, 40.95, 0.490, 1.376, 0.004

1, 12, 25, 1, 69.6944, 40.95, 0.230, 1.386, 0.004

0, 12, 24, 2, 69.6944, 40.95, 0.480, 1.388, 0.004

1, 12, 25, 2, 69.6944, 40.95, 0.230, 1.374, 0.004

0, 12, 24, 3, 69.6944, 40.95, 0.490, 1.377, 0.004

1, 12, 25, 3, 69.6944, 40.95, 0.230, 1.379, 0.004

0, 12, 24, 4, 69.6944, 40.95, 0.480, 1.381, 0.004

1, 12, 25, 4, 69.6944, 40.95, 0.230, 1.384, 0.004

0, 12, 24, 0, 69.6944, 41.2, 0.440, 1.386, 0.004

1, 12, 25, 0, 69.6944, 41.2, 0.230, 1.379, 0.004

0, 12, 24, 1, 69.6944, 41.2, 0.450, 1.374, 0.004

1, 12, 25, 1, 69.6944, 41.2, 0.230, 1.387, 0.004

0, 12, 24, 2, 69.6944, 41.2, 0.440, 1.381, 0.004

1, 12, 25, 2, 69.6944, 41.2, 0.220, 1.380, 0.004

0, 12, 24, 3, 69.6944, 41.2, 0.450, 1.384, 0.004

1, 12, 25, 3, 69.6944, 41.2, 0.220, 1.385, 0.004

0, 12, 24, 4, 69.6944, 41.2, 0.430, 1.385, 0.004

1, 12, 25, 4, 69.6944, 41.2, 0.230, 1.382, 0.004

0, 12, 24, 0, 69.6944, 41.45, 0.390, 1.385, 0.004

1, 12, 25, 0, 69.6944, 41.45, 0.220, 1.383, 0.004

0, 12, 24, 1, 69.6944, 41.45, 0.390, 1.390, 0.004

1, 12, 25, 1, 69.6944, 41.45, 0.230, 1.392, 0.004

0, 12, 24, 2, 69.6944, 41.45, 0.390, 1.388, 0.004

1, 12, 25, 2, 69.6944, 41.45, 0.230, 1.388, 0.004

0, 12, 24, 3, 69.6944, 41.45, 0.390, 1.384, 0.004

1, 12, 25, 3, 69.6944, 41.45, 0.230, 1.385, 0.004

0, 12, 24, 4, 69.6944, 41.45, 0.400, 1.387, 0.004

1, 12, 25, 4, 69.6944, 41.45, 0.220, 1.385, 0.004

0, 12, 24, 0, 69.6944, 41.7, 0.350, 1.386, 0.004

1, 12, 25, 0, 69.6944, 41.7, 0.230, 1.381, 0.004

0, 12, 24, 1, 69.6944, 41.7, 0.350, 1.377, 0.004

1, 12, 25, 1, 69.6944, 41.7, 0.220, 1.382, 0.004

0, 12, 24, 2, 69.6944, 41.7, 0.350, 1.384, 0.004

1, 12, 25, 2, 69.6944, 41.7, 0.230, 1.381, 0.004

0, 12, 24, 3, 69.6944, 41.7, 0.360, 1.381, 0.004

1, 12, 25, 3, 69.6944, 41.7, 0.230, 1.389, 0.004

0, 12, 24, 4, 69.6944, 41.7, 0.360, 1.379, 0.004

1, 12, 25, 4, 69.6944, 41.7, 0.230, 1.382, 0.004

0, 12, 24, 0, 69.6944, 41.95, 0.330, 1.382, 0.004

1, 12, 25, 0, 69.6944, 41.95, 0.230, 1.382, 0.004

0, 12, 24, 1, 69.6944, 41.95, 0.330, 1.385, 0.004

1, 12, 25, 1, 69.6944, 41.95, 0.230, 1.383, 0.004

0, 12, 24, 2, 69.6944, 41.95, 0.330, 1.386, 0.004

1, 12, 25, 2, 69.6944, 41.95, 0.230, 1.386, 0.004

0, 12, 24, 3, 69.6944, 41.95, 0.340, 1.385, 0.004

1, 12, 25, 3, 69.6944, 41.95, 0.230, 1.392, 0.004

0, 12, 24, 4, 69.6944, 41.95, 0.340, 1.391, 0.004

1, 12, 25, 4, 69.6944, 41.95, 0.220, 1.375, 0.004

0, 12, 24, 0, 69.6944, 42.2, 0.340, 1.385, 0.004

1, 12, 25, 0, 69.6944, 42.2, 0.230, 1.376, 0.004

0, 12, 24, 1, 69.6944, 42.2, 0.330, 1.382, 0.004

1, 12, 25, 1, 69.6944, 42.2, 0.230, 1.388, 0.004

0, 12, 24, 2, 69.6944, 42.2, 0.330, 1.384, 0.004

1, 12, 25, 2, 69.6944, 42.2, 0.230, 1.378, 0.004

0, 12, 24, 3, 69.6944, 42.2, 0.330, 1.384, 0.004

1, 12, 25, 3, 69.6944, 42.2, 0.220, 1.383, 0.004

0, 12, 24, 4, 69.6944, 42.2, 0.340, 1.387, 0.004

1, 12, 25, 4, 69.6944, 42.2, 0.230, 1.388, 0.004

0, 12, 24, 0, 69.6944, 42.45, 0.340, 1.392, 0.004

1, 12, 25, 0, 69.6944, 42.45, 0.220, 1.385, 0.004

0, 12, 24, 1, 69.6944, 42.45, 0.330, 1.381, 0.004

1, 12, 25, 1, 69.6944, 42.45, 0.220, 1.380, 0.004

0, 12, 24, 2, 69.6944, 42.45, 0.330, 1.375, 0.004

1, 12, 25, 2, 69.6944, 42.45, 0.230, 1.391, 0.004

0, 12, 24, 3, 69.6944, 42.45, 0.330, 1.383, 0.004

1, 12, 25, 3, 69.6944, 42.45, 0.220, 1.385, 0.004

0, 12, 24, 4, 69.6944, 42.45, 0.330, 1.381, 0.004

1, 12, 25, 4, 69.6944, 42.45, 0.230, 1.384, 0.004

0, 12, 24, 0, 69.6944, 42.7, 0.330, 1.387, 0.004

1, 12, 25, 0, 69.6944, 42.7, 0.230, 1.378, 0.004

0, 12, 24, 1, 69.6944, 42.7, 0.330, 1.380, 0.004

1, 12, 25, 1, 69.6944, 42.7, 0.230, 1.379, 0.004

0, 12, 24, 2, 69.6944, 42.7, 0.330, 1.377, 0.004

1, 12, 25, 2, 69.6944, 42.7, 0.230, 1.379, 0.004

0, 12, 24, 3, 69.6944, 42.7, 0.330, 1.380, 0.004

1, 12, 25, 3, 69.6944, 42.7, 0.230, 1.382, 0.004

0, 12, 24, 4, 69.6944, 42.7, 0.330, 1.382, 0.004

1, 12, 25, 4, 69.6944, 42.7, 0.230, 1.378, 0.004

0, 12, 24, 0, 69.6944, 42.95, 0.330, 1.384, 0.004

1, 12, 25, 0, 69.6944, 42.95, 0.230, 1.384, 0.004

0, 12, 24, 1, 69.6944, 42.95, 0.330, 1.380, 0.004

1, 12, 25, 1, 69.6944, 42.95, 0.230, 1.382, 0.004

0, 12, 24, 2, 69.6944, 42.95, 0.320, 1.370, 0.004

1, 12, 25, 2, 69.6944, 42.95, 0.230, 1.384, 0.004

0, 12, 24, 3, 69.6944, 42.95, 0.320, 1.377, 0.004

1, 12, 25, 3, 69.6944, 42.95, 0.230, 1.381, 0.004

0, 12, 24, 4, 69.6944, 42.95, 0.330, 1.381, 0.004

1, 12, 25, 4, 69.6944, 42.95, 0.230, 1.384, 0.004

0, 12, 24, 0, 69.6944, 43.2, 0.330, 1.388, 0.004

1, 12, 25, 0, 69.6944, 43.2, 0.220, 1.389, 0.004

0, 12, 24, 1, 69.6944, 43.2, 0.320, 1.389, 0.004

1, 12, 25, 1, 69.6944, 43.2, 0.230, 1.381, 0.004

0, 12, 24, 2, 69.6944, 43.2, 0.330, 1.397, 0.004

1, 12, 25, 2, 69.6944, 43.2, 0.230, 1.375, 0.004

0, 12, 24, 3, 69.6944, 43.2, 0.320, 1.383, 0.004

1, 12, 25, 3, 69.6944, 43.2, 0.220, 1.387, 0.004

0, 12, 24, 4, 69.6944, 43.2, 0.330, 1.383, 0.004

1, 12, 25, 4, 69.6944, 43.2, 0.220, 1.381, 0.004

0, 12, 24, 0, 69.6944, 43.45, 0.320, 1.383, 0.004

1, 12, 25, 0, 69.6944, 43.45, 0.220, 1.383, 0.004

0, 12, 24, 1, 69.6944, 43.45, 0.320, 1.382, 0.004

1, 12, 25, 1, 69.6944, 43.45, 0.230, 1.383, 0.004

0, 12, 24, 2, 69.6944, 43.45, 0.330, 1.387, 0.004

1, 12, 25, 2, 69.6944, 43.45, 0.230, 1.386, 0.004

0, 12, 24, 3, 69.6944, 43.45, 0.330, 1.379, 0.004

1, 12, 25, 3, 69.6944, 43.45, 0.230, 1.387, 0.004

0, 12, 24, 4, 69.6944, 43.45, 0.340, 1.387, 0.004

1, 12, 25, 4, 69.6944, 43.45, 0.230, 1.385, 0.004

0, 12, 24, 0, 0, 0, 0.320, 1.387, 0.004

1, 12, 25, 0, 0, 0, 0.230, 1.385, 0.004

0, 12, 24, 1, 0, 0, 0.320, 1.379, 0.004

1, 12, 25, 1, 0, 0, 0.230, 1.384, 0.004

0, 12, 24, 2, 0, 0, 0.320, 1.387, 0.004

1, 12, 25, 2, 0, 0, 0.230, 1.391, 0.004

0, 12, 24, 3, 0, 0, 0.320, 1.387, 0.004

1, 12, 25, 3, 0, 0, 0.220, 1.377, 0.004

0, 12, 24, 4, 0, 0, 0.320, 1.392, 0.004

1, 12, 25, 4, 0, 0, 0.220, 1.393, 0.004

0, 12, 24, 0, 69.6944, 43.7, 0.330, 1.382, 0.004

1, 12, 25, 0, 69.6944, 43.7, 0.230, 1.384, 0.004

0, 12, 24, 1, 69.6944, 43.7, 0.330, 1.386, 0.004

1, 12, 25, 1, 69.6944, 43.7, 0.220, 1.381, 0.004

0, 12, 24, 2, 69.6944, 43.7, 0.330, 1.382, 0.004

1, 12, 25, 2, 69.6944, 43.7, 0.220, 1.384, 0.004

0, 12, 24, 3, 69.6944, 43.7, 0.330, 1.379, 0.004

1, 12, 25, 3, 69.6944, 43.7, 0.230, 1.383, 0.004

0, 12, 24, 4, 69.6944, 43.7, 0.330, 1.394, 0.004

1, 12, 25, 4, 69.6944, 43.7, 0.230, 1.384, 0.004

0, 12, 24, 0, 69.6944, 43.95, 0.330, 1.392, 0.004

1, 12, 25, 0, 69.6944, 43.95, 0.230, 1.381, 0.004

0, 12, 24, 1, 69.6944, 43.95, 0.330, 1.380, 0.004

1, 12, 25, 1, 69.6944, 43.95, 0.230, 1.376, 0.004

0, 12, 24, 2, 69.6944, 43.95, 0.330, 1.391, 0.004

1, 12, 25, 2, 69.6944, 43.95, 0.230, 1.382, 0.004

0, 12, 24, 3, 69.6944, 43.95, 0.330, 1.387, 0.004

1, 12, 25, 3, 69.6944, 43.95, 0.230, 1.385, 0.004

0, 12, 24, 4, 69.6944, 43.95, 0.330, 1.381, 0.004

1, 12, 25, 4, 69.6944, 43.95, 0.220, 1.381, 0.004

0, 12, 24, 0, 69.6944, 44.2, 0.330, 1.380, 0.004

1, 12, 25, 0, 69.6944, 44.2, 0.230, 1.385, 0.004

0, 12, 24, 1, 69.6944, 44.2, 0.330, 1.384, 0.004

1, 12, 25, 1, 69.6944, 44.2, 0.230, 1.384, 0.004

0, 12, 24, 2, 69.6944, 44.2, 0.330, 1.384, 0.004

1, 12, 25, 2, 69.6944, 44.2, 0.220, 1.390, 0.004

0, 12, 24, 3, 69.6944, 44.2, 0.330, 1.381, 0.004

1, 12, 25, 3, 69.6944, 44.2, 0.220, 1.367, 0.004

0, 12, 24, 4, 69.6944, 44.2, 0.330, 1.379, 0.004

1, 12, 25, 4, 69.6944, 44.2, 0.220, 1.381, 0.004

