Test Sector:
Device ID, Channel, Tile ID, trial, x, y, IMON, RMON, VCOMP
xorigincm, xfinalcm, xsteplengthcm, xsteps = 10.676, 10.676, 0, 40
yorigincm, yfinalcm, ysteplengthcm, nRepeat = 18.9871, 29.0129, 0.25, 5
0, 1, 2, 0, 0, 0, 0.210, 1.388, 0.004

1, 1, 3, 0, 0, 0, 0.250, 1.387, 0.004

0, 1, 2, 1, 0, 0, 0.200, 1.396, 0.004

1, 1, 3, 1, 0, 0, 0.250, 1.376, 0.004

0, 1, 2, 2, 0, 0, 0.200, 1.393, 0.004

1, 1, 3, 2, 0, 0, 0.250, 1.384, 0.004

0, 1, 2, 3, 0, 0, 0.200, 1.390, 0.004

1, 1, 3, 3, 0, 0, 0.250, 1.383, 0.004

0, 1, 2, 4, 0, 0, 0.200, 1.395, 0.004

1, 1, 3, 4, 0, 0, 0.260, 1.378, 0.004

0, 1, 2, 0, 10.676, 18.9871, 0.200, 1.394, 0.004

1, 1, 3, 0, 10.676, 18.9871, 0.250, 1.385, 0.004

0, 1, 2, 1, 10.676, 18.9871, 0.200, 1.380, 0.004

1, 1, 3, 1, 10.676, 18.9871, 0.250, 1.385, 0.004

0, 1, 2, 2, 10.676, 18.9871, 0.210, 1.386, 0.004

1, 1, 3, 2, 10.676, 18.9871, 0.260, 1.377, 0.004

0, 1, 2, 3, 10.676, 18.9871, 0.210, 1.396, 0.004

1, 1, 3, 3, 10.676, 18.9871, 0.260, 1.371, 0.004

0, 1, 2, 4, 10.676, 18.9871, 0.210, 1.390, 0.004

1, 1, 3, 4, 10.676, 18.9871, 0.260, 1.378, 0.004

0, 1, 2, 0, 10.676, 19.2371, 0.200, 1.398, 0.004

1, 1, 3, 0, 10.676, 19.2371, 0.250, 1.382, 0.004

0, 1, 2, 1, 10.676, 19.2371, 0.200, 1.396, 0.004

1, 1, 3, 1, 10.676, 19.2371, 0.250, 1.375, 0.004

0, 1, 2, 2, 10.676, 19.2371, 0.200, 1.393, 0.004

1, 1, 3, 2, 10.676, 19.2371, 0.250, 1.373, 0.004

0, 1, 2, 3, 10.676, 19.2371, 0.200, 1.394, 0.004

1, 1, 3, 3, 10.676, 19.2371, 0.260, 1.386, 0.004

0, 1, 2, 4, 10.676, 19.2371, 0.200, 1.397, 0.004

1, 1, 3, 4, 10.676, 19.2371, 0.250, 1.387, 0.004

0, 1, 2, 0, 10.676, 19.4871, 0.200, 1.398, 0.004

1, 1, 3, 0, 10.676, 19.4871, 0.250, 1.384, 0.004

0, 1, 2, 1, 10.676, 19.4871, 0.210, 1.392, 0.004

1, 1, 3, 1, 10.676, 19.4871, 0.250, 1.374, 0.004

0, 1, 2, 2, 10.676, 19.4871, 0.200, 1.395, 0.004

1, 1, 3, 2, 10.676, 19.4871, 0.260, 1.376, 0.004

0, 1, 2, 3, 10.676, 19.4871, 0.200, 1.390, 0.004

1, 1, 3, 3, 10.676, 19.4871, 0.260, 1.385, 0.004

0, 1, 2, 4, 10.676, 19.4871, 0.210, 1.398, 0.004

1, 1, 3, 4, 10.676, 19.4871, 0.250, 1.381, 0.004

0, 1, 2, 0, 10.676, 19.7371, 0.200, 1.391, 0.004

1, 1, 3, 0, 10.676, 19.7371, 0.260, 1.379, 0.004

0, 1, 2, 1, 10.676, 19.7371, 0.200, 1.391, 0.004

1, 1, 3, 1, 10.676, 19.7371, 0.260, 1.389, 0.004

0, 1, 2, 2, 10.676, 19.7371, 0.210, 1.397, 0.004

1, 1, 3, 2, 10.676, 19.7371, 0.260, 1.387, 0.004

0, 1, 2, 3, 10.676, 19.7371, 0.200, 1.397, 0.004

1, 1, 3, 3, 10.676, 19.7371, 0.250, 1.381, 0.004

0, 1, 2, 4, 10.676, 19.7371, 0.210, 1.393, 0.004

1, 1, 3, 4, 10.676, 19.7371, 0.250, 1.381, 0.004

0, 1, 2, 0, 10.676, 19.9871, 0.200, 1.388, 0.004

1, 1, 3, 0, 10.676, 19.9871, 0.260, 1.383, 0.004

0, 1, 2, 1, 10.676, 19.9871, 0.210, 1.395, 0.004

1, 1, 3, 1, 10.676, 19.9871, 0.260, 1.380, 0.004

0, 1, 2, 2, 10.676, 19.9871, 0.200, 1.392, 0.004

1, 1, 3, 2, 10.676, 19.9871, 0.260, 1.379, 0.004

0, 1, 2, 3, 10.676, 19.9871, 0.210, 1.398, 0.004

1, 1, 3, 3, 10.676, 19.9871, 0.250, 1.386, 0.004

0, 1, 2, 4, 10.676, 19.9871, 0.200, 1.397, 0.004

1, 1, 3, 4, 10.676, 19.9871, 0.260, 1.381, 0.004

0, 1, 2, 0, 10.676, 20.2371, 0.200, 1.400, 0.004

1, 1, 3, 0, 10.676, 20.2371, 0.260, 1.371, 0.004

0, 1, 2, 1, 10.676, 20.2371, 0.210, 1.398, 0.004

1, 1, 3, 1, 10.676, 20.2371, 0.260, 1.381, 0.004

0, 1, 2, 2, 10.676, 20.2371, 0.200, 1.389, 0.004

1, 1, 3, 2, 10.676, 20.2371, 0.260, 1.384, 0.004

0, 1, 2, 3, 10.676, 20.2371, 0.210, 1.389, 0.004

1, 1, 3, 3, 10.676, 20.2371, 0.260, 1.373, 0.004

0, 1, 2, 4, 10.676, 20.2371, 0.210, 1.388, 0.004

1, 1, 3, 4, 10.676, 20.2371, 0.260, 1.384, 0.004

0, 1, 2, 0, 10.676, 20.4871, 0.200, 1.390, 0.004

1, 1, 3, 0, 10.676, 20.4871, 0.260, 1.386, 0.004

0, 1, 2, 1, 10.676, 20.4871, 0.200, 1.390, 0.004

1, 1, 3, 1, 10.676, 20.4871, 0.260, 1.381, 0.004

0, 1, 2, 2, 10.676, 20.4871, 0.200, 1.381, 0.004

1, 1, 3, 2, 10.676, 20.4871, 0.260, 1.375, 0.004

0, 1, 2, 3, 10.676, 20.4871, 0.210, 1.395, 0.004

1, 1, 3, 3, 10.676, 20.4871, 0.260, 1.383, 0.004

0, 1, 2, 4, 10.676, 20.4871, 0.210, 1.395, 0.004

1, 1, 3, 4, 10.676, 20.4871, 0.260, 1.385, 0.004

0, 1, 2, 0, 10.676, 20.7371, 0.200, 1.389, 0.004

1, 1, 3, 0, 10.676, 20.7371, 0.270, 1.383, 0.004

0, 1, 2, 1, 10.676, 20.7371, 0.200, 1.392, 0.004

1, 1, 3, 1, 10.676, 20.7371, 0.270, 1.382, 0.004

0, 1, 2, 2, 10.676, 20.7371, 0.210, 1.392, 0.004

1, 1, 3, 2, 10.676, 20.7371, 0.270, 1.371, 0.004

0, 1, 2, 3, 10.676, 20.7371, 0.210, 1.389, 0.004

1, 1, 3, 3, 10.676, 20.7371, 0.260, 1.381, 0.004

0, 1, 2, 4, 10.676, 20.7371, 0.210, 1.383, 0.004

1, 1, 3, 4, 10.676, 20.7371, 0.270, 1.380, 0.004

0, 1, 2, 0, 10.676, 20.9871, 0.200, 1.389, 0.004

1, 1, 3, 0, 10.676, 20.9871, 0.280, 1.381, 0.004

0, 1, 2, 1, 10.676, 20.9871, 0.200, 1.392, 0.004

1, 1, 3, 1, 10.676, 20.9871, 0.280, 1.384, 0.004

0, 1, 2, 2, 10.676, 20.9871, 0.200, 1.399, 0.004

1, 1, 3, 2, 10.676, 20.9871, 0.290, 1.390, 0.004

0, 1, 2, 3, 10.676, 20.9871, 0.210, 1.393, 0.004

1, 1, 3, 3, 10.676, 20.9871, 0.290, 1.385, 0.004

0, 1, 2, 4, 10.676, 20.9871, 0.210, 1.394, 0.004

1, 1, 3, 4, 10.676, 20.9871, 0.290, 1.385, 0.004

0, 1, 2, 0, 10.676, 21.2371, 0.210, 1.402, 0.004

1, 1, 3, 0, 10.676, 21.2371, 0.320, 1.384, 0.004

0, 1, 2, 1, 10.676, 21.2371, 0.210, 1.396, 0.004

1, 1, 3, 1, 10.676, 21.2371, 0.320, 1.379, 0.004

0, 1, 2, 2, 10.676, 21.2371, 0.200, 1.389, 0.004

1, 1, 3, 2, 10.676, 21.2371, 0.310, 1.385, 0.004

0, 1, 2, 3, 10.676, 21.2371, 0.210, 1.396, 0.004

1, 1, 3, 3, 10.676, 21.2371, 0.310, 1.379, 0.004

0, 1, 2, 4, 10.676, 21.2371, 0.210, 1.384, 0.004

1, 1, 3, 4, 10.676, 21.2371, 0.310, 1.376, 0.004

0, 1, 2, 0, 10.676, 21.4871, 0.200, 1.387, 0.004

1, 1, 3, 0, 10.676, 21.4871, 0.330, 1.367, 0.004

0, 1, 2, 1, 10.676, 21.4871, 0.210, 1.396, 0.004

1, 1, 3, 1, 10.676, 21.4871, 0.330, 1.373, 0.004

0, 1, 2, 2, 10.676, 21.4871, 0.210, 1.390, 0.004

1, 1, 3, 2, 10.676, 21.4871, 0.330, 1.393, 0.004

0, 1, 2, 3, 10.676, 21.4871, 0.210, 1.390, 0.004

1, 1, 3, 3, 10.676, 21.4871, 0.330, 1.372, 0.004

0, 1, 2, 4, 10.676, 21.4871, 0.210, 1.404, 0.004

1, 1, 3, 4, 10.676, 21.4871, 0.330, 1.389, 0.004

0, 1, 2, 0, 10.676, 21.7371, 0.210, 1.394, 0.004

1, 1, 3, 0, 10.676, 21.7371, 0.340, 1.380, 0.004

0, 1, 2, 1, 10.676, 21.7371, 0.210, 1.394, 0.004

1, 1, 3, 1, 10.676, 21.7371, 0.340, 1.385, 0.004

0, 1, 2, 2, 10.676, 21.7371, 0.210, 1.391, 0.004

1, 1, 3, 2, 10.676, 21.7371, 0.340, 1.387, 0.004

0, 1, 2, 3, 10.676, 21.7371, 0.200, 1.392, 0.004

1, 1, 3, 3, 10.676, 21.7371, 0.350, 1.388, 0.004

0, 1, 2, 4, 10.676, 21.7371, 0.210, 1.393, 0.004

1, 1, 3, 4, 10.676, 21.7371, 0.340, 1.378, 0.004

0, 1, 2, 0, 10.676, 21.9871, 0.210, 1.395, 0.004

1, 1, 3, 0, 10.676, 21.9871, 0.350, 1.381, 0.004

0, 1, 2, 1, 10.676, 21.9871, 0.210, 1.395, 0.004

1, 1, 3, 1, 10.676, 21.9871, 0.350, 1.386, 0.004

0, 1, 2, 2, 10.676, 21.9871, 0.210, 1.390, 0.004

1, 1, 3, 2, 10.676, 21.9871, 0.350, 1.388, 0.004

0, 1, 2, 3, 10.676, 21.9871, 0.200, 1.396, 0.004

1, 1, 3, 3, 10.676, 21.9871, 0.360, 1.380, 0.004

0, 1, 2, 4, 10.676, 21.9871, 0.210, 1.391, 0.004

1, 1, 3, 4, 10.676, 21.9871, 0.370, 1.385, 0.004

0, 1, 2, 0, 10.676, 22.2371, 0.210, 1.399, 0.004

1, 1, 3, 0, 10.676, 22.2371, 0.350, 1.381, 0.004

0, 1, 2, 1, 10.676, 22.2371, 0.210, 1.390, 0.004

1, 1, 3, 1, 10.676, 22.2371, 0.350, 1.382, 0.004

0, 1, 2, 2, 10.676, 22.2371, 0.210, 1.397, 0.004

1, 1, 3, 2, 10.676, 22.2371, 0.360, 1.380, 0.004

0, 1, 2, 3, 10.676, 22.2371, 0.210, 1.403, 0.004

1, 1, 3, 3, 10.676, 22.2371, 0.370, 1.379, 0.004

0, 1, 2, 4, 10.676, 22.2371, 0.210, 1.395, 0.004

1, 1, 3, 4, 10.676, 22.2371, 0.350, 1.373, 0.004

0, 1, 2, 0, 10.676, 22.4871, 0.210, 1.395, 0.004

1, 1, 3, 0, 10.676, 22.4871, 0.360, 1.376, 0.004

0, 1, 2, 1, 10.676, 22.4871, 0.210, 1.385, 0.004

1, 1, 3, 1, 10.676, 22.4871, 0.350, 1.386, 0.004

0, 1, 2, 2, 10.676, 22.4871, 0.200, 1.400, 0.004

1, 1, 3, 2, 10.676, 22.4871, 0.360, 1.378, 0.004

0, 1, 2, 3, 10.676, 22.4871, 0.200, 1.393, 0.004

1, 1, 3, 3, 10.676, 22.4871, 0.360, 1.380, 0.004

0, 1, 2, 4, 10.676, 22.4871, 0.210, 1.392, 0.004

1, 1, 3, 4, 10.676, 22.4871, 0.350, 1.376, 0.004

0, 1, 2, 0, 10.676, 22.7371, 0.200, 1.388, 0.004

1, 1, 3, 0, 10.676, 22.7371, 0.360, 1.387, 0.004

0, 1, 2, 1, 10.676, 22.7371, 0.200, 1.396, 0.004

1, 1, 3, 1, 10.676, 22.7371, 0.360, 1.373, 0.004

0, 1, 2, 2, 10.676, 22.7371, 0.210, 1.395, 0.004

1, 1, 3, 2, 10.676, 22.7371, 0.360, 1.380, 0.004

0, 1, 2, 3, 10.676, 22.7371, 0.210, 1.400, 0.004

1, 1, 3, 3, 10.676, 22.7371, 0.360, 1.379, 0.004

0, 1, 2, 4, 10.676, 22.7371, 0.210, 1.399, 0.004

1, 1, 3, 4, 10.676, 22.7371, 0.360, 1.397, 0.004

0, 1, 2, 0, 10.676, 22.9871, 0.210, 1.389, 0.004

1, 1, 3, 0, 10.676, 22.9871, 0.360, 1.376, 0.004

0, 1, 2, 1, 10.676, 22.9871, 0.210, 1.395, 0.004

1, 1, 3, 1, 10.676, 22.9871, 0.350, 1.388, 0.004

0, 1, 2, 2, 10.676, 22.9871, 0.210, 1.395, 0.004

1, 1, 3, 2, 10.676, 22.9871, 0.340, 1.373, 0.004

0, 1, 2, 3, 10.676, 22.9871, 0.210, 1.382, 0.004

1, 1, 3, 3, 10.676, 22.9871, 0.360, 1.379, 0.004

0, 1, 2, 4, 10.676, 22.9871, 0.210, 1.395, 0.004

1, 1, 3, 4, 10.676, 22.9871, 0.350, 1.372, 0.004

0, 1, 2, 0, 10.676, 23.2371, 0.210, 1.396, 0.004

1, 1, 3, 0, 10.676, 23.2371, 0.340, 1.379, 0.004

0, 1, 2, 1, 10.676, 23.2371, 0.210, 1.391, 0.004

1, 1, 3, 1, 10.676, 23.2371, 0.350, 1.395, 0.004

0, 1, 2, 2, 10.676, 23.2371, 0.200, 1.392, 0.004

1, 1, 3, 2, 10.676, 23.2371, 0.340, 1.387, 0.004

0, 1, 2, 3, 10.676, 23.2371, 0.210, 1.391, 0.004

1, 1, 3, 3, 10.676, 23.2371, 0.340, 1.378, 0.004

0, 1, 2, 4, 10.676, 23.2371, 0.210, 1.390, 0.004

1, 1, 3, 4, 10.676, 23.2371, 0.350, 1.381, 0.004

0, 1, 2, 0, 10.676, 23.4871, 0.210, 1.395, 0.004

1, 1, 3, 0, 10.676, 23.4871, 0.330, 1.374, 0.004

0, 1, 2, 1, 10.676, 23.4871, 0.210, 1.389, 0.004

1, 1, 3, 1, 10.676, 23.4871, 0.330, 1.388, 0.004

0, 1, 2, 2, 10.676, 23.4871, 0.200, 1.394, 0.004

1, 1, 3, 2, 10.676, 23.4871, 0.330, 1.386, 0.004

0, 1, 2, 3, 10.676, 23.4871, 0.210, 1.389, 0.004

1, 1, 3, 3, 10.676, 23.4871, 0.320, 1.385, 0.004

0, 1, 2, 4, 10.676, 23.4871, 0.210, 1.384, 0.004

1, 1, 3, 4, 10.676, 23.4871, 0.320, 1.363, 0.004

0, 1, 2, 0, 10.676, 23.7371, 0.210, 1.393, 0.004

1, 1, 3, 0, 10.676, 23.7371, 0.310, 1.367, 0.004

0, 1, 2, 1, 10.676, 23.7371, 0.210, 1.396, 0.004

1, 1, 3, 1, 10.676, 23.7371, 0.310, 1.381, 0.004

0, 1, 2, 2, 10.676, 23.7371, 0.210, 1.389, 0.004

1, 1, 3, 2, 10.676, 23.7371, 0.310, 1.381, 0.004

0, 1, 2, 3, 10.676, 23.7371, 0.210, 1.397, 0.004

1, 1, 3, 3, 10.676, 23.7371, 0.320, 1.384, 0.004

0, 1, 2, 4, 10.676, 23.7371, 0.210, 1.393, 0.004

1, 1, 3, 4, 10.676, 23.7371, 0.300, 1.378, 0.004

0, 1, 2, 0, 10.676, 23.9871, 0.220, 1.397, 0.004

1, 1, 3, 0, 10.676, 23.9871, 0.280, 1.374, 0.004

0, 1, 2, 1, 10.676, 23.9871, 0.210, 1.399, 0.004

1, 1, 3, 1, 10.676, 23.9871, 0.290, 1.384, 0.004

0, 1, 2, 2, 10.676, 23.9871, 0.220, 1.399, 0.004

1, 1, 3, 2, 10.676, 23.9871, 0.290, 1.387, 0.004

0, 1, 2, 3, 10.676, 23.9871, 0.220, 1.381, 0.004

1, 1, 3, 3, 10.676, 23.9871, 0.290, 1.371, 0.004

0, 1, 2, 4, 10.676, 23.9871, 0.210, 1.394, 0.004

1, 1, 3, 4, 10.676, 23.9871, 0.280, 1.383, 0.004

0, 1, 2, 0, 0, 0, 0.200, 1.390, 0.004

1, 1, 3, 0, 0, 0, 0.250, 1.385, 0.004

0, 1, 2, 1, 0, 0, 0.210, 1.388, 0.004

1, 1, 3, 1, 0, 0, 0.260, 1.387, 0.004

0, 1, 2, 2, 0, 0, 0.210, 1.390, 0.004

1, 1, 3, 2, 0, 0, 0.250, 1.387, 0.004

0, 1, 2, 3, 0, 0, 0.200, 1.393, 0.004

1, 1, 3, 3, 0, 0, 0.260, 1.380, 0.004

0, 1, 2, 4, 0, 0, 0.200, 1.391, 0.004

1, 1, 3, 4, 0, 0, 0.250, 1.389, 0.004

0, 1, 2, 0, 10.676, 24.2371, 0.230, 1.390, 0.004

1, 1, 3, 0, 10.676, 24.2371, 0.280, 1.384, 0.004

0, 1, 2, 1, 10.676, 24.2371, 0.230, 1.387, 0.004

1, 1, 3, 1, 10.676, 24.2371, 0.270, 1.381, 0.004

0, 1, 2, 2, 10.676, 24.2371, 0.230, 1.384, 0.004

1, 1, 3, 2, 10.676, 24.2371, 0.270, 1.378, 0.004

0, 1, 2, 3, 10.676, 24.2371, 0.230, 1.400, 0.004

1, 1, 3, 3, 10.676, 24.2371, 0.270, 1.382, 0.004

0, 1, 2, 4, 10.676, 24.2371, 0.220, 1.398, 0.004

1, 1, 3, 4, 10.676, 24.2371, 0.270, 1.385, 0.004

0, 1, 2, 0, 10.676, 24.4871, 0.240, 1.384, 0.004

1, 1, 3, 0, 10.676, 24.4871, 0.260, 1.374, 0.004

0, 1, 2, 1, 10.676, 24.4871, 0.230, 1.396, 0.004

1, 1, 3, 1, 10.676, 24.4871, 0.260, 1.373, 0.004

0, 1, 2, 2, 10.676, 24.4871, 0.240, 1.393, 0.004

1, 1, 3, 2, 10.676, 24.4871, 0.260, 1.383, 0.004

0, 1, 2, 3, 10.676, 24.4871, 0.230, 1.388, 0.004

1, 1, 3, 3, 10.676, 24.4871, 0.260, 1.380, 0.004

0, 1, 2, 4, 10.676, 24.4871, 0.240, 1.394, 0.004

1, 1, 3, 4, 10.676, 24.4871, 0.260, 1.387, 0.004

0, 1, 2, 0, 10.676, 24.7371, 0.250, 1.394, 0.004

1, 1, 3, 0, 10.676, 24.7371, 0.260, 1.381, 0.004

0, 1, 2, 1, 10.676, 24.7371, 0.250, 1.389, 0.004

1, 1, 3, 1, 10.676, 24.7371, 0.260, 1.377, 0.004

0, 1, 2, 2, 10.676, 24.7371, 0.250, 1.395, 0.004

1, 1, 3, 2, 10.676, 24.7371, 0.260, 1.387, 0.004

0, 1, 2, 3, 10.676, 24.7371, 0.260, 1.394, 0.004

1, 1, 3, 3, 10.676, 24.7371, 0.260, 1.382, 0.004

0, 1, 2, 4, 10.676, 24.7371, 0.250, 1.395, 0.004

1, 1, 3, 4, 10.676, 24.7371, 0.260, 1.382, 0.004

0, 1, 2, 0, 10.676, 24.9871, 0.260, 1.391, 0.004

1, 1, 3, 0, 10.676, 24.9871, 0.270, 1.385, 0.004

0, 1, 2, 1, 10.676, 24.9871, 0.260, 1.397, 0.004

1, 1, 3, 1, 10.676, 24.9871, 0.260, 1.378, 0.004

0, 1, 2, 2, 10.676, 24.9871, 0.260, 1.392, 0.004

1, 1, 3, 2, 10.676, 24.9871, 0.270, 1.386, 0.004

0, 1, 2, 3, 10.676, 24.9871, 0.250, 1.392, 0.004

1, 1, 3, 3, 10.676, 24.9871, 0.270, 1.380, 0.004

0, 1, 2, 4, 10.676, 24.9871, 0.260, 1.393, 0.004

1, 1, 3, 4, 10.676, 24.9871, 0.260, 1.380, 0.004

0, 1, 2, 0, 10.676, 25.2371, 0.260, 1.398, 0.004

1, 1, 3, 0, 10.676, 25.2371, 0.260, 1.377, 0.004

0, 1, 2, 1, 10.676, 25.2371, 0.260, 1.391, 0.004

1, 1, 3, 1, 10.676, 25.2371, 0.260, 1.388, 0.004

0, 1, 2, 2, 10.676, 25.2371, 0.260, 1.399, 0.004

1, 1, 3, 2, 10.676, 25.2371, 0.260, 1.387, 0.004

0, 1, 2, 3, 10.676, 25.2371, 0.270, 1.396, 0.004

1, 1, 3, 3, 10.676, 25.2371, 0.260, 1.380, 0.004

0, 1, 2, 4, 10.676, 25.2371, 0.260, 1.398, 0.004

1, 1, 3, 4, 10.676, 25.2371, 0.260, 1.378, 0.004

0, 1, 2, 0, 10.676, 25.4871, 0.270, 1.395, 0.004

1, 1, 3, 0, 10.676, 25.4871, 0.270, 1.385, 0.004

0, 1, 2, 1, 10.676, 25.4871, 0.260, 1.395, 0.004

1, 1, 3, 1, 10.676, 25.4871, 0.260, 1.381, 0.004

0, 1, 2, 2, 10.676, 25.4871, 0.260, 1.396, 0.004

1, 1, 3, 2, 10.676, 25.4871, 0.260, 1.381, 0.004

0, 1, 2, 3, 10.676, 25.4871, 0.260, 1.388, 0.004

1, 1, 3, 3, 10.676, 25.4871, 0.260, 1.378, 0.004

0, 1, 2, 4, 10.676, 25.4871, 0.260, 1.390, 0.004

1, 1, 3, 4, 10.676, 25.4871, 0.260, 1.368, 0.004

0, 1, 2, 0, 10.676, 25.7371, 0.270, 1.400, 0.004

1, 1, 3, 0, 10.676, 25.7371, 0.260, 1.391, 0.004

0, 1, 2, 1, 10.676, 25.7371, 0.270, 1.394, 0.004

1, 1, 3, 1, 10.676, 25.7371, 0.260, 1.379, 0.004

0, 1, 2, 2, 10.676, 25.7371, 0.260, 1.392, 0.004

1, 1, 3, 2, 10.676, 25.7371, 0.260, 1.382, 0.004

0, 1, 2, 3, 10.676, 25.7371, 0.270, 1.391, 0.004

1, 1, 3, 3, 10.676, 25.7371, 0.260, 1.373, 0.004

0, 1, 2, 4, 10.676, 25.7371, 0.270, 1.396, 0.004

1, 1, 3, 4, 10.676, 25.7371, 0.260, 1.376, 0.004

0, 1, 2, 0, 10.676, 25.9871, 0.270, 1.381, 0.004

1, 1, 3, 0, 10.676, 25.9871, 0.260, 1.378, 0.004

0, 1, 2, 1, 10.676, 25.9871, 0.270, 1.388, 0.004

1, 1, 3, 1, 10.676, 25.9871, 0.260, 1.375, 0.004

0, 1, 2, 2, 10.676, 25.9871, 0.260, 1.374, 0.004

1, 1, 3, 2, 10.676, 25.9871, 0.260, 1.378, 0.004

0, 1, 2, 3, 10.676, 25.9871, 0.260, 1.389, 0.004

1, 1, 3, 3, 10.676, 25.9871, 0.260, 1.382, 0.004

0, 1, 2, 4, 10.676, 25.9871, 0.280, 1.392, 0.004

1, 1, 3, 4, 10.676, 25.9871, 0.260, 1.380, 0.004

0, 1, 2, 0, 10.676, 26.2371, 0.260, 1.392, 0.004

1, 1, 3, 0, 10.676, 26.2371, 0.260, 1.389, 0.004

0, 1, 2, 1, 10.676, 26.2371, 0.270, 1.399, 0.004

1, 1, 3, 1, 10.676, 26.2371, 0.260, 1.383, 0.004

0, 1, 2, 2, 10.676, 26.2371, 0.260, 1.401, 0.004

1, 1, 3, 2, 10.676, 26.2371, 0.270, 1.378, 0.004

0, 1, 2, 3, 10.676, 26.2371, 0.260, 1.394, 0.004

1, 1, 3, 3, 10.676, 26.2371, 0.260, 1.388, 0.004

0, 1, 2, 4, 10.676, 26.2371, 0.260, 1.391, 0.004

1, 1, 3, 4, 10.676, 26.2371, 0.260, 1.390, 0.004

0, 1, 2, 0, 10.676, 26.4871, 0.250, 1.380, 0.004

1, 1, 3, 0, 10.676, 26.4871, 0.260, 1.376, 0.004

0, 1, 2, 1, 10.676, 26.4871, 0.240, 1.386, 0.004

1, 1, 3, 1, 10.676, 26.4871, 0.260, 1.383, 0.004

0, 1, 2, 2, 10.676, 26.4871, 0.250, 1.393, 0.004

1, 1, 3, 2, 10.676, 26.4871, 0.260, 1.380, 0.004

0, 1, 2, 3, 10.676, 26.4871, 0.250, 1.402, 0.004

1, 1, 3, 3, 10.676, 26.4871, 0.260, 1.371, 0.004

0, 1, 2, 4, 10.676, 26.4871, 0.250, 1.390, 0.004

1, 1, 3, 4, 10.676, 26.4871, 0.260, 1.380, 0.004

0, 1, 2, 0, 10.676, 26.7371, 0.240, 1.397, 0.004

1, 1, 3, 0, 10.676, 26.7371, 0.260, 1.378, 0.004

0, 1, 2, 1, 10.676, 26.7371, 0.250, 1.398, 0.004

1, 1, 3, 1, 10.676, 26.7371, 0.260, 1.386, 0.004

0, 1, 2, 2, 10.676, 26.7371, 0.250, 1.388, 0.004

1, 1, 3, 2, 10.676, 26.7371, 0.260, 1.385, 0.004

0, 1, 2, 3, 10.676, 26.7371, 0.250, 1.389, 0.004

1, 1, 3, 3, 10.676, 26.7371, 0.260, 1.385, 0.004

0, 1, 2, 4, 10.676, 26.7371, 0.240, 1.400, 0.004

1, 1, 3, 4, 10.676, 26.7371, 0.260, 1.387, 0.004

0, 1, 2, 0, 10.676, 26.9871, 0.230, 1.393, 0.004

1, 1, 3, 0, 10.676, 26.9871, 0.260, 1.380, 0.004

0, 1, 2, 1, 10.676, 26.9871, 0.230, 1.388, 0.004

1, 1, 3, 1, 10.676, 26.9871, 0.260, 1.380, 0.004

0, 1, 2, 2, 10.676, 26.9871, 0.230, 1.391, 0.004

1, 1, 3, 2, 10.676, 26.9871, 0.260, 1.378, 0.004

0, 1, 2, 3, 10.676, 26.9871, 0.240, 1.392, 0.004

1, 1, 3, 3, 10.676, 26.9871, 0.260, 1.385, 0.004

0, 1, 2, 4, 10.676, 26.9871, 0.240, 1.390, 0.004

1, 1, 3, 4, 10.676, 26.9871, 0.260, 1.381, 0.004

0, 1, 2, 0, 10.676, 27.2371, 0.220, 1.392, 0.004

1, 1, 3, 0, 10.676, 27.2371, 0.260, 1.388, 0.004

0, 1, 2, 1, 10.676, 27.2371, 0.220, 1.389, 0.004

1, 1, 3, 1, 10.676, 27.2371, 0.260, 1.373, 0.004

0, 1, 2, 2, 10.676, 27.2371, 0.220, 1.393, 0.004

1, 1, 3, 2, 10.676, 27.2371, 0.260, 1.385, 0.004

0, 1, 2, 3, 10.676, 27.2371, 0.220, 1.392, 0.004

1, 1, 3, 3, 10.676, 27.2371, 0.250, 1.381, 0.004

0, 1, 2, 4, 10.676, 27.2371, 0.220, 1.387, 0.004

1, 1, 3, 4, 10.676, 27.2371, 0.260, 1.381, 0.004

0, 1, 2, 0, 10.676, 27.4871, 0.210, 1.395, 0.004

1, 1, 3, 0, 10.676, 27.4871, 0.250, 1.378, 0.004

0, 1, 2, 1, 10.676, 27.4871, 0.210, 1.392, 0.004

1, 1, 3, 1, 10.676, 27.4871, 0.250, 1.377, 0.004

0, 1, 2, 2, 10.676, 27.4871, 0.210, 1.396, 0.004

1, 1, 3, 2, 10.676, 27.4871, 0.260, 1.387, 0.004

0, 1, 2, 3, 10.676, 27.4871, 0.210, 1.387, 0.004

1, 1, 3, 3, 10.676, 27.4871, 0.260, 1.385, 0.004

0, 1, 2, 4, 10.676, 27.4871, 0.210, 1.389, 0.004

1, 1, 3, 4, 10.676, 27.4871, 0.260, 1.383, 0.004

0, 1, 2, 0, 10.676, 27.7371, 0.200, 1.392, 0.004

1, 1, 3, 0, 10.676, 27.7371, 0.260, 1.384, 0.004

0, 1, 2, 1, 10.676, 27.7371, 0.210, 1.393, 0.004

1, 1, 3, 1, 10.676, 27.7371, 0.260, 1.379, 0.004

0, 1, 2, 2, 10.676, 27.7371, 0.210, 1.394, 0.004

1, 1, 3, 2, 10.676, 27.7371, 0.260, 1.392, 0.004

0, 1, 2, 3, 10.676, 27.7371, 0.200, 1.392, 0.004

1, 1, 3, 3, 10.676, 27.7371, 0.250, 1.374, 0.004

0, 1, 2, 4, 10.676, 27.7371, 0.210, 1.384, 0.004

1, 1, 3, 4, 10.676, 27.7371, 0.260, 1.387, 0.004

0, 1, 2, 0, 10.676, 27.9871, 0.200, 1.391, 0.004

1, 1, 3, 0, 10.676, 27.9871, 0.260, 1.382, 0.004

0, 1, 2, 1, 10.676, 27.9871, 0.210, 1.392, 0.004

1, 1, 3, 1, 10.676, 27.9871, 0.250, 1.381, 0.004

0, 1, 2, 2, 10.676, 27.9871, 0.200, 1.386, 0.004

1, 1, 3, 2, 10.676, 27.9871, 0.260, 1.388, 0.004

0, 1, 2, 3, 10.676, 27.9871, 0.210, 1.393, 0.004

1, 1, 3, 3, 10.676, 27.9871, 0.260, 1.386, 0.004

0, 1, 2, 4, 10.676, 27.9871, 0.200, 1.388, 0.004

1, 1, 3, 4, 10.676, 27.9871, 0.260, 1.375, 0.004

0, 1, 2, 0, 10.676, 28.2371, 0.210, 1.395, 0.004

1, 1, 3, 0, 10.676, 28.2371, 0.250, 1.380, 0.004

0, 1, 2, 1, 10.676, 28.2371, 0.200, 1.393, 0.004

1, 1, 3, 1, 10.676, 28.2371, 0.260, 1.387, 0.004

0, 1, 2, 2, 10.676, 28.2371, 0.200, 1.391, 0.004

1, 1, 3, 2, 10.676, 28.2371, 0.260, 1.383, 0.004

0, 1, 2, 3, 10.676, 28.2371, 0.210, 1.391, 0.004

1, 1, 3, 3, 10.676, 28.2371, 0.250, 1.378, 0.004

0, 1, 2, 4, 10.676, 28.2371, 0.200, 1.400, 0.004

1, 1, 3, 4, 10.676, 28.2371, 0.260, 1.381, 0.004

0, 1, 2, 0, 10.676, 28.4871, 0.210, 1.384, 0.004

1, 1, 3, 0, 10.676, 28.4871, 0.250, 1.391, 0.004

0, 1, 2, 1, 10.676, 28.4871, 0.210, 1.386, 0.004

1, 1, 3, 1, 10.676, 28.4871, 0.250, 1.380, 0.004

0, 1, 2, 2, 10.676, 28.4871, 0.210, 1.395, 0.004

1, 1, 3, 2, 10.676, 28.4871, 0.250, 1.381, 0.004

0, 1, 2, 3, 10.676, 28.4871, 0.200, 1.397, 0.004

1, 1, 3, 3, 10.676, 28.4871, 0.260, 1.377, 0.004

0, 1, 2, 4, 10.676, 28.4871, 0.200, 1.392, 0.004

1, 1, 3, 4, 10.676, 28.4871, 0.260, 1.374, 0.004

0, 1, 2, 0, 10.676, 28.7371, 0.200, 1.398, 0.004

1, 1, 3, 0, 10.676, 28.7371, 0.260, 1.382, 0.004

0, 1, 2, 1, 10.676, 28.7371, 0.210, 1.392, 0.004

1, 1, 3, 1, 10.676, 28.7371, 0.260, 1.379, 0.004

0, 1, 2, 2, 10.676, 28.7371, 0.200, 1.389, 0.004

1, 1, 3, 2, 10.676, 28.7371, 0.260, 1.383, 0.004

0, 1, 2, 3, 10.676, 28.7371, 0.210, 1.394, 0.004

1, 1, 3, 3, 10.676, 28.7371, 0.260, 1.378, 0.004

0, 1, 2, 4, 10.676, 28.7371, 0.210, 1.391, 0.004

1, 1, 3, 4, 10.676, 28.7371, 0.250, 1.380, 0.004

