Test Sector:
Device ID, Channel, Tile ID, trial, x, y, IMON, RMON, VCOMP
xorigincm, xfinalcm, xsteplengthcm, xsteps = 53.1299, 53.1299, 0, 129
yorigincm, yfinalcm, ysteplengthcm, nRepeat = 7.81137, 40.1886, 0.25, 5
0, 9, 18, 0, 0, 0, 0.210, 1.398, 0.004

1, 9, 19, 0, 0, 0, 0.220, 1.375, 0.004

0, 9, 18, 1, 0, 0, 0.220, 1.402, 0.004

1, 9, 19, 1, 0, 0, 0.220, 1.375, 0.004

0, 9, 18, 2, 0, 0, 0.220, 1.404, 0.004

1, 9, 19, 2, 0, 0, 0.220, 1.365, 0.004

0, 9, 18, 3, 0, 0, 0.220, 1.405, 0.004

1, 9, 19, 3, 0, 0, 0.220, 1.372, 0.004

0, 9, 18, 4, 0, 0, 0.210, 1.405, 0.004

1, 9, 19, 4, 0, 0, 0.220, 1.376, 0.004

0, 9, 18, 0, 53.1299, 7.81137, 0.210, 1.400, 0.004

1, 9, 19, 0, 53.1299, 7.81137, 0.210, 1.372, 0.004

0, 9, 18, 1, 53.1299, 7.81137, 0.210, 1.399, 0.004

1, 9, 19, 1, 53.1299, 7.81137, 0.210, 1.367, 0.004

0, 9, 18, 2, 53.1299, 7.81137, 0.210, 1.402, 0.004

1, 9, 19, 2, 53.1299, 7.81137, 0.210, 1.381, 0.004

0, 9, 18, 3, 53.1299, 7.81137, 0.210, 1.393, 0.004

1, 9, 19, 3, 53.1299, 7.81137, 0.210, 1.380, 0.004

0, 9, 18, 4, 53.1299, 7.81137, 0.210, 1.397, 0.004

1, 9, 19, 4, 53.1299, 7.81137, 0.210, 1.376, 0.004

0, 9, 18, 0, 53.1299, 8.06137, 0.210, 1.406, 0.004

1, 9, 19, 0, 53.1299, 8.06137, 0.210, 1.366, 0.004

0, 9, 18, 1, 53.1299, 8.06137, 0.210, 1.400, 0.004

1, 9, 19, 1, 53.1299, 8.06137, 0.210, 1.368, 0.004

0, 9, 18, 2, 53.1299, 8.06137, 0.210, 1.402, 0.004

1, 9, 19, 2, 53.1299, 8.06137, 0.210, 1.375, 0.004

0, 9, 18, 3, 53.1299, 8.06137, 0.210, 1.407, 0.004

1, 9, 19, 3, 53.1299, 8.06137, 0.210, 1.372, 0.004

0, 9, 18, 4, 53.1299, 8.06137, 0.210, 1.397, 0.004

1, 9, 19, 4, 53.1299, 8.06137, 0.210, 1.382, 0.004

0, 9, 18, 0, 53.1299, 8.31137, 0.210, 1.404, 0.004

1, 9, 19, 0, 53.1299, 8.31137, 0.210, 1.375, 0.004

0, 9, 18, 1, 53.1299, 8.31137, 0.210, 1.398, 0.004

1, 9, 19, 1, 53.1299, 8.31137, 0.210, 1.364, 0.004

0, 9, 18, 2, 53.1299, 8.31137, 0.210, 1.402, 0.004

1, 9, 19, 2, 53.1299, 8.31137, 0.210, 1.369, 0.004

0, 9, 18, 3, 53.1299, 8.31137, 0.210, 1.393, 0.004

1, 9, 19, 3, 53.1299, 8.31137, 0.210, 1.380, 0.004

0, 9, 18, 4, 53.1299, 8.31137, 0.210, 1.395, 0.004

1, 9, 19, 4, 53.1299, 8.31137, 0.210, 1.373, 0.004

0, 9, 18, 0, 53.1299, 8.56137, 0.210, 1.397, 0.004

1, 9, 19, 0, 53.1299, 8.56137, 0.210, 1.387, 0.004

0, 9, 18, 1, 53.1299, 8.56137, 0.210, 1.404, 0.004

1, 9, 19, 1, 53.1299, 8.56137, 0.210, 1.368, 0.004

0, 9, 18, 2, 53.1299, 8.56137, 0.210, 1.401, 0.004

1, 9, 19, 2, 53.1299, 8.56137, 0.220, 1.375, 0.004

0, 9, 18, 3, 53.1299, 8.56137, 0.210, 1.396, 0.004

1, 9, 19, 3, 53.1299, 8.56137, 0.210, 1.378, 0.004

0, 9, 18, 4, 53.1299, 8.56137, 0.210, 1.398, 0.004

1, 9, 19, 4, 53.1299, 8.56137, 0.210, 1.383, 0.004

0, 9, 18, 0, 53.1299, 8.81137, 0.200, 1.399, 0.004

1, 9, 19, 0, 53.1299, 8.81137, 0.210, 1.373, 0.004

0, 9, 18, 1, 53.1299, 8.81137, 0.210, 1.396, 0.004

1, 9, 19, 1, 53.1299, 8.81137, 0.220, 1.375, 0.004

0, 9, 18, 2, 53.1299, 8.81137, 0.200, 1.407, 0.004

1, 9, 19, 2, 53.1299, 8.81137, 0.210, 1.373, 0.004

0, 9, 18, 3, 53.1299, 8.81137, 0.200, 1.397, 0.004

1, 9, 19, 3, 53.1299, 8.81137, 0.210, 1.373, 0.004

0, 9, 18, 4, 53.1299, 8.81137, 0.200, 1.399, 0.004

1, 9, 19, 4, 53.1299, 8.81137, 0.210, 1.375, 0.004

0, 9, 18, 0, 53.1299, 9.06137, 0.210, 1.398, 0.004

1, 9, 19, 0, 53.1299, 9.06137, 0.230, 1.381, 0.004

0, 9, 18, 1, 53.1299, 9.06137, 0.210, 1.400, 0.004

1, 9, 19, 1, 53.1299, 9.06137, 0.230, 1.369, 0.004

0, 9, 18, 2, 53.1299, 9.06137, 0.210, 1.396, 0.004

1, 9, 19, 2, 53.1299, 9.06137, 0.230, 1.382, 0.004

0, 9, 18, 3, 53.1299, 9.06137, 0.200, 1.408, 0.004

1, 9, 19, 3, 53.1299, 9.06137, 0.220, 1.370, 0.004

0, 9, 18, 4, 53.1299, 9.06137, 0.210, 1.397, 0.004

1, 9, 19, 4, 53.1299, 9.06137, 0.230, 1.373, 0.004

0, 9, 18, 0, 53.1299, 9.31137, 0.200, 1.397, 0.004

1, 9, 19, 0, 53.1299, 9.31137, 0.270, 1.384, 0.004

0, 9, 18, 1, 53.1299, 9.31137, 0.200, 1.398, 0.004

1, 9, 19, 1, 53.1299, 9.31137, 0.270, 1.374, 0.004

0, 9, 18, 2, 53.1299, 9.31137, 0.210, 1.400, 0.004

1, 9, 19, 2, 53.1299, 9.31137, 0.270, 1.377, 0.004

0, 9, 18, 3, 53.1299, 9.31137, 0.200, 1.406, 0.004

1, 9, 19, 3, 53.1299, 9.31137, 0.260, 1.377, 0.004

0, 9, 18, 4, 53.1299, 9.31137, 0.210, 1.406, 0.004

1, 9, 19, 4, 53.1299, 9.31137, 0.280, 1.357, 0.004

0, 9, 18, 0, 53.1299, 9.56137, 0.210, 1.394, 0.004

1, 9, 19, 0, 53.1299, 9.56137, 0.330, 1.376, 0.004

0, 9, 18, 1, 53.1299, 9.56137, 0.200, 1.398, 0.004

1, 9, 19, 1, 53.1299, 9.56137, 0.330, 1.373, 0.004

0, 9, 18, 2, 53.1299, 9.56137, 0.210, 1.397, 0.004

1, 9, 19, 2, 53.1299, 9.56137, 0.330, 1.370, 0.004

0, 9, 18, 3, 53.1299, 9.56137, 0.210, 1.398, 0.004

1, 9, 19, 3, 53.1299, 9.56137, 0.330, 1.370, 0.004

0, 9, 18, 4, 53.1299, 9.56137, 0.210, 1.400, 0.004

1, 9, 19, 4, 53.1299, 9.56137, 0.330, 1.371, 0.004

0, 9, 18, 0, 53.1299, 9.81137, 0.200, 1.399, 0.004

1, 9, 19, 0, 53.1299, 9.81137, 0.400, 1.376, 0.004

0, 9, 18, 1, 53.1299, 9.81137, 0.210, 1.407, 0.004

1, 9, 19, 1, 53.1299, 9.81137, 0.400, 1.381, 0.004

0, 9, 18, 2, 53.1299, 9.81137, 0.200, 1.407, 0.004

1, 9, 19, 2, 53.1299, 9.81137, 0.410, 1.380, 0.004

0, 9, 18, 3, 53.1299, 9.81137, 0.200, 1.400, 0.004

1, 9, 19, 3, 53.1299, 9.81137, 0.410, 1.381, 0.004

0, 9, 18, 4, 53.1299, 9.81137, 0.200, 1.405, 0.004

1, 9, 19, 4, 53.1299, 9.81137, 0.400, 1.371, 0.004

0, 9, 18, 0, 53.1299, 10.0614, 0.200, 1.404, 0.004

1, 9, 19, 0, 53.1299, 10.0614, 0.420, 1.331, 0.004

0, 9, 18, 1, 53.1299, 10.0614, 0.200, 1.393, 0.004

1, 9, 19, 1, 53.1299, 10.0614, 0.420, 1.385, 0.004

0, 9, 18, 2, 53.1299, 10.0614, 0.200, 1.401, 0.004

1, 9, 19, 2, 53.1299, 10.0614, 0.420, 1.371, 0.004

0, 9, 18, 3, 53.1299, 10.0614, 0.200, 1.403, 0.004

1, 9, 19, 3, 53.1299, 10.0614, 0.400, 1.281, 0.004

0, 9, 18, 4, 53.1299, 10.0614, 0.210, 1.397, 0.004

1, 9, 19, 4, 53.1299, 10.0614, 0.390, 1.380, 0.004

0, 9, 18, 0, 53.1299, 10.3114, 0.210, 1.408, 0.004

1, 9, 19, 0, 53.1299, 10.3114, 0.430, 1.388, 0.004

0, 9, 18, 1, 53.1299, 10.3114, 0.200, 1.405, 0.004

1, 9, 19, 1, 53.1299, 10.3114, 0.440, 1.376, 0.004

0, 9, 18, 2, 53.1299, 10.3114, 0.210, 1.393, 0.004

1, 9, 19, 2, 53.1299, 10.3114, 0.400, 1.366, 0.004

0, 9, 18, 3, 53.1299, 10.3114, 0.210, 1.403, 0.004

1, 9, 19, 3, 53.1299, 10.3114, 0.420, 1.345, 0.004

0, 9, 18, 4, 53.1299, 10.3114, 0.200, 1.401, 0.004

1, 9, 19, 4, 53.1299, 10.3114, 0.430, 1.377, 0.004

0, 9, 18, 0, 53.1299, 10.5614, 0.200, 1.397, 0.004

1, 9, 19, 0, 53.1299, 10.5614, 0.410, 1.344, 0.004

0, 9, 18, 1, 53.1299, 10.5614, 0.200, 1.402, 0.004

1, 9, 19, 1, 53.1299, 10.5614, 0.420, 1.363, 0.004

0, 9, 18, 2, 53.1299, 10.5614, 0.200, 1.398, 0.004

1, 9, 19, 2, 53.1299, 10.5614, 0.410, 1.380, 0.004

0, 9, 18, 3, 53.1299, 10.5614, 0.200, 1.404, 0.004

1, 9, 19, 3, 53.1299, 10.5614, 0.430, 1.373, 0.004

0, 9, 18, 4, 53.1299, 10.5614, 0.200, 1.398, 0.004

1, 9, 19, 4, 53.1299, 10.5614, 0.420, 1.358, 0.004

0, 9, 18, 0, 53.1299, 10.8114, 0.210, 1.394, 0.004

1, 9, 19, 0, 53.1299, 10.8114, 0.390, 1.379, 0.004

0, 9, 18, 1, 53.1299, 10.8114, 0.200, 1.398, 0.004

1, 9, 19, 1, 53.1299, 10.8114, 0.380, 1.374, 0.004

0, 9, 18, 2, 53.1299, 10.8114, 0.200, 1.406, 0.004

1, 9, 19, 2, 53.1299, 10.8114, 0.390, 1.377, 0.004

0, 9, 18, 3, 53.1299, 10.8114, 0.210, 1.396, 0.004

1, 9, 19, 3, 53.1299, 10.8114, 0.400, 1.380, 0.004

0, 9, 18, 4, 53.1299, 10.8114, 0.210, 1.392, 0.004

1, 9, 19, 4, 53.1299, 10.8114, 0.390, 1.364, 0.004

0, 9, 18, 0, 53.1299, 11.0614, 0.210, 1.396, 0.004

1, 9, 19, 0, 53.1299, 11.0614, 0.410, 1.376, 0.004

0, 9, 18, 1, 53.1299, 11.0614, 0.200, 1.402, 0.004

1, 9, 19, 1, 53.1299, 11.0614, 0.390, 1.371, 0.004

0, 9, 18, 2, 53.1299, 11.0614, 0.210, 1.401, 0.004

1, 9, 19, 2, 53.1299, 11.0614, 0.390, 1.376, 0.004

0, 9, 18, 3, 53.1299, 11.0614, 0.200, 1.395, 0.004

1, 9, 19, 3, 53.1299, 11.0614, 0.390, 1.376, 0.004

0, 9, 18, 4, 53.1299, 11.0614, 0.200, 1.399, 0.004

1, 9, 19, 4, 53.1299, 11.0614, 0.390, 1.358, 0.004

0, 9, 18, 0, 53.1299, 11.3114, 0.200, 1.399, 0.004

1, 9, 19, 0, 53.1299, 11.3114, 0.430, 1.372, 0.004

0, 9, 18, 1, 53.1299, 11.3114, 0.210, 1.404, 0.004

1, 9, 19, 1, 53.1299, 11.3114, 0.420, 1.374, 0.004

0, 9, 18, 2, 53.1299, 11.3114, 0.210, 1.399, 0.004

1, 9, 19, 2, 53.1299, 11.3114, 0.430, 1.374, 0.004

0, 9, 18, 3, 53.1299, 11.3114, 0.200, 1.399, 0.004

1, 9, 19, 3, 53.1299, 11.3114, 0.420, 1.370, 0.004

0, 9, 18, 4, 53.1299, 11.3114, 0.200, 1.397, 0.004

1, 9, 19, 4, 53.1299, 11.3114, 0.430, 1.389, 0.004

0, 9, 18, 0, 53.1299, 11.5614, 0.210, 1.396, 0.004

1, 9, 19, 0, 53.1299, 11.5614, 0.430, 1.374, 0.004

0, 9, 18, 1, 53.1299, 11.5614, 0.210, 1.399, 0.004

1, 9, 19, 1, 53.1299, 11.5614, 0.440, 1.368, 0.004

0, 9, 18, 2, 53.1299, 11.5614, 0.200, 1.405, 0.004

1, 9, 19, 2, 53.1299, 11.5614, 0.430, 1.374, 0.004

0, 9, 18, 3, 53.1299, 11.5614, 0.200, 1.400, 0.004

1, 9, 19, 3, 53.1299, 11.5614, 0.460, 1.377, 0.004

0, 9, 18, 4, 53.1299, 11.5614, 0.210, 1.404, 0.004

1, 9, 19, 4, 53.1299, 11.5614, 0.420, 1.380, 0.004

0, 9, 18, 0, 53.1299, 11.8114, 0.210, 1.401, 0.004

1, 9, 19, 0, 53.1299, 11.8114, 0.430, 1.377, 0.004

0, 9, 18, 1, 53.1299, 11.8114, 0.200, 1.408, 0.004

1, 9, 19, 1, 53.1299, 11.8114, 0.420, 1.378, 0.004

0, 9, 18, 2, 53.1299, 11.8114, 0.200, 1.408, 0.004

1, 9, 19, 2, 53.1299, 11.8114, 0.440, 1.363, 0.004

0, 9, 18, 3, 53.1299, 11.8114, 0.200, 1.398, 0.004

1, 9, 19, 3, 53.1299, 11.8114, 0.430, 1.380, 0.004

0, 9, 18, 4, 53.1299, 11.8114, 0.200, 1.395, 0.004

1, 9, 19, 4, 53.1299, 11.8114, 0.440, 1.389, 0.004

0, 9, 18, 0, 53.1299, 12.0614, 0.200, 1.397, 0.004

1, 9, 19, 0, 53.1299, 12.0614, 0.430, 1.373, 0.004

0, 9, 18, 1, 53.1299, 12.0614, 0.200, 1.395, 0.004

1, 9, 19, 1, 53.1299, 12.0614, 0.430, 1.370, 0.004

0, 9, 18, 2, 53.1299, 12.0614, 0.200, 1.401, 0.004

1, 9, 19, 2, 53.1299, 12.0614, 0.450, 1.382, 0.004

0, 9, 18, 3, 53.1299, 12.0614, 0.200, 1.398, 0.004

1, 9, 19, 3, 53.1299, 12.0614, 0.430, 1.379, 0.004

0, 9, 18, 4, 53.1299, 12.0614, 0.200, 1.398, 0.004

1, 9, 19, 4, 53.1299, 12.0614, 0.450, 1.376, 0.004

0, 9, 18, 0, 53.1299, 12.3114, 0.200, 1.395, 0.004

1, 9, 19, 0, 53.1299, 12.3114, 0.430, 1.372, 0.004

0, 9, 18, 1, 53.1299, 12.3114, 0.200, 1.392, 0.004

1, 9, 19, 1, 53.1299, 12.3114, 0.430, 1.375, 0.004

0, 9, 18, 2, 53.1299, 12.3114, 0.200, 1.397, 0.004

1, 9, 19, 2, 53.1299, 12.3114, 0.410, 1.371, 0.004

0, 9, 18, 3, 53.1299, 12.3114, 0.210, 1.400, 0.004

1, 9, 19, 3, 53.1299, 12.3114, 0.440, 1.371, 0.004

0, 9, 18, 4, 53.1299, 12.3114, 0.210, 1.400, 0.004

1, 9, 19, 4, 53.1299, 12.3114, 0.430, 1.372, 0.004

0, 9, 18, 0, 53.1299, 12.5614, 0.210, 1.400, 0.004

1, 9, 19, 0, 53.1299, 12.5614, 0.420, 1.375, 0.004

0, 9, 18, 1, 53.1299, 12.5614, 0.200, 1.403, 0.004

1, 9, 19, 1, 53.1299, 12.5614, 0.420, 1.363, 0.004

0, 9, 18, 2, 53.1299, 12.5614, 0.210, 1.404, 0.004

1, 9, 19, 2, 53.1299, 12.5614, 0.440, 1.375, 0.004

0, 9, 18, 3, 53.1299, 12.5614, 0.210, 1.405, 0.004

1, 9, 19, 3, 53.1299, 12.5614, 0.450, 1.396, 0.004

0, 9, 18, 4, 53.1299, 12.5614, 0.210, 1.397, 0.004

1, 9, 19, 4, 53.1299, 12.5614, 0.430, 1.374, 0.004

0, 9, 18, 0, 53.1299, 12.8114, 0.200, 1.402, 0.004

1, 9, 19, 0, 53.1299, 12.8114, 0.440, 1.392, 0.004

0, 9, 18, 1, 53.1299, 12.8114, 0.200, 1.395, 0.004

1, 9, 19, 1, 53.1299, 12.8114, 0.440, 1.379, 0.004

0, 9, 18, 2, 53.1299, 12.8114, 0.200, 1.406, 0.004

1, 9, 19, 2, 53.1299, 12.8114, 0.430, 1.388, 0.004

0, 9, 18, 3, 53.1299, 12.8114, 0.200, 1.395, 0.004

1, 9, 19, 3, 53.1299, 12.8114, 0.440, 1.383, 0.004

0, 9, 18, 4, 53.1299, 12.8114, 0.200, 1.397, 0.004

1, 9, 19, 4, 53.1299, 12.8114, 0.430, 1.377, 0.004

0, 9, 18, 0, 0, 0, 0.200, 1.406, 0.004

1, 9, 19, 0, 0, 0, 0.210, 1.377, 0.004

0, 9, 18, 1, 0, 0, 0.200, 1.404, 0.004

1, 9, 19, 1, 0, 0, 0.200, 1.373, 0.004

0, 9, 18, 2, 0, 0, 0.200, 1.405, 0.004

1, 9, 19, 2, 0, 0, 0.200, 1.379, 0.004

0, 9, 18, 3, 0, 0, 0.200, 1.400, 0.004

1, 9, 19, 3, 0, 0, 0.200, 1.374, 0.004

0, 9, 18, 4, 0, 0, 0.200, 1.400, 0.004

1, 9, 19, 4, 0, 0, 0.210, 1.368, 0.004

0, 9, 18, 0, 53.1299, 13.0614, 0.210, 1.398, 0.004

1, 9, 19, 0, 53.1299, 13.0614, 0.450, 1.375, 0.004

0, 9, 18, 1, 53.1299, 13.0614, 0.200, 1.405, 0.004

1, 9, 19, 1, 53.1299, 13.0614, 0.440, 1.378, 0.004

0, 9, 18, 2, 53.1299, 13.0614, 0.200, 1.396, 0.004

1, 9, 19, 2, 53.1299, 13.0614, 0.450, 1.370, 0.004

0, 9, 18, 3, 53.1299, 13.0614, 0.200, 1.399, 0.004

1, 9, 19, 3, 53.1299, 13.0614, 0.430, 1.378, 0.004

0, 9, 18, 4, 53.1299, 13.0614, 0.200, 1.395, 0.004

1, 9, 19, 4, 53.1299, 13.0614, 0.430, 1.371, 0.004

0, 9, 18, 0, 53.1299, 13.3114, 0.200, 1.405, 0.004

1, 9, 19, 0, 53.1299, 13.3114, 0.430, 1.376, 0.004

0, 9, 18, 1, 53.1299, 13.3114, 0.210, 1.402, 0.004

1, 9, 19, 1, 53.1299, 13.3114, 0.450, 1.365, 0.004

0, 9, 18, 2, 53.1299, 13.3114, 0.200, 1.395, 0.004

1, 9, 19, 2, 53.1299, 13.3114, 0.440, 1.369, 0.004

0, 9, 18, 3, 53.1299, 13.3114, 0.210, 1.397, 0.004

1, 9, 19, 3, 53.1299, 13.3114, 0.430, 1.374, 0.004

0, 9, 18, 4, 53.1299, 13.3114, 0.200, 1.391, 0.004

1, 9, 19, 4, 53.1299, 13.3114, 0.420, 1.377, 0.004

0, 9, 18, 0, 53.1299, 13.5614, 0.210, 1.403, 0.004

1, 9, 19, 0, 53.1299, 13.5614, 0.420, 1.385, 0.004

0, 9, 18, 1, 53.1299, 13.5614, 0.210, 1.401, 0.004

1, 9, 19, 1, 53.1299, 13.5614, 0.440, 1.372, 0.004

0, 9, 18, 2, 53.1299, 13.5614, 0.210, 1.390, 0.004

1, 9, 19, 2, 53.1299, 13.5614, 0.440, 1.375, 0.004

0, 9, 18, 3, 53.1299, 13.5614, 0.200, 1.402, 0.004

1, 9, 19, 3, 53.1299, 13.5614, 0.440, 1.377, 0.004

0, 9, 18, 4, 53.1299, 13.5614, 0.200, 1.402, 0.004

1, 9, 19, 4, 53.1299, 13.5614, 0.430, 1.371, 0.004

0, 9, 18, 0, 53.1299, 13.8114, 0.200, 1.404, 0.004

1, 9, 19, 0, 53.1299, 13.8114, 0.430, 1.372, 0.004

0, 9, 18, 1, 53.1299, 13.8114, 0.200, 1.394, 0.004

1, 9, 19, 1, 53.1299, 13.8114, 0.460, 1.364, 0.004

0, 9, 18, 2, 53.1299, 13.8114, 0.210, 1.399, 0.004

1, 9, 19, 2, 53.1299, 13.8114, 0.440, 1.380, 0.004

0, 9, 18, 3, 53.1299, 13.8114, 0.210, 1.396, 0.004

1, 9, 19, 3, 53.1299, 13.8114, 0.440, 1.386, 0.004

0, 9, 18, 4, 53.1299, 13.8114, 0.200, 1.408, 0.004

1, 9, 19, 4, 53.1299, 13.8114, 0.430, 1.377, 0.004

0, 9, 18, 0, 53.1299, 14.0614, 0.200, 1.402, 0.004

1, 9, 19, 0, 53.1299, 14.0614, 0.440, 1.393, 0.004

0, 9, 18, 1, 53.1299, 14.0614, 0.200, 1.400, 0.004

1, 9, 19, 1, 53.1299, 14.0614, 0.440, 1.372, 0.004

0, 9, 18, 2, 53.1299, 14.0614, 0.200, 1.394, 0.004

1, 9, 19, 2, 53.1299, 14.0614, 0.430, 1.372, 0.004

0, 9, 18, 3, 53.1299, 14.0614, 0.200, 1.396, 0.004

1, 9, 19, 3, 53.1299, 14.0614, 0.430, 1.372, 0.004

0, 9, 18, 4, 53.1299, 14.0614, 0.200, 1.402, 0.004

1, 9, 19, 4, 53.1299, 14.0614, 0.420, 1.372, 0.004

0, 9, 18, 0, 53.1299, 14.3114, 0.200, 1.406, 0.004

1, 9, 19, 0, 53.1299, 14.3114, 0.440, 1.390, 0.004

0, 9, 18, 1, 53.1299, 14.3114, 0.200, 1.394, 0.004

1, 9, 19, 1, 53.1299, 14.3114, 0.450, 1.370, 0.004

0, 9, 18, 2, 53.1299, 14.3114, 0.200, 1.397, 0.004

1, 9, 19, 2, 53.1299, 14.3114, 0.430, 1.386, 0.004

0, 9, 18, 3, 53.1299, 14.3114, 0.210, 1.404, 0.004

1, 9, 19, 3, 53.1299, 14.3114, 0.430, 1.387, 0.004

0, 9, 18, 4, 53.1299, 14.3114, 0.200, 1.399, 0.004

1, 9, 19, 4, 53.1299, 14.3114, 0.430, 1.374, 0.004

0, 9, 18, 0, 53.1299, 14.5614, 0.200, 1.402, 0.004

1, 9, 19, 0, 53.1299, 14.5614, 0.420, 1.359, 0.004

0, 9, 18, 1, 53.1299, 14.5614, 0.200, 1.397, 0.004

1, 9, 19, 1, 53.1299, 14.5614, 0.450, 1.356, 0.004

0, 9, 18, 2, 53.1299, 14.5614, 0.210, 1.407, 0.004

1, 9, 19, 2, 53.1299, 14.5614, 0.410, 1.370, 0.004

0, 9, 18, 3, 53.1299, 14.5614, 0.200, 1.404, 0.004

1, 9, 19, 3, 53.1299, 14.5614, 0.430, 1.365, 0.004

0, 9, 18, 4, 53.1299, 14.5614, 0.210, 1.403, 0.004

1, 9, 19, 4, 53.1299, 14.5614, 0.440, 1.381, 0.004

0, 9, 18, 0, 53.1299, 14.8114, 0.200, 1.403, 0.004

1, 9, 19, 0, 53.1299, 14.8114, 0.410, 1.378, 0.004

0, 9, 18, 1, 53.1299, 14.8114, 0.200, 1.403, 0.004

1, 9, 19, 1, 53.1299, 14.8114, 0.420, 1.367, 0.004

0, 9, 18, 2, 53.1299, 14.8114, 0.200, 1.396, 0.004

1, 9, 19, 2, 53.1299, 14.8114, 0.420, 1.372, 0.004

0, 9, 18, 3, 53.1299, 14.8114, 0.210, 1.399, 0.004

1, 9, 19, 3, 53.1299, 14.8114, 0.410, 1.372, 0.004

0, 9, 18, 4, 53.1299, 14.8114, 0.200, 1.402, 0.004

1, 9, 19, 4, 53.1299, 14.8114, 0.430, 1.373, 0.004

0, 9, 18, 0, 53.1299, 15.0614, 0.200, 1.404, 0.004

1, 9, 19, 0, 53.1299, 15.0614, 0.430, 1.363, 0.004

0, 9, 18, 1, 53.1299, 15.0614, 0.200, 1.400, 0.004

1, 9, 19, 1, 53.1299, 15.0614, 0.420, 1.365, 0.004

0, 9, 18, 2, 53.1299, 15.0614, 0.200, 1.387, 0.004

1, 9, 19, 2, 53.1299, 15.0614, 0.450, 1.382, 0.004

0, 9, 18, 3, 53.1299, 15.0614, 0.210, 1.405, 0.004

1, 9, 19, 3, 53.1299, 15.0614, 0.450, 1.381, 0.004

0, 9, 18, 4, 53.1299, 15.0614, 0.200, 1.402, 0.004

1, 9, 19, 4, 53.1299, 15.0614, 0.420, 1.371, 0.004

0, 9, 18, 0, 53.1299, 15.3114, 0.200, 1.404, 0.004

1, 9, 19, 0, 53.1299, 15.3114, 0.430, 1.372, 0.004

0, 9, 18, 1, 53.1299, 15.3114, 0.200, 1.399, 0.004

1, 9, 19, 1, 53.1299, 15.3114, 0.430, 1.376, 0.004

0, 9, 18, 2, 53.1299, 15.3114, 0.210, 1.401, 0.004

1, 9, 19, 2, 53.1299, 15.3114, 0.430, 1.376, 0.004

0, 9, 18, 3, 53.1299, 15.3114, 0.210, 1.394, 0.004

1, 9, 19, 3, 53.1299, 15.3114, 0.430, 1.374, 0.004

0, 9, 18, 4, 53.1299, 15.3114, 0.210, 1.396, 0.004

1, 9, 19, 4, 53.1299, 15.3114, 0.430, 1.373, 0.004

0, 9, 18, 0, 53.1299, 15.5614, 0.210, 1.404, 0.004

1, 9, 19, 0, 53.1299, 15.5614, 0.430, 1.370, 0.004

0, 9, 18, 1, 53.1299, 15.5614, 0.200, 1.393, 0.004

1, 9, 19, 1, 53.1299, 15.5614, 0.430, 1.374, 0.004

0, 9, 18, 2, 53.1299, 15.5614, 0.200, 1.402, 0.004

1, 9, 19, 2, 53.1299, 15.5614, 0.430, 1.373, 0.004

0, 9, 18, 3, 53.1299, 15.5614, 0.210, 1.400, 0.004

1, 9, 19, 3, 53.1299, 15.5614, 0.430, 1.369, 0.004

0, 9, 18, 4, 53.1299, 15.5614, 0.200, 1.399, 0.004

1, 9, 19, 4, 53.1299, 15.5614, 0.420, 1.380, 0.004

0, 9, 18, 0, 53.1299, 15.8114, 0.200, 1.396, 0.004

1, 9, 19, 0, 53.1299, 15.8114, 0.420, 1.370, 0.004

0, 9, 18, 1, 53.1299, 15.8114, 0.200, 1.407, 0.004

1, 9, 19, 1, 53.1299, 15.8114, 0.430, 1.367, 0.004

0, 9, 18, 2, 53.1299, 15.8114, 0.200, 1.398, 0.004

1, 9, 19, 2, 53.1299, 15.8114, 0.420, 1.376, 0.004

0, 9, 18, 3, 53.1299, 15.8114, 0.200, 1.399, 0.004

1, 9, 19, 3, 53.1299, 15.8114, 0.430, 1.355, 0.004

0, 9, 18, 4, 53.1299, 15.8114, 0.200, 1.399, 0.004

1, 9, 19, 4, 53.1299, 15.8114, 0.430, 1.388, 0.004

0, 9, 18, 0, 53.1299, 16.0614, 0.200, 1.406, 0.004

1, 9, 19, 0, 53.1299, 16.0614, 0.440, 1.380, 0.004

0, 9, 18, 1, 53.1299, 16.0614, 0.200, 1.401, 0.004

1, 9, 19, 1, 53.1299, 16.0614, 0.420, 1.383, 0.004

0, 9, 18, 2, 53.1299, 16.0614, 0.210, 1.398, 0.004

1, 9, 19, 2, 53.1299, 16.0614, 0.440, 1.365, 0.004

0, 9, 18, 3, 53.1299, 16.0614, 0.210, 1.404, 0.004

1, 9, 19, 3, 53.1299, 16.0614, 0.430, 1.362, 0.004

0, 9, 18, 4, 53.1299, 16.0614, 0.200, 1.403, 0.004

1, 9, 19, 4, 53.1299, 16.0614, 0.430, 1.372, 0.004

0, 9, 18, 0, 53.1299, 16.3114, 0.210, 1.400, 0.004

1, 9, 19, 0, 53.1299, 16.3114, 0.450, 1.371, 0.004

0, 9, 18, 1, 53.1299, 16.3114, 0.200, 1.403, 0.004

1, 9, 19, 1, 53.1299, 16.3114, 0.430, 1.347, 0.004

0, 9, 18, 2, 53.1299, 16.3114, 0.200, 1.397, 0.004

1, 9, 19, 2, 53.1299, 16.3114, 0.440, 1.365, 0.004

0, 9, 18, 3, 53.1299, 16.3114, 0.200, 1.403, 0.004

1, 9, 19, 3, 53.1299, 16.3114, 0.440, 1.375, 0.004

0, 9, 18, 4, 53.1299, 16.3114, 0.200, 1.389, 0.004

1, 9, 19, 4, 53.1299, 16.3114, 0.420, 1.380, 0.004

0, 9, 18, 0, 53.1299, 16.5614, 0.210, 1.395, 0.004

1, 9, 19, 0, 53.1299, 16.5614, 0.430, 1.359, 0.004

0, 9, 18, 1, 53.1299, 16.5614, 0.200, 1.402, 0.004

1, 9, 19, 1, 53.1299, 16.5614, 0.440, 1.379, 0.004

0, 9, 18, 2, 53.1299, 16.5614, 0.200, 1.408, 0.004

1, 9, 19, 2, 53.1299, 16.5614, 0.430, 1.362, 0.004

0, 9, 18, 3, 53.1299, 16.5614, 0.200, 1.400, 0.004

1, 9, 19, 3, 53.1299, 16.5614, 0.410, 1.354, 0.004

0, 9, 18, 4, 53.1299, 16.5614, 0.200, 1.403, 0.004

1, 9, 19, 4, 53.1299, 16.5614, 0.430, 1.380, 0.004

0, 9, 18, 0, 53.1299, 16.8114, 0.210, 1.406, 0.004

1, 9, 19, 0, 53.1299, 16.8114, 0.430, 1.381, 0.004

0, 9, 18, 1, 53.1299, 16.8114, 0.210, 1.403, 0.004

1, 9, 19, 1, 53.1299, 16.8114, 0.430, 1.362, 0.004

0, 9, 18, 2, 53.1299, 16.8114, 0.210, 1.396, 0.004

1, 9, 19, 2, 53.1299, 16.8114, 0.420, 1.368, 0.004

0, 9, 18, 3, 53.1299, 16.8114, 0.200, 1.395, 0.004

1, 9, 19, 3, 53.1299, 16.8114, 0.420, 1.376, 0.004

0, 9, 18, 4, 53.1299, 16.8114, 0.210, 1.396, 0.004

1, 9, 19, 4, 53.1299, 16.8114, 0.430, 1.375, 0.004

0, 9, 18, 0, 53.1299, 17.0614, 0.200, 1.395, 0.004

1, 9, 19, 0, 53.1299, 17.0614, 0.420, 1.374, 0.004

0, 9, 18, 1, 53.1299, 17.0614, 0.200, 1.392, 0.004

1, 9, 19, 1, 53.1299, 17.0614, 0.420, 1.375, 0.004

0, 9, 18, 2, 53.1299, 17.0614, 0.200, 1.397, 0.004

1, 9, 19, 2, 53.1299, 17.0614, 0.430, 1.373, 0.004

0, 9, 18, 3, 53.1299, 17.0614, 0.210, 1.402, 0.004

1, 9, 19, 3, 53.1299, 17.0614, 0.430, 1.374, 0.004

0, 9, 18, 4, 53.1299, 17.0614, 0.210, 1.401, 0.004

1, 9, 19, 4, 53.1299, 17.0614, 0.430, 1.377, 0.004

0, 9, 18, 0, 53.1299, 17.3114, 0.200, 1.400, 0.004

1, 9, 19, 0, 53.1299, 17.3114, 0.420, 1.372, 0.004

0, 9, 18, 1, 53.1299, 17.3114, 0.210, 1.397, 0.004

1, 9, 19, 1, 53.1299, 17.3114, 0.430, 1.377, 0.004

0, 9, 18, 2, 53.1299, 17.3114, 0.200, 1.404, 0.004

1, 9, 19, 2, 53.1299, 17.3114, 0.420, 1.368, 0.004

0, 9, 18, 3, 53.1299, 17.3114, 0.210, 1.403, 0.004

1, 9, 19, 3, 53.1299, 17.3114, 0.410, 1.365, 0.004

0, 9, 18, 4, 53.1299, 17.3114, 0.200, 1.393, 0.004

1, 9, 19, 4, 53.1299, 17.3114, 0.430, 1.389, 0.004

0, 9, 18, 0, 53.1299, 17.5614, 0.200, 1.398, 0.004

1, 9, 19, 0, 53.1299, 17.5614, 0.450, 1.384, 0.004

0, 9, 18, 1, 53.1299, 17.5614, 0.200, 1.399, 0.004

1, 9, 19, 1, 53.1299, 17.5614, 0.420, 1.377, 0.004

0, 9, 18, 2, 53.1299, 17.5614, 0.210, 1.405, 0.004

1, 9, 19, 2, 53.1299, 17.5614, 0.430, 1.371, 0.004

0, 9, 18, 3, 53.1299, 17.5614, 0.210, 1.398, 0.004

1, 9, 19, 3, 53.1299, 17.5614, 0.420, 1.370, 0.004

0, 9, 18, 4, 53.1299, 17.5614, 0.210, 1.406, 0.004

1, 9, 19, 4, 53.1299, 17.5614, 0.420, 1.371, 0.004

0, 9, 18, 0, 53.1299, 17.8114, 0.210, 1.397, 0.004

1, 9, 19, 0, 53.1299, 17.8114, 0.430, 1.375, 0.004

0, 9, 18, 1, 53.1299, 17.8114, 0.210, 1.405, 0.004

1, 9, 19, 1, 53.1299, 17.8114, 0.410, 1.379, 0.004

0, 9, 18, 2, 53.1299, 17.8114, 0.200, 1.396, 0.004

1, 9, 19, 2, 53.1299, 17.8114, 0.420, 1.374, 0.004

0, 9, 18, 3, 53.1299, 17.8114, 0.210, 1.396, 0.004

1, 9, 19, 3, 53.1299, 17.8114, 0.440, 1.378, 0.004

0, 9, 18, 4, 53.1299, 17.8114, 0.210, 1.398, 0.004

1, 9, 19, 4, 53.1299, 17.8114, 0.430, 1.389, 0.004

0, 9, 18, 0, 0, 0, 0.200, 1.401, 0.004

1, 9, 19, 0, 0, 0, 0.200, 1.373, 0.004

0, 9, 18, 1, 0, 0, 0.210, 1.396, 0.004

1, 9, 19, 1, 0, 0, 0.200, 1.377, 0.004

0, 9, 18, 2, 0, 0, 0.200, 1.399, 0.004

1, 9, 19, 2, 0, 0, 0.200, 1.374, 0.004

0, 9, 18, 3, 0, 0, 0.200, 1.399, 0.004

1, 9, 19, 3, 0, 0, 0.200, 1.378, 0.004

0, 9, 18, 4, 0, 0, 0.210, 1.403, 0.004

1, 9, 19, 4, 0, 0, 0.200, 1.380, 0.004

0, 9, 18, 0, 53.1299, 18.0614, 0.210, 1.399, 0.004

1, 9, 19, 0, 53.1299, 18.0614, 0.430, 1.375, 0.004

0, 9, 18, 1, 53.1299, 18.0614, 0.210, 1.396, 0.004

1, 9, 19, 1, 53.1299, 18.0614, 0.440, 1.369, 0.004

0, 9, 18, 2, 53.1299, 18.0614, 0.200, 1.397, 0.004

1, 9, 19, 2, 53.1299, 18.0614, 0.420, 1.375, 0.004

0, 9, 18, 3, 53.1299, 18.0614, 0.200, 1.397, 0.004

1, 9, 19, 3, 53.1299, 18.0614, 0.430, 1.371, 0.004

0, 9, 18, 4, 53.1299, 18.0614, 0.200, 1.401, 0.004

1, 9, 19, 4, 53.1299, 18.0614, 0.430, 1.370, 0.004

0, 9, 18, 0, 53.1299, 18.3114, 0.210, 1.402, 0.004

1, 9, 19, 0, 53.1299, 18.3114, 0.420, 1.385, 0.004

0, 9, 18, 1, 53.1299, 18.3114, 0.210, 1.401, 0.004

1, 9, 19, 1, 53.1299, 18.3114, 0.430, 1.377, 0.004

0, 9, 18, 2, 53.1299, 18.3114, 0.210, 1.397, 0.004

1, 9, 19, 2, 53.1299, 18.3114, 0.430, 1.383, 0.004

0, 9, 18, 3, 53.1299, 18.3114, 0.210, 1.398, 0.004

1, 9, 19, 3, 53.1299, 18.3114, 0.430, 1.367, 0.004

0, 9, 18, 4, 53.1299, 18.3114, 0.210, 1.398, 0.004

1, 9, 19, 4, 53.1299, 18.3114, 0.430, 1.372, 0.004

0, 9, 18, 0, 53.1299, 18.5614, 0.210, 1.400, 0.004

1, 9, 19, 0, 53.1299, 18.5614, 0.420, 1.377, 0.004

0, 9, 18, 1, 53.1299, 18.5614, 0.200, 1.403, 0.004

1, 9, 19, 1, 53.1299, 18.5614, 0.420, 1.369, 0.004

0, 9, 18, 2, 53.1299, 18.5614, 0.200, 1.399, 0.004

1, 9, 19, 2, 53.1299, 18.5614, 0.420, 1.365, 0.004

0, 9, 18, 3, 53.1299, 18.5614, 0.200, 1.401, 0.004

1, 9, 19, 3, 53.1299, 18.5614, 0.430, 1.357, 0.004

0, 9, 18, 4, 53.1299, 18.5614, 0.200, 1.409, 0.004

1, 9, 19, 4, 53.1299, 18.5614, 0.430, 1.373, 0.004

0, 9, 18, 0, 53.1299, 18.8114, 0.210, 1.407, 0.004

1, 9, 19, 0, 53.1299, 18.8114, 0.410, 1.373, 0.004

0, 9, 18, 1, 53.1299, 18.8114, 0.210, 1.392, 0.004

1, 9, 19, 1, 53.1299, 18.8114, 0.420, 1.374, 0.004

0, 9, 18, 2, 53.1299, 18.8114, 0.200, 1.400, 0.004

1, 9, 19, 2, 53.1299, 18.8114, 0.440, 1.374, 0.004

0, 9, 18, 3, 53.1299, 18.8114, 0.210, 1.395, 0.004

1, 9, 19, 3, 53.1299, 18.8114, 0.440, 1.404, 0.004

0, 9, 18, 4, 53.1299, 18.8114, 0.200, 1.397, 0.004

1, 9, 19, 4, 53.1299, 18.8114, 0.440, 1.380, 0.004

0, 9, 18, 0, 53.1299, 19.0614, 0.200, 1.397, 0.004

1, 9, 19, 0, 53.1299, 19.0614, 0.430, 1.376, 0.004

0, 9, 18, 1, 53.1299, 19.0614, 0.200, 1.403, 0.004

1, 9, 19, 1, 53.1299, 19.0614, 0.420, 1.375, 0.004

0, 9, 18, 2, 53.1299, 19.0614, 0.200, 1.403, 0.004

1, 9, 19, 2, 53.1299, 19.0614, 0.420, 1.362, 0.004

0, 9, 18, 3, 53.1299, 19.0614, 0.200, 1.400, 0.004

1, 9, 19, 3, 53.1299, 19.0614, 0.450, 1.369, 0.004

0, 9, 18, 4, 53.1299, 19.0614, 0.200, 1.403, 0.004

1, 9, 19, 4, 53.1299, 19.0614, 0.430, 1.375, 0.004

0, 9, 18, 0, 53.1299, 19.3114, 0.210, 1.400, 0.004

1, 9, 19, 0, 53.1299, 19.3114, 0.420, 1.378, 0.004

0, 9, 18, 1, 53.1299, 19.3114, 0.210, 1.403, 0.004

1, 9, 19, 1, 53.1299, 19.3114, 0.430, 1.371, 0.004

0, 9, 18, 2, 53.1299, 19.3114, 0.200, 1.400, 0.004

1, 9, 19, 2, 53.1299, 19.3114, 0.430, 1.378, 0.004

0, 9, 18, 3, 53.1299, 19.3114, 0.200, 1.401, 0.004

1, 9, 19, 3, 53.1299, 19.3114, 0.450, 1.377, 0.004

0, 9, 18, 4, 53.1299, 19.3114, 0.210, 1.385, 0.004

1, 9, 19, 4, 53.1299, 19.3114, 0.440, 1.375, 0.004

0, 9, 18, 0, 53.1299, 19.5614, 0.210, 1.393, 0.004

1, 9, 19, 0, 53.1299, 19.5614, 0.410, 1.373, 0.004

0, 9, 18, 1, 53.1299, 19.5614, 0.210, 1.395, 0.004

1, 9, 19, 1, 53.1299, 19.5614, 0.450, 1.374, 0.004

0, 9, 18, 2, 53.1299, 19.5614, 0.200, 1.397, 0.004

1, 9, 19, 2, 53.1299, 19.5614, 0.430, 1.372, 0.004

0, 9, 18, 3, 53.1299, 19.5614, 0.210, 1.392, 0.004

1, 9, 19, 3, 53.1299, 19.5614, 0.420, 1.368, 0.004

0, 9, 18, 4, 53.1299, 19.5614, 0.200, 1.406, 0.004

1, 9, 19, 4, 53.1299, 19.5614, 0.430, 1.370, 0.004

0, 9, 18, 0, 53.1299, 19.8114, 0.200, 1.404, 0.004

1, 9, 19, 0, 53.1299, 19.8114, 0.430, 1.379, 0.004

0, 9, 18, 1, 53.1299, 19.8114, 0.200, 1.400, 0.004

1, 9, 19, 1, 53.1299, 19.8114, 0.440, 1.369, 0.004

0, 9, 18, 2, 53.1299, 19.8114, 0.210, 1.394, 0.004

1, 9, 19, 2, 53.1299, 19.8114, 0.420, 1.334, 0.004

0, 9, 18, 3, 53.1299, 19.8114, 0.210, 1.401, 0.004

1, 9, 19, 3, 53.1299, 19.8114, 0.420, 1.364, 0.004

0, 9, 18, 4, 53.1299, 19.8114, 0.200, 1.401, 0.004

1, 9, 19, 4, 53.1299, 19.8114, 0.440, 1.378, 0.004

0, 9, 18, 0, 53.1299, 20.0614, 0.210, 1.393, 0.004

1, 9, 19, 0, 53.1299, 20.0614, 0.420, 1.364, 0.004

0, 9, 18, 1, 53.1299, 20.0614, 0.200, 1.406, 0.004

1, 9, 19, 1, 53.1299, 20.0614, 0.430, 1.358, 0.004

0, 9, 18, 2, 53.1299, 20.0614, 0.200, 1.401, 0.004

1, 9, 19, 2, 53.1299, 20.0614, 0.420, 1.368, 0.004

0, 9, 18, 3, 53.1299, 20.0614, 0.210, 1.398, 0.004

1, 9, 19, 3, 53.1299, 20.0614, 0.430, 1.373, 0.004

0, 9, 18, 4, 53.1299, 20.0614, 0.200, 1.392, 0.004

1, 9, 19, 4, 53.1299, 20.0614, 0.420, 1.370, 0.004

0, 9, 18, 0, 53.1299, 20.3114, 0.210, 1.392, 0.004

1, 9, 19, 0, 53.1299, 20.3114, 0.420, 1.391, 0.004

0, 9, 18, 1, 53.1299, 20.3114, 0.210, 1.406, 0.004

1, 9, 19, 1, 53.1299, 20.3114, 0.430, 1.369, 0.004

0, 9, 18, 2, 53.1299, 20.3114, 0.200, 1.397, 0.004

1, 9, 19, 2, 53.1299, 20.3114, 0.430, 1.375, 0.004

0, 9, 18, 3, 53.1299, 20.3114, 0.210, 1.401, 0.004

1, 9, 19, 3, 53.1299, 20.3114, 0.410, 1.380, 0.004

0, 9, 18, 4, 53.1299, 20.3114, 0.200, 1.405, 0.004

1, 9, 19, 4, 53.1299, 20.3114, 0.430, 1.366, 0.004

0, 9, 18, 0, 53.1299, 20.5614, 0.210, 1.399, 0.004

1, 9, 19, 0, 53.1299, 20.5614, 0.410, 1.390, 0.004

0, 9, 18, 1, 53.1299, 20.5614, 0.210, 1.404, 0.004

1, 9, 19, 1, 53.1299, 20.5614, 0.430, 1.370, 0.004

0, 9, 18, 2, 53.1299, 20.5614, 0.200, 1.402, 0.004

1, 9, 19, 2, 53.1299, 20.5614, 0.430, 1.372, 0.004

0, 9, 18, 3, 53.1299, 20.5614, 0.210, 1.405, 0.004

1, 9, 19, 3, 53.1299, 20.5614, 0.440, 1.379, 0.004

0, 9, 18, 4, 53.1299, 20.5614, 0.210, 1.396, 0.004

1, 9, 19, 4, 53.1299, 20.5614, 0.430, 1.385, 0.004

0, 9, 18, 0, 53.1299, 20.8114, 0.210, 1.402, 0.004

1, 9, 19, 0, 53.1299, 20.8114, 0.440, 1.368, 0.004

0, 9, 18, 1, 53.1299, 20.8114, 0.200, 1.395, 0.004

1, 9, 19, 1, 53.1299, 20.8114, 0.440, 1.374, 0.004

0, 9, 18, 2, 53.1299, 20.8114, 0.210, 1.401, 0.004

1, 9, 19, 2, 53.1299, 20.8114, 0.410, 1.366, 0.004

0, 9, 18, 3, 53.1299, 20.8114, 0.210, 1.408, 0.004

1, 9, 19, 3, 53.1299, 20.8114, 0.420, 1.401, 0.004

0, 9, 18, 4, 53.1299, 20.8114, 0.200, 1.393, 0.004

1, 9, 19, 4, 53.1299, 20.8114, 0.440, 1.371, 0.004

0, 9, 18, 0, 53.1299, 21.0614, 0.210, 1.400, 0.004

1, 9, 19, 0, 53.1299, 21.0614, 0.430, 1.368, 0.004

0, 9, 18, 1, 53.1299, 21.0614, 0.200, 1.402, 0.004

1, 9, 19, 1, 53.1299, 21.0614, 0.420, 1.365, 0.004

0, 9, 18, 2, 53.1299, 21.0614, 0.210, 1.403, 0.004

1, 9, 19, 2, 53.1299, 21.0614, 0.440, 1.380, 0.004

0, 9, 18, 3, 53.1299, 21.0614, 0.210, 1.403, 0.004

1, 9, 19, 3, 53.1299, 21.0614, 0.430, 1.377, 0.004

0, 9, 18, 4, 53.1299, 21.0614, 0.210, 1.397, 0.004

1, 9, 19, 4, 53.1299, 21.0614, 0.410, 1.385, 0.004

0, 9, 18, 0, 53.1299, 21.3114, 0.210, 1.399, 0.004

1, 9, 19, 0, 53.1299, 21.3114, 0.420, 1.373, 0.004

0, 9, 18, 1, 53.1299, 21.3114, 0.210, 1.401, 0.004

1, 9, 19, 1, 53.1299, 21.3114, 0.430, 1.369, 0.004

0, 9, 18, 2, 53.1299, 21.3114, 0.210, 1.402, 0.004

1, 9, 19, 2, 53.1299, 21.3114, 0.450, 1.372, 0.004

0, 9, 18, 3, 53.1299, 21.3114, 0.200, 1.402, 0.004

1, 9, 19, 3, 53.1299, 21.3114, 0.430, 1.372, 0.004

0, 9, 18, 4, 53.1299, 21.3114, 0.200, 1.391, 0.004

1, 9, 19, 4, 53.1299, 21.3114, 0.420, 1.379, 0.004

0, 9, 18, 0, 53.1299, 21.5614, 0.210, 1.400, 0.004

1, 9, 19, 0, 53.1299, 21.5614, 0.420, 1.375, 0.004

0, 9, 18, 1, 53.1299, 21.5614, 0.210, 1.403, 0.004

1, 9, 19, 1, 53.1299, 21.5614, 0.430, 1.372, 0.004

0, 9, 18, 2, 53.1299, 21.5614, 0.210, 1.390, 0.004

1, 9, 19, 2, 53.1299, 21.5614, 0.420, 1.365, 0.004

0, 9, 18, 3, 53.1299, 21.5614, 0.210, 1.390, 0.004

1, 9, 19, 3, 53.1299, 21.5614, 0.440, 1.366, 0.004

0, 9, 18, 4, 53.1299, 21.5614, 0.210, 1.400, 0.004

1, 9, 19, 4, 53.1299, 21.5614, 0.410, 1.377, 0.004

0, 9, 18, 0, 53.1299, 21.8114, 0.210, 1.400, 0.004

1, 9, 19, 0, 53.1299, 21.8114, 0.410, 1.375, 0.004

0, 9, 18, 1, 53.1299, 21.8114, 0.210, 1.400, 0.004

1, 9, 19, 1, 53.1299, 21.8114, 0.400, 1.372, 0.004

0, 9, 18, 2, 53.1299, 21.8114, 0.210, 1.400, 0.004

1, 9, 19, 2, 53.1299, 21.8114, 0.410, 1.362, 0.004

0, 9, 18, 3, 53.1299, 21.8114, 0.210, 1.400, 0.004

1, 9, 19, 3, 53.1299, 21.8114, 0.410, 1.374, 0.004

0, 9, 18, 4, 53.1299, 21.8114, 0.210, 1.400, 0.004

1, 9, 19, 4, 53.1299, 21.8114, 0.400, 1.377, 0.004

0, 9, 18, 0, 53.1299, 22.0614, 0.210, 1.398, 0.004

1, 9, 19, 0, 53.1299, 22.0614, 0.380, 1.378, 0.004

0, 9, 18, 1, 53.1299, 22.0614, 0.200, 1.394, 0.004

1, 9, 19, 1, 53.1299, 22.0614, 0.380, 1.371, 0.004

0, 9, 18, 2, 53.1299, 22.0614, 0.210, 1.405, 0.004

1, 9, 19, 2, 53.1299, 22.0614, 0.380, 1.370, 0.004

0, 9, 18, 3, 53.1299, 22.0614, 0.210, 1.405, 0.004

1, 9, 19, 3, 53.1299, 22.0614, 0.390, 1.371, 0.004

0, 9, 18, 4, 53.1299, 22.0614, 0.210, 1.402, 0.004

1, 9, 19, 4, 53.1299, 22.0614, 0.380, 1.387, 0.004

0, 9, 18, 0, 53.1299, 22.3114, 0.210, 1.396, 0.004

1, 9, 19, 0, 53.1299, 22.3114, 0.390, 1.339, 0.004

0, 9, 18, 1, 53.1299, 22.3114, 0.210, 1.398, 0.004

1, 9, 19, 1, 53.1299, 22.3114, 0.380, 1.381, 0.004

0, 9, 18, 2, 53.1299, 22.3114, 0.210, 1.405, 0.004

1, 9, 19, 2, 53.1299, 22.3114, 0.390, 1.350, 0.004

0, 9, 18, 3, 53.1299, 22.3114, 0.200, 1.395, 0.004

1, 9, 19, 3, 53.1299, 22.3114, 0.390, 1.360, 0.004

0, 9, 18, 4, 53.1299, 22.3114, 0.210, 1.401, 0.004

1, 9, 19, 4, 53.1299, 22.3114, 0.390, 1.380, 0.004

0, 9, 18, 0, 53.1299, 22.5614, 0.200, 1.396, 0.004

1, 9, 19, 0, 53.1299, 22.5614, 0.340, 1.371, 0.004

0, 9, 18, 1, 53.1299, 22.5614, 0.210, 1.398, 0.004

1, 9, 19, 1, 53.1299, 22.5614, 0.350, 1.371, 0.004

0, 9, 18, 2, 53.1299, 22.5614, 0.210, 1.395, 0.004

1, 9, 19, 2, 53.1299, 22.5614, 0.340, 1.369, 0.004

0, 9, 18, 3, 53.1299, 22.5614, 0.210, 1.402, 0.004

1, 9, 19, 3, 53.1299, 22.5614, 0.350, 1.375, 0.004

0, 9, 18, 4, 53.1299, 22.5614, 0.210, 1.403, 0.004

1, 9, 19, 4, 53.1299, 22.5614, 0.360, 1.376, 0.004

0, 9, 18, 0, 53.1299, 22.8114, 0.210, 1.404, 0.004

1, 9, 19, 0, 53.1299, 22.8114, 0.280, 1.368, 0.004

0, 9, 18, 1, 53.1299, 22.8114, 0.210, 1.402, 0.004

1, 9, 19, 1, 53.1299, 22.8114, 0.270, 1.368, 0.004

0, 9, 18, 2, 53.1299, 22.8114, 0.210, 1.393, 0.004

1, 9, 19, 2, 53.1299, 22.8114, 0.280, 1.376, 0.004

0, 9, 18, 3, 53.1299, 22.8114, 0.210, 1.403, 0.004

1, 9, 19, 3, 53.1299, 22.8114, 0.290, 1.370, 0.004

0, 9, 18, 4, 53.1299, 22.8114, 0.210, 1.393, 0.004

1, 9, 19, 4, 53.1299, 22.8114, 0.280, 1.380, 0.004

0, 9, 18, 0, 0, 0, 0.210, 1.397, 0.004

1, 9, 19, 0, 0, 0, 0.200, 1.381, 0.004

0, 9, 18, 1, 0, 0, 0.200, 1.395, 0.004

1, 9, 19, 1, 0, 0, 0.200, 1.372, 0.004

0, 9, 18, 2, 0, 0, 0.210, 1.401, 0.004

1, 9, 19, 2, 0, 0, 0.200, 1.364, 0.004

0, 9, 18, 3, 0, 0, 0.210, 1.403, 0.004

1, 9, 19, 3, 0, 0, 0.210, 1.381, 0.004

0, 9, 18, 4, 0, 0, 0.200, 1.392, 0.004

1, 9, 19, 4, 0, 0, 0.210, 1.375, 0.004

0, 9, 18, 0, 53.1299, 23.0614, 0.210, 1.401, 0.004

1, 9, 19, 0, 53.1299, 23.0614, 0.230, 1.373, 0.004

0, 9, 18, 1, 53.1299, 23.0614, 0.210, 1.398, 0.004

1, 9, 19, 1, 53.1299, 23.0614, 0.230, 1.377, 0.004

0, 9, 18, 2, 53.1299, 23.0614, 0.210, 1.403, 0.004

1, 9, 19, 2, 53.1299, 23.0614, 0.230, 1.378, 0.004

0, 9, 18, 3, 53.1299, 23.0614, 0.210, 1.402, 0.004

1, 9, 19, 3, 53.1299, 23.0614, 0.230, 1.373, 0.004

0, 9, 18, 4, 53.1299, 23.0614, 0.210, 1.397, 0.004

1, 9, 19, 4, 53.1299, 23.0614, 0.230, 1.369, 0.004

0, 9, 18, 0, 53.1299, 23.3114, 0.210, 1.397, 0.004

1, 9, 19, 0, 53.1299, 23.3114, 0.210, 1.368, 0.004

0, 9, 18, 1, 53.1299, 23.3114, 0.210, 1.400, 0.004

1, 9, 19, 1, 53.1299, 23.3114, 0.220, 1.374, 0.004

0, 9, 18, 2, 53.1299, 23.3114, 0.210, 1.408, 0.004

1, 9, 19, 2, 53.1299, 23.3114, 0.220, 1.375, 0.004

0, 9, 18, 3, 53.1299, 23.3114, 0.210, 1.407, 0.004

1, 9, 19, 3, 53.1299, 23.3114, 0.220, 1.381, 0.004

0, 9, 18, 4, 53.1299, 23.3114, 0.210, 1.390, 0.004

1, 9, 19, 4, 53.1299, 23.3114, 0.210, 1.374, 0.004

0, 9, 18, 0, 53.1299, 23.5614, 0.210, 1.393, 0.004

1, 9, 19, 0, 53.1299, 23.5614, 0.210, 1.377, 0.004

0, 9, 18, 1, 53.1299, 23.5614, 0.210, 1.395, 0.004

1, 9, 19, 1, 53.1299, 23.5614, 0.210, 1.375, 0.004

0, 9, 18, 2, 53.1299, 23.5614, 0.210, 1.400, 0.004

1, 9, 19, 2, 53.1299, 23.5614, 0.210, 1.377, 0.004

0, 9, 18, 3, 53.1299, 23.5614, 0.210, 1.402, 0.004

1, 9, 19, 3, 53.1299, 23.5614, 0.210, 1.374, 0.004

0, 9, 18, 4, 53.1299, 23.5614, 0.210, 1.395, 0.004

1, 9, 19, 4, 53.1299, 23.5614, 0.210, 1.369, 0.004

0, 9, 18, 0, 53.1299, 23.8114, 0.210, 1.404, 0.004

1, 9, 19, 0, 53.1299, 23.8114, 0.210, 1.383, 0.004

0, 9, 18, 1, 53.1299, 23.8114, 0.210, 1.402, 0.004

1, 9, 19, 1, 53.1299, 23.8114, 0.210, 1.366, 0.004

0, 9, 18, 2, 53.1299, 23.8114, 0.210, 1.400, 0.004

1, 9, 19, 2, 53.1299, 23.8114, 0.210, 1.376, 0.004

0, 9, 18, 3, 53.1299, 23.8114, 0.210, 1.398, 0.004

1, 9, 19, 3, 53.1299, 23.8114, 0.210, 1.377, 0.004

0, 9, 18, 4, 53.1299, 23.8114, 0.210, 1.398, 0.004

1, 9, 19, 4, 53.1299, 23.8114, 0.210, 1.373, 0.004

0, 9, 18, 0, 53.1299, 24.0614, 0.220, 1.404, 0.004

1, 9, 19, 0, 53.1299, 24.0614, 0.210, 1.371, 0.004

0, 9, 18, 1, 53.1299, 24.0614, 0.220, 1.397, 0.004

1, 9, 19, 1, 53.1299, 24.0614, 0.210, 1.374, 0.004

0, 9, 18, 2, 53.1299, 24.0614, 0.220, 1.402, 0.004

1, 9, 19, 2, 53.1299, 24.0614, 0.210, 1.380, 0.004

0, 9, 18, 3, 53.1299, 24.0614, 0.220, 1.398, 0.004

1, 9, 19, 3, 53.1299, 24.0614, 0.200, 1.365, 0.004

0, 9, 18, 4, 53.1299, 24.0614, 0.220, 1.401, 0.004

1, 9, 19, 4, 53.1299, 24.0614, 0.200, 1.379, 0.004

0, 9, 18, 0, 53.1299, 24.3114, 0.240, 1.407, 0.004

1, 9, 19, 0, 53.1299, 24.3114, 0.210, 1.380, 0.004

0, 9, 18, 1, 53.1299, 24.3114, 0.230, 1.401, 0.004

1, 9, 19, 1, 53.1299, 24.3114, 0.210, 1.377, 0.004

0, 9, 18, 2, 53.1299, 24.3114, 0.240, 1.403, 0.004

1, 9, 19, 2, 53.1299, 24.3114, 0.210, 1.378, 0.004

0, 9, 18, 3, 53.1299, 24.3114, 0.240, 1.406, 0.004

1, 9, 19, 3, 53.1299, 24.3114, 0.210, 1.376, 0.004

0, 9, 18, 4, 53.1299, 24.3114, 0.240, 1.403, 0.004

1, 9, 19, 4, 53.1299, 24.3114, 0.210, 1.381, 0.004

0, 9, 18, 0, 53.1299, 24.5614, 0.290, 1.402, 0.004

1, 9, 19, 0, 53.1299, 24.5614, 0.210, 1.373, 0.004

0, 9, 18, 1, 53.1299, 24.5614, 0.280, 1.403, 0.004

1, 9, 19, 1, 53.1299, 24.5614, 0.210, 1.374, 0.004

0, 9, 18, 2, 53.1299, 24.5614, 0.280, 1.401, 0.004

1, 9, 19, 2, 53.1299, 24.5614, 0.200, 1.381, 0.004

0, 9, 18, 3, 53.1299, 24.5614, 0.280, 1.397, 0.004

1, 9, 19, 3, 53.1299, 24.5614, 0.210, 1.371, 0.004

0, 9, 18, 4, 53.1299, 24.5614, 0.280, 1.398, 0.004

1, 9, 19, 4, 53.1299, 24.5614, 0.210, 1.376, 0.004

0, 9, 18, 0, 53.1299, 24.8114, 0.320, 1.399, 0.004

1, 9, 19, 0, 53.1299, 24.8114, 0.210, 1.379, 0.004

0, 9, 18, 1, 53.1299, 24.8114, 0.310, 1.400, 0.004

1, 9, 19, 1, 53.1299, 24.8114, 0.210, 1.375, 0.004

0, 9, 18, 2, 53.1299, 24.8114, 0.320, 1.400, 0.004

1, 9, 19, 2, 53.1299, 24.8114, 0.210, 1.369, 0.004

0, 9, 18, 3, 53.1299, 24.8114, 0.310, 1.395, 0.004

1, 9, 19, 3, 53.1299, 24.8114, 0.210, 1.379, 0.004

0, 9, 18, 4, 53.1299, 24.8114, 0.320, 1.392, 0.004

1, 9, 19, 4, 53.1299, 24.8114, 0.210, 1.375, 0.004

0, 9, 18, 0, 53.1299, 25.0614, 0.320, 1.403, 0.004

1, 9, 19, 0, 53.1299, 25.0614, 0.210, 1.376, 0.004

0, 9, 18, 1, 53.1299, 25.0614, 0.320, 1.401, 0.004

1, 9, 19, 1, 53.1299, 25.0614, 0.210, 1.378, 0.004

0, 9, 18, 2, 53.1299, 25.0614, 0.320, 1.400, 0.004

1, 9, 19, 2, 53.1299, 25.0614, 0.210, 1.380, 0.004

0, 9, 18, 3, 53.1299, 25.0614, 0.320, 1.379, 0.004

1, 9, 19, 3, 53.1299, 25.0614, 0.210, 1.376, 0.004

0, 9, 18, 4, 53.1299, 25.0614, 0.310, 1.393, 0.004

1, 9, 19, 4, 53.1299, 25.0614, 0.210, 1.373, 0.004

0, 9, 18, 0, 53.1299, 25.3114, 0.320, 1.401, 0.004

1, 9, 19, 0, 53.1299, 25.3114, 0.210, 1.379, 0.004

0, 9, 18, 1, 53.1299, 25.3114, 0.330, 1.397, 0.004

1, 9, 19, 1, 53.1299, 25.3114, 0.210, 1.367, 0.004

0, 9, 18, 2, 53.1299, 25.3114, 0.330, 1.396, 0.004

1, 9, 19, 2, 53.1299, 25.3114, 0.210, 1.377, 0.004

0, 9, 18, 3, 53.1299, 25.3114, 0.330, 1.398, 0.004

1, 9, 19, 3, 53.1299, 25.3114, 0.210, 1.372, 0.004

0, 9, 18, 4, 53.1299, 25.3114, 0.340, 1.399, 0.004

1, 9, 19, 4, 53.1299, 25.3114, 0.210, 1.373, 0.004

0, 9, 18, 0, 53.1299, 25.5614, 0.360, 1.401, 0.004

1, 9, 19, 0, 53.1299, 25.5614, 0.210, 1.382, 0.004

0, 9, 18, 1, 53.1299, 25.5614, 0.360, 1.401, 0.004

1, 9, 19, 1, 53.1299, 25.5614, 0.210, 1.367, 0.004

0, 9, 18, 2, 53.1299, 25.5614, 0.360, 1.396, 0.004

1, 9, 19, 2, 53.1299, 25.5614, 0.210, 1.370, 0.004

0, 9, 18, 3, 53.1299, 25.5614, 0.350, 1.399, 0.004

1, 9, 19, 3, 53.1299, 25.5614, 0.210, 1.376, 0.004

0, 9, 18, 4, 53.1299, 25.5614, 0.360, 1.404, 0.004

1, 9, 19, 4, 53.1299, 25.5614, 0.210, 1.377, 0.004

0, 9, 18, 0, 53.1299, 25.8114, 0.360, 1.400, 0.004

1, 9, 19, 0, 53.1299, 25.8114, 0.200, 1.375, 0.004

0, 9, 18, 1, 53.1299, 25.8114, 0.370, 1.408, 0.004

1, 9, 19, 1, 53.1299, 25.8114, 0.210, 1.381, 0.004

0, 9, 18, 2, 53.1299, 25.8114, 0.360, 1.401, 0.004

1, 9, 19, 2, 53.1299, 25.8114, 0.210, 1.377, 0.004

0, 9, 18, 3, 53.1299, 25.8114, 0.360, 1.390, 0.004

1, 9, 19, 3, 53.1299, 25.8114, 0.210, 1.372, 0.004

0, 9, 18, 4, 53.1299, 25.8114, 0.350, 1.393, 0.004

1, 9, 19, 4, 53.1299, 25.8114, 0.210, 1.371, 0.004

0, 9, 18, 0, 53.1299, 26.0614, 0.370, 1.394, 0.004

1, 9, 19, 0, 53.1299, 26.0614, 0.210, 1.381, 0.004

0, 9, 18, 1, 53.1299, 26.0614, 0.360, 1.409, 0.004

1, 9, 19, 1, 53.1299, 26.0614, 0.210, 1.374, 0.004

0, 9, 18, 2, 53.1299, 26.0614, 0.360, 1.399, 0.004

1, 9, 19, 2, 53.1299, 26.0614, 0.210, 1.371, 0.004

0, 9, 18, 3, 53.1299, 26.0614, 0.360, 1.375, 0.004

1, 9, 19, 3, 53.1299, 26.0614, 0.210, 1.373, 0.004

0, 9, 18, 4, 53.1299, 26.0614, 0.370, 1.389, 0.004

1, 9, 19, 4, 53.1299, 26.0614, 0.210, 1.380, 0.004

0, 9, 18, 0, 53.1299, 26.3114, 0.360, 1.407, 0.004

1, 9, 19, 0, 53.1299, 26.3114, 0.210, 1.374, 0.004

0, 9, 18, 1, 53.1299, 26.3114, 0.360, 1.389, 0.004

1, 9, 19, 1, 53.1299, 26.3114, 0.200, 1.371, 0.004

0, 9, 18, 2, 53.1299, 26.3114, 0.360, 1.403, 0.004

1, 9, 19, 2, 53.1299, 26.3114, 0.210, 1.371, 0.004

0, 9, 18, 3, 53.1299, 26.3114, 0.370, 1.376, 0.004

1, 9, 19, 3, 53.1299, 26.3114, 0.210, 1.373, 0.004

0, 9, 18, 4, 53.1299, 26.3114, 0.360, 1.397, 0.004

1, 9, 19, 4, 53.1299, 26.3114, 0.210, 1.371, 0.004

0, 9, 18, 0, 53.1299, 26.5614, 0.360, 1.401, 0.004

1, 9, 19, 0, 53.1299, 26.5614, 0.210, 1.370, 0.004

0, 9, 18, 1, 53.1299, 26.5614, 0.360, 1.392, 0.004

1, 9, 19, 1, 53.1299, 26.5614, 0.200, 1.368, 0.004

0, 9, 18, 2, 53.1299, 26.5614, 0.370, 1.394, 0.004

1, 9, 19, 2, 53.1299, 26.5614, 0.210, 1.378, 0.004

0, 9, 18, 3, 53.1299, 26.5614, 0.360, 1.399, 0.004

1, 9, 19, 3, 53.1299, 26.5614, 0.210, 1.367, 0.004

0, 9, 18, 4, 53.1299, 26.5614, 0.350, 1.412, 0.004

1, 9, 19, 4, 53.1299, 26.5614, 0.210, 1.381, 0.004

0, 9, 18, 0, 53.1299, 26.8114, 0.370, 1.396, 0.004

1, 9, 19, 0, 53.1299, 26.8114, 0.210, 1.377, 0.004

0, 9, 18, 1, 53.1299, 26.8114, 0.360, 1.406, 0.004

1, 9, 19, 1, 53.1299, 26.8114, 0.200, 1.379, 0.004

0, 9, 18, 2, 53.1299, 26.8114, 0.360, 1.400, 0.004

1, 9, 19, 2, 53.1299, 26.8114, 0.210, 1.374, 0.004

0, 9, 18, 3, 53.1299, 26.8114, 0.360, 1.400, 0.004

1, 9, 19, 3, 53.1299, 26.8114, 0.210, 1.382, 0.004

0, 9, 18, 4, 53.1299, 26.8114, 0.350, 1.395, 0.004

1, 9, 19, 4, 53.1299, 26.8114, 0.210, 1.372, 0.004

0, 9, 18, 0, 53.1299, 27.0614, 0.360, 1.405, 0.004

1, 9, 19, 0, 53.1299, 27.0614, 0.210, 1.357, 0.004

0, 9, 18, 1, 53.1299, 27.0614, 0.360, 1.401, 0.004

1, 9, 19, 1, 53.1299, 27.0614, 0.210, 1.379, 0.004

0, 9, 18, 2, 53.1299, 27.0614, 0.360, 1.404, 0.004

1, 9, 19, 2, 53.1299, 27.0614, 0.210, 1.383, 0.004

0, 9, 18, 3, 53.1299, 27.0614, 0.370, 1.400, 0.004

1, 9, 19, 3, 53.1299, 27.0614, 0.210, 1.383, 0.004

0, 9, 18, 4, 53.1299, 27.0614, 0.370, 1.402, 0.004

1, 9, 19, 4, 53.1299, 27.0614, 0.210, 1.373, 0.004

0, 9, 18, 0, 53.1299, 27.3114, 0.370, 1.395, 0.004

1, 9, 19, 0, 53.1299, 27.3114, 0.210, 1.378, 0.004

0, 9, 18, 1, 53.1299, 27.3114, 0.360, 1.397, 0.004

1, 9, 19, 1, 53.1299, 27.3114, 0.210, 1.384, 0.004

0, 9, 18, 2, 53.1299, 27.3114, 0.340, 1.399, 0.004

1, 9, 19, 2, 53.1299, 27.3114, 0.210, 1.370, 0.004

0, 9, 18, 3, 53.1299, 27.3114, 0.350, 1.356, 0.004

1, 9, 19, 3, 53.1299, 27.3114, 0.200, 1.370, 0.004

0, 9, 18, 4, 53.1299, 27.3114, 0.380, 1.393, 0.004

1, 9, 19, 4, 53.1299, 27.3114, 0.210, 1.382, 0.004

0, 9, 18, 0, 53.1299, 27.5614, 0.360, 1.411, 0.004

1, 9, 19, 0, 53.1299, 27.5614, 0.210, 1.370, 0.004

0, 9, 18, 1, 53.1299, 27.5614, 0.360, 1.401, 0.004

1, 9, 19, 1, 53.1299, 27.5614, 0.210, 1.375, 0.004

0, 9, 18, 2, 53.1299, 27.5614, 0.360, 1.397, 0.004

1, 9, 19, 2, 53.1299, 27.5614, 0.210, 1.378, 0.004

0, 9, 18, 3, 53.1299, 27.5614, 0.360, 1.406, 0.004

1, 9, 19, 3, 53.1299, 27.5614, 0.210, 1.374, 0.004

0, 9, 18, 4, 53.1299, 27.5614, 0.360, 1.378, 0.004

1, 9, 19, 4, 53.1299, 27.5614, 0.210, 1.375, 0.004

0, 9, 18, 0, 53.1299, 27.8114, 0.350, 1.392, 0.004

1, 9, 19, 0, 53.1299, 27.8114, 0.210, 1.371, 0.004

0, 9, 18, 1, 53.1299, 27.8114, 0.370, 1.369, 0.004

1, 9, 19, 1, 53.1299, 27.8114, 0.200, 1.370, 0.004

0, 9, 18, 2, 53.1299, 27.8114, 0.360, 1.417, 0.004

1, 9, 19, 2, 53.1299, 27.8114, 0.200, 1.366, 0.004

0, 9, 18, 3, 53.1299, 27.8114, 0.360, 1.399, 0.004

1, 9, 19, 3, 53.1299, 27.8114, 0.200, 1.368, 0.004

0, 9, 18, 4, 53.1299, 27.8114, 0.370, 1.397, 0.004

1, 9, 19, 4, 53.1299, 27.8114, 0.210, 1.386, 0.004

0, 9, 18, 0, 0, 0, 0.200, 1.397, 0.004

1, 9, 19, 0, 0, 0, 0.200, 1.377, 0.004

0, 9, 18, 1, 0, 0, 0.210, 1.402, 0.004

1, 9, 19, 1, 0, 0, 0.200, 1.369, 0.004

0, 9, 18, 2, 0, 0, 0.210, 1.399, 0.004

1, 9, 19, 2, 0, 0, 0.200, 1.379, 0.004

0, 9, 18, 3, 0, 0, 0.210, 1.403, 0.004

1, 9, 19, 3, 0, 0, 0.210, 1.375, 0.004

0, 9, 18, 4, 0, 0, 0.210, 1.410, 0.004

1, 9, 19, 4, 0, 0, 0.210, 1.371, 0.004

0, 9, 18, 0, 53.1299, 28.0614, 0.360, 1.392, 0.004

1, 9, 19, 0, 53.1299, 28.0614, 0.210, 1.372, 0.004

0, 9, 18, 1, 53.1299, 28.0614, 0.370, 1.405, 0.004

1, 9, 19, 1, 53.1299, 28.0614, 0.200, 1.380, 0.004

0, 9, 18, 2, 53.1299, 28.0614, 0.360, 1.405, 0.004

1, 9, 19, 2, 53.1299, 28.0614, 0.200, 1.381, 0.004

0, 9, 18, 3, 53.1299, 28.0614, 0.360, 1.403, 0.004

1, 9, 19, 3, 53.1299, 28.0614, 0.210, 1.375, 0.004

0, 9, 18, 4, 53.1299, 28.0614, 0.370, 1.400, 0.004

1, 9, 19, 4, 53.1299, 28.0614, 0.200, 1.368, 0.004

0, 9, 18, 0, 53.1299, 28.3114, 0.350, 1.391, 0.004

1, 9, 19, 0, 53.1299, 28.3114, 0.200, 1.383, 0.004

0, 9, 18, 1, 53.1299, 28.3114, 0.360, 1.397, 0.004

1, 9, 19, 1, 53.1299, 28.3114, 0.210, 1.370, 0.004

0, 9, 18, 2, 53.1299, 28.3114, 0.370, 1.389, 0.004

1, 9, 19, 2, 53.1299, 28.3114, 0.200, 1.373, 0.004

0, 9, 18, 3, 53.1299, 28.3114, 0.360, 1.396, 0.004

1, 9, 19, 3, 53.1299, 28.3114, 0.210, 1.370, 0.004

0, 9, 18, 4, 53.1299, 28.3114, 0.370, 1.394, 0.004

1, 9, 19, 4, 53.1299, 28.3114, 0.210, 1.374, 0.004

0, 9, 18, 0, 53.1299, 28.5614, 0.360, 1.401, 0.004

1, 9, 19, 0, 53.1299, 28.5614, 0.210, 1.384, 0.004

0, 9, 18, 1, 53.1299, 28.5614, 0.370, 1.398, 0.004

1, 9, 19, 1, 53.1299, 28.5614, 0.200, 1.384, 0.004

0, 9, 18, 2, 53.1299, 28.5614, 0.360, 1.402, 0.004

1, 9, 19, 2, 53.1299, 28.5614, 0.200, 1.366, 0.004

0, 9, 18, 3, 53.1299, 28.5614, 0.360, 1.397, 0.004

1, 9, 19, 3, 53.1299, 28.5614, 0.210, 1.378, 0.004

0, 9, 18, 4, 53.1299, 28.5614, 0.360, 1.398, 0.004

1, 9, 19, 4, 53.1299, 28.5614, 0.200, 1.371, 0.004

0, 9, 18, 0, 53.1299, 28.8114, 0.360, 1.399, 0.004

1, 9, 19, 0, 53.1299, 28.8114, 0.200, 1.367, 0.004

0, 9, 18, 1, 53.1299, 28.8114, 0.350, 1.382, 0.004

1, 9, 19, 1, 53.1299, 28.8114, 0.210, 1.377, 0.004

0, 9, 18, 2, 53.1299, 28.8114, 0.370, 1.405, 0.004

1, 9, 19, 2, 53.1299, 28.8114, 0.210, 1.370, 0.004

0, 9, 18, 3, 53.1299, 28.8114, 0.360, 1.382, 0.004

1, 9, 19, 3, 53.1299, 28.8114, 0.210, 1.378, 0.004

0, 9, 18, 4, 53.1299, 28.8114, 0.370, 1.397, 0.004

1, 9, 19, 4, 53.1299, 28.8114, 0.210, 1.372, 0.004

0, 9, 18, 0, 53.1299, 29.0614, 0.360, 1.401, 0.004

1, 9, 19, 0, 53.1299, 29.0614, 0.210, 1.378, 0.004

0, 9, 18, 1, 53.1299, 29.0614, 0.360, 1.386, 0.004

1, 9, 19, 1, 53.1299, 29.0614, 0.210, 1.373, 0.004

0, 9, 18, 2, 53.1299, 29.0614, 0.360, 1.403, 0.004

1, 9, 19, 2, 53.1299, 29.0614, 0.210, 1.377, 0.004

0, 9, 18, 3, 53.1299, 29.0614, 0.360, 1.401, 0.004

1, 9, 19, 3, 53.1299, 29.0614, 0.210, 1.379, 0.004

0, 9, 18, 4, 53.1299, 29.0614, 0.370, 1.406, 0.004

1, 9, 19, 4, 53.1299, 29.0614, 0.200, 1.375, 0.004

0, 9, 18, 0, 53.1299, 29.3114, 0.360, 1.394, 0.004

1, 9, 19, 0, 53.1299, 29.3114, 0.210, 1.372, 0.004

0, 9, 18, 1, 53.1299, 29.3114, 0.350, 1.388, 0.004

1, 9, 19, 1, 53.1299, 29.3114, 0.210, 1.369, 0.004

0, 9, 18, 2, 53.1299, 29.3114, 0.370, 1.404, 0.004

1, 9, 19, 2, 53.1299, 29.3114, 0.210, 1.375, 0.004

0, 9, 18, 3, 53.1299, 29.3114, 0.370, 1.396, 0.004

1, 9, 19, 3, 53.1299, 29.3114, 0.210, 1.372, 0.004

0, 9, 18, 4, 53.1299, 29.3114, 0.370, 1.403, 0.004

1, 9, 19, 4, 53.1299, 29.3114, 0.210, 1.383, 0.004

0, 9, 18, 0, 53.1299, 29.5614, 0.370, 1.405, 0.004

1, 9, 19, 0, 53.1299, 29.5614, 0.210, 1.375, 0.004

0, 9, 18, 1, 53.1299, 29.5614, 0.370, 1.403, 0.004

1, 9, 19, 1, 53.1299, 29.5614, 0.210, 1.380, 0.004

0, 9, 18, 2, 53.1299, 29.5614, 0.370, 1.389, 0.004

1, 9, 19, 2, 53.1299, 29.5614, 0.200, 1.384, 0.004

0, 9, 18, 3, 53.1299, 29.5614, 0.360, 1.368, 0.004

1, 9, 19, 3, 53.1299, 29.5614, 0.210, 1.378, 0.004

0, 9, 18, 4, 53.1299, 29.5614, 0.360, 1.402, 0.004

1, 9, 19, 4, 53.1299, 29.5614, 0.200, 1.375, 0.004

0, 9, 18, 0, 53.1299, 29.8114, 0.370, 1.401, 0.004

1, 9, 19, 0, 53.1299, 29.8114, 0.200, 1.371, 0.004

0, 9, 18, 1, 53.1299, 29.8114, 0.370, 1.399, 0.004

1, 9, 19, 1, 53.1299, 29.8114, 0.200, 1.373, 0.004

0, 9, 18, 2, 53.1299, 29.8114, 0.370, 1.398, 0.004

1, 9, 19, 2, 53.1299, 29.8114, 0.210, 1.371, 0.004

0, 9, 18, 3, 53.1299, 29.8114, 0.360, 1.403, 0.004

1, 9, 19, 3, 53.1299, 29.8114, 0.210, 1.377, 0.004

0, 9, 18, 4, 53.1299, 29.8114, 0.360, 1.402, 0.004

1, 9, 19, 4, 53.1299, 29.8114, 0.210, 1.380, 0.004

0, 9, 18, 0, 53.1299, 30.0614, 0.380, 1.380, 0.004

1, 9, 19, 0, 53.1299, 30.0614, 0.200, 1.368, 0.004

0, 9, 18, 1, 53.1299, 30.0614, 0.360, 1.394, 0.004

1, 9, 19, 1, 53.1299, 30.0614, 0.200, 1.370, 0.004

0, 9, 18, 2, 53.1299, 30.0614, 0.360, 1.398, 0.004

1, 9, 19, 2, 53.1299, 30.0614, 0.200, 1.373, 0.004

0, 9, 18, 3, 53.1299, 30.0614, 0.360, 1.397, 0.004

1, 9, 19, 3, 53.1299, 30.0614, 0.200, 1.374, 0.004

0, 9, 18, 4, 53.1299, 30.0614, 0.370, 1.375, 0.004

1, 9, 19, 4, 53.1299, 30.0614, 0.210, 1.373, 0.004

0, 9, 18, 0, 53.1299, 30.3114, 0.360, 1.380, 0.004

1, 9, 19, 0, 53.1299, 30.3114, 0.210, 1.369, 0.004

0, 9, 18, 1, 53.1299, 30.3114, 0.370, 1.398, 0.004

1, 9, 19, 1, 53.1299, 30.3114, 0.200, 1.379, 0.004

0, 9, 18, 2, 53.1299, 30.3114, 0.360, 1.392, 0.004

1, 9, 19, 2, 53.1299, 30.3114, 0.210, 1.375, 0.004

0, 9, 18, 3, 53.1299, 30.3114, 0.360, 1.405, 0.004

1, 9, 19, 3, 53.1299, 30.3114, 0.210, 1.368, 0.004

0, 9, 18, 4, 53.1299, 30.3114, 0.360, 1.399, 0.004

1, 9, 19, 4, 53.1299, 30.3114, 0.210, 1.375, 0.004

0, 9, 18, 0, 53.1299, 30.5614, 0.360, 1.358, 0.004

1, 9, 19, 0, 53.1299, 30.5614, 0.200, 1.377, 0.004

0, 9, 18, 1, 53.1299, 30.5614, 0.350, 1.395, 0.004

1, 9, 19, 1, 53.1299, 30.5614, 0.200, 1.376, 0.004

0, 9, 18, 2, 53.1299, 30.5614, 0.370, 1.399, 0.004

1, 9, 19, 2, 53.1299, 30.5614, 0.200, 1.375, 0.004

0, 9, 18, 3, 53.1299, 30.5614, 0.360, 1.403, 0.004

1, 9, 19, 3, 53.1299, 30.5614, 0.210, 1.371, 0.004

0, 9, 18, 4, 53.1299, 30.5614, 0.350, 1.396, 0.004

1, 9, 19, 4, 53.1299, 30.5614, 0.200, 1.367, 0.004

0, 9, 18, 0, 53.1299, 30.8114, 0.360, 1.397, 0.004

1, 9, 19, 0, 53.1299, 30.8114, 0.200, 1.378, 0.004

0, 9, 18, 1, 53.1299, 30.8114, 0.350, 1.403, 0.004

1, 9, 19, 1, 53.1299, 30.8114, 0.200, 1.378, 0.004

0, 9, 18, 2, 53.1299, 30.8114, 0.370, 1.397, 0.004

1, 9, 19, 2, 53.1299, 30.8114, 0.210, 1.366, 0.004

0, 9, 18, 3, 53.1299, 30.8114, 0.360, 1.403, 0.004

1, 9, 19, 3, 53.1299, 30.8114, 0.210, 1.379, 0.004

0, 9, 18, 4, 53.1299, 30.8114, 0.360, 1.404, 0.004

1, 9, 19, 4, 53.1299, 30.8114, 0.210, 1.379, 0.004

0, 9, 18, 0, 53.1299, 31.0614, 0.360, 1.375, 0.004

1, 9, 19, 0, 53.1299, 31.0614, 0.200, 1.376, 0.004

0, 9, 18, 1, 53.1299, 31.0614, 0.370, 1.383, 0.004

1, 9, 19, 1, 53.1299, 31.0614, 0.210, 1.376, 0.004

0, 9, 18, 2, 53.1299, 31.0614, 0.360, 1.395, 0.004

1, 9, 19, 2, 53.1299, 31.0614, 0.200, 1.373, 0.004

0, 9, 18, 3, 53.1299, 31.0614, 0.350, 1.394, 0.004

1, 9, 19, 3, 53.1299, 31.0614, 0.200, 1.373, 0.004

0, 9, 18, 4, 53.1299, 31.0614, 0.360, 1.408, 0.004

1, 9, 19, 4, 53.1299, 31.0614, 0.200, 1.368, 0.004

0, 9, 18, 0, 53.1299, 31.3114, 0.350, 1.406, 0.004

1, 9, 19, 0, 53.1299, 31.3114, 0.210, 1.372, 0.004

0, 9, 18, 1, 53.1299, 31.3114, 0.360, 1.393, 0.004

1, 9, 19, 1, 53.1299, 31.3114, 0.210, 1.378, 0.004

0, 9, 18, 2, 53.1299, 31.3114, 0.360, 1.393, 0.004

1, 9, 19, 2, 53.1299, 31.3114, 0.200, 1.375, 0.004

0, 9, 18, 3, 53.1299, 31.3114, 0.350, 1.400, 0.004

1, 9, 19, 3, 53.1299, 31.3114, 0.200, 1.374, 0.004

0, 9, 18, 4, 53.1299, 31.3114, 0.380, 1.409, 0.004

1, 9, 19, 4, 53.1299, 31.3114, 0.200, 1.369, 0.004

0, 9, 18, 0, 53.1299, 31.5614, 0.370, 1.409, 0.004

1, 9, 19, 0, 53.1299, 31.5614, 0.200, 1.364, 0.004

0, 9, 18, 1, 53.1299, 31.5614, 0.370, 1.391, 0.004

1, 9, 19, 1, 53.1299, 31.5614, 0.200, 1.371, 0.004

0, 9, 18, 2, 53.1299, 31.5614, 0.360, 1.397, 0.004

1, 9, 19, 2, 53.1299, 31.5614, 0.200, 1.372, 0.004

0, 9, 18, 3, 53.1299, 31.5614, 0.360, 1.406, 0.004

1, 9, 19, 3, 53.1299, 31.5614, 0.210, 1.371, 0.004

0, 9, 18, 4, 53.1299, 31.5614, 0.370, 1.403, 0.004

1, 9, 19, 4, 53.1299, 31.5614, 0.210, 1.374, 0.004

0, 9, 18, 0, 53.1299, 31.8114, 0.370, 1.392, 0.004

1, 9, 19, 0, 53.1299, 31.8114, 0.200, 1.370, 0.004

0, 9, 18, 1, 53.1299, 31.8114, 0.370, 1.401, 0.004

1, 9, 19, 1, 53.1299, 31.8114, 0.200, 1.376, 0.004

0, 9, 18, 2, 53.1299, 31.8114, 0.360, 1.398, 0.004

1, 9, 19, 2, 53.1299, 31.8114, 0.210, 1.380, 0.004

0, 9, 18, 3, 53.1299, 31.8114, 0.360, 1.393, 0.004

1, 9, 19, 3, 53.1299, 31.8114, 0.200, 1.368, 0.004

0, 9, 18, 4, 53.1299, 31.8114, 0.370, 1.403, 0.004

1, 9, 19, 4, 53.1299, 31.8114, 0.200, 1.377, 0.004

0, 9, 18, 0, 53.1299, 32.0614, 0.350, 1.369, 0.004

1, 9, 19, 0, 53.1299, 32.0614, 0.210, 1.374, 0.004

0, 9, 18, 1, 53.1299, 32.0614, 0.350, 1.396, 0.004

1, 9, 19, 1, 53.1299, 32.0614, 0.200, 1.379, 0.004

0, 9, 18, 2, 53.1299, 32.0614, 0.360, 1.408, 0.004

1, 9, 19, 2, 53.1299, 32.0614, 0.200, 1.369, 0.004

0, 9, 18, 3, 53.1299, 32.0614, 0.360, 1.398, 0.004

1, 9, 19, 3, 53.1299, 32.0614, 0.210, 1.376, 0.004

0, 9, 18, 4, 53.1299, 32.0614, 0.360, 1.405, 0.004

1, 9, 19, 4, 53.1299, 32.0614, 0.200, 1.376, 0.004

0, 9, 18, 0, 53.1299, 32.3114, 0.360, 1.398, 0.004

1, 9, 19, 0, 53.1299, 32.3114, 0.200, 1.377, 0.004

0, 9, 18, 1, 53.1299, 32.3114, 0.360, 1.391, 0.004

1, 9, 19, 1, 53.1299, 32.3114, 0.200, 1.377, 0.004

0, 9, 18, 2, 53.1299, 32.3114, 0.360, 1.384, 0.004

1, 9, 19, 2, 53.1299, 32.3114, 0.200, 1.384, 0.004

0, 9, 18, 3, 53.1299, 32.3114, 0.370, 1.389, 0.004

1, 9, 19, 3, 53.1299, 32.3114, 0.200, 1.373, 0.004

0, 9, 18, 4, 53.1299, 32.3114, 0.380, 1.397, 0.004

1, 9, 19, 4, 53.1299, 32.3114, 0.200, 1.372, 0.004

0, 9, 18, 0, 53.1299, 32.5614, 0.380, 1.389, 0.004

1, 9, 19, 0, 53.1299, 32.5614, 0.200, 1.376, 0.004

0, 9, 18, 1, 53.1299, 32.5614, 0.360, 1.394, 0.004

1, 9, 19, 1, 53.1299, 32.5614, 0.200, 1.361, 0.004

0, 9, 18, 2, 53.1299, 32.5614, 0.360, 1.406, 0.004

1, 9, 19, 2, 53.1299, 32.5614, 0.200, 1.373, 0.004

0, 9, 18, 3, 53.1299, 32.5614, 0.370, 1.399, 0.004

1, 9, 19, 3, 53.1299, 32.5614, 0.200, 1.381, 0.004

0, 9, 18, 4, 53.1299, 32.5614, 0.360, 1.379, 0.004

1, 9, 19, 4, 53.1299, 32.5614, 0.210, 1.375, 0.004

0, 9, 18, 0, 53.1299, 32.8114, 0.360, 1.397, 0.004

1, 9, 19, 0, 53.1299, 32.8114, 0.210, 1.370, 0.004

0, 9, 18, 1, 53.1299, 32.8114, 0.360, 1.366, 0.004

1, 9, 19, 1, 53.1299, 32.8114, 0.200, 1.370, 0.004

0, 9, 18, 2, 53.1299, 32.8114, 0.360, 1.393, 0.004

1, 9, 19, 2, 53.1299, 32.8114, 0.200, 1.376, 0.004

0, 9, 18, 3, 53.1299, 32.8114, 0.350, 1.400, 0.004

1, 9, 19, 3, 53.1299, 32.8114, 0.210, 1.377, 0.004

0, 9, 18, 4, 53.1299, 32.8114, 0.360, 1.405, 0.004

1, 9, 19, 4, 53.1299, 32.8114, 0.210, 1.371, 0.004

0, 9, 18, 0, 0, 0, 0.210, 1.400, 0.004

1, 9, 19, 0, 0, 0, 0.200, 1.370, 0.004

0, 9, 18, 1, 0, 0, 0.210, 1.401, 0.004

1, 9, 19, 1, 0, 0, 0.210, 1.371, 0.004

0, 9, 18, 2, 0, 0, 0.210, 1.409, 0.004

1, 9, 19, 2, 0, 0, 0.210, 1.368, 0.004

0, 9, 18, 3, 0, 0, 0.200, 1.401, 0.004

1, 9, 19, 3, 0, 0, 0.200, 1.368, 0.004

0, 9, 18, 4, 0, 0, 0.210, 1.400, 0.004

1, 9, 19, 4, 0, 0, 0.200, 1.373, 0.004

0, 9, 18, 0, 53.1299, 33.0614, 0.360, 1.405, 0.004

1, 9, 19, 0, 53.1299, 33.0614, 0.210, 1.383, 0.004

0, 9, 18, 1, 53.1299, 33.0614, 0.380, 1.408, 0.004

1, 9, 19, 1, 53.1299, 33.0614, 0.210, 1.370, 0.004

0, 9, 18, 2, 53.1299, 33.0614, 0.370, 1.389, 0.004

1, 9, 19, 2, 53.1299, 33.0614, 0.210, 1.377, 0.004

0, 9, 18, 3, 53.1299, 33.0614, 0.370, 1.402, 0.004

1, 9, 19, 3, 53.1299, 33.0614, 0.210, 1.375, 0.004

0, 9, 18, 4, 53.1299, 33.0614, 0.360, 1.398, 0.004

1, 9, 19, 4, 53.1299, 33.0614, 0.210, 1.374, 0.004

0, 9, 18, 0, 53.1299, 33.3114, 0.360, 1.388, 0.004

1, 9, 19, 0, 53.1299, 33.3114, 0.200, 1.376, 0.004

0, 9, 18, 1, 53.1299, 33.3114, 0.370, 1.393, 0.004

1, 9, 19, 1, 53.1299, 33.3114, 0.200, 1.373, 0.004

0, 9, 18, 2, 53.1299, 33.3114, 0.370, 1.402, 0.004

1, 9, 19, 2, 53.1299, 33.3114, 0.200, 1.370, 0.004

0, 9, 18, 3, 53.1299, 33.3114, 0.360, 1.403, 0.004

1, 9, 19, 3, 53.1299, 33.3114, 0.210, 1.372, 0.004

0, 9, 18, 4, 53.1299, 33.3114, 0.370, 1.403, 0.004

1, 9, 19, 4, 53.1299, 33.3114, 0.200, 1.373, 0.004

0, 9, 18, 0, 53.1299, 33.5614, 0.370, 1.383, 0.004

1, 9, 19, 0, 53.1299, 33.5614, 0.210, 1.375, 0.004

0, 9, 18, 1, 53.1299, 33.5614, 0.370, 1.398, 0.004

1, 9, 19, 1, 53.1299, 33.5614, 0.210, 1.368, 0.004

0, 9, 18, 2, 53.1299, 33.5614, 0.370, 1.400, 0.004

1, 9, 19, 2, 53.1299, 33.5614, 0.200, 1.367, 0.004

0, 9, 18, 3, 53.1299, 33.5614, 0.370, 1.394, 0.004

1, 9, 19, 3, 53.1299, 33.5614, 0.210, 1.376, 0.004

0, 9, 18, 4, 53.1299, 33.5614, 0.360, 1.394, 0.004

1, 9, 19, 4, 53.1299, 33.5614, 0.200, 1.372, 0.004

0, 9, 18, 0, 53.1299, 33.8114, 0.380, 1.399, 0.004

1, 9, 19, 0, 53.1299, 33.8114, 0.200, 1.369, 0.004

0, 9, 18, 1, 53.1299, 33.8114, 0.360, 1.406, 0.004

1, 9, 19, 1, 53.1299, 33.8114, 0.200, 1.369, 0.004

0, 9, 18, 2, 53.1299, 33.8114, 0.360, 1.377, 0.004

1, 9, 19, 2, 53.1299, 33.8114, 0.210, 1.372, 0.004

0, 9, 18, 3, 53.1299, 33.8114, 0.370, 1.402, 0.004

1, 9, 19, 3, 53.1299, 33.8114, 0.200, 1.371, 0.004

0, 9, 18, 4, 53.1299, 33.8114, 0.370, 1.395, 0.004

1, 9, 19, 4, 53.1299, 33.8114, 0.200, 1.375, 0.004

0, 9, 18, 0, 53.1299, 34.0614, 0.370, 1.408, 0.004

1, 9, 19, 0, 53.1299, 34.0614, 0.210, 1.379, 0.004

0, 9, 18, 1, 53.1299, 34.0614, 0.360, 1.404, 0.004

1, 9, 19, 1, 53.1299, 34.0614, 0.210, 1.380, 0.004

0, 9, 18, 2, 53.1299, 34.0614, 0.370, 1.396, 0.004

1, 9, 19, 2, 53.1299, 34.0614, 0.200, 1.379, 0.004

0, 9, 18, 3, 53.1299, 34.0614, 0.370, 1.399, 0.004

1, 9, 19, 3, 53.1299, 34.0614, 0.210, 1.375, 0.004

0, 9, 18, 4, 53.1299, 34.0614, 0.370, 1.403, 0.004

1, 9, 19, 4, 53.1299, 34.0614, 0.200, 1.373, 0.004

0, 9, 18, 0, 53.1299, 34.3114, 0.360, 1.401, 0.004

1, 9, 19, 0, 53.1299, 34.3114, 0.210, 1.371, 0.004

0, 9, 18, 1, 53.1299, 34.3114, 0.370, 1.398, 0.004

1, 9, 19, 1, 53.1299, 34.3114, 0.200, 1.377, 0.004

0, 9, 18, 2, 53.1299, 34.3114, 0.370, 1.399, 0.004

1, 9, 19, 2, 53.1299, 34.3114, 0.200, 1.383, 0.004

0, 9, 18, 3, 53.1299, 34.3114, 0.370, 1.398, 0.004

1, 9, 19, 3, 53.1299, 34.3114, 0.200, 1.378, 0.004

0, 9, 18, 4, 53.1299, 34.3114, 0.360, 1.401, 0.004

1, 9, 19, 4, 53.1299, 34.3114, 0.200, 1.380, 0.004

0, 9, 18, 0, 53.1299, 34.5614, 0.360, 1.405, 0.004

1, 9, 19, 0, 53.1299, 34.5614, 0.200, 1.374, 0.004

0, 9, 18, 1, 53.1299, 34.5614, 0.370, 1.400, 0.004

1, 9, 19, 1, 53.1299, 34.5614, 0.200, 1.375, 0.004

0, 9, 18, 2, 53.1299, 34.5614, 0.370, 1.392, 0.004

1, 9, 19, 2, 53.1299, 34.5614, 0.200, 1.368, 0.004

0, 9, 18, 3, 53.1299, 34.5614, 0.370, 1.386, 0.004

1, 9, 19, 3, 53.1299, 34.5614, 0.200, 1.374, 0.004

0, 9, 18, 4, 53.1299, 34.5614, 0.360, 1.396, 0.004

1, 9, 19, 4, 53.1299, 34.5614, 0.200, 1.376, 0.004

0, 9, 18, 0, 53.1299, 34.8114, 0.360, 1.395, 0.004

1, 9, 19, 0, 53.1299, 34.8114, 0.200, 1.375, 0.004

0, 9, 18, 1, 53.1299, 34.8114, 0.360, 1.397, 0.004

1, 9, 19, 1, 53.1299, 34.8114, 0.200, 1.374, 0.004

0, 9, 18, 2, 53.1299, 34.8114, 0.370, 1.397, 0.004

1, 9, 19, 2, 53.1299, 34.8114, 0.210, 1.371, 0.004

0, 9, 18, 3, 53.1299, 34.8114, 0.360, 1.396, 0.004

1, 9, 19, 3, 53.1299, 34.8114, 0.200, 1.377, 0.004

0, 9, 18, 4, 53.1299, 34.8114, 0.370, 1.403, 0.004

1, 9, 19, 4, 53.1299, 34.8114, 0.200, 1.375, 0.004

0, 9, 18, 0, 53.1299, 35.0614, 0.360, 1.404, 0.004

1, 9, 19, 0, 53.1299, 35.0614, 0.200, 1.365, 0.004

0, 9, 18, 1, 53.1299, 35.0614, 0.370, 1.400, 0.004

1, 9, 19, 1, 53.1299, 35.0614, 0.210, 1.384, 0.004

0, 9, 18, 2, 53.1299, 35.0614, 0.370, 1.396, 0.004

1, 9, 19, 2, 53.1299, 35.0614, 0.210, 1.378, 0.004

0, 9, 18, 3, 53.1299, 35.0614, 0.370, 1.387, 0.004

1, 9, 19, 3, 53.1299, 35.0614, 0.200, 1.364, 0.004

0, 9, 18, 4, 53.1299, 35.0614, 0.360, 1.394, 0.004

1, 9, 19, 4, 53.1299, 35.0614, 0.200, 1.374, 0.004

0, 9, 18, 0, 53.1299, 35.3114, 0.370, 1.398, 0.004

1, 9, 19, 0, 53.1299, 35.3114, 0.200, 1.379, 0.004

0, 9, 18, 1, 53.1299, 35.3114, 0.380, 1.377, 0.004

1, 9, 19, 1, 53.1299, 35.3114, 0.200, 1.379, 0.004

0, 9, 18, 2, 53.1299, 35.3114, 0.360, 1.372, 0.004

1, 9, 19, 2, 53.1299, 35.3114, 0.200, 1.421, 0.004

0, 9, 18, 3, 53.1299, 35.3114, 0.370, 1.404, 0.004

1, 9, 19, 3, 53.1299, 35.3114, 0.200, 1.374, 0.004

0, 9, 18, 4, 53.1299, 35.3114, 0.380, 1.392, 0.004

1, 9, 19, 4, 53.1299, 35.3114, 0.210, 1.376, 0.004

0, 9, 18, 0, 53.1299, 35.5614, 0.370, 1.382, 0.004

1, 9, 19, 0, 53.1299, 35.5614, 0.210, 1.374, 0.004

0, 9, 18, 1, 53.1299, 35.5614, 0.360, 1.404, 0.004

1, 9, 19, 1, 53.1299, 35.5614, 0.210, 1.369, 0.004

0, 9, 18, 2, 53.1299, 35.5614, 0.370, 1.407, 0.004

1, 9, 19, 2, 53.1299, 35.5614, 0.200, 1.366, 0.004

0, 9, 18, 3, 53.1299, 35.5614, 0.370, 1.404, 0.004

1, 9, 19, 3, 53.1299, 35.5614, 0.210, 1.371, 0.004

0, 9, 18, 4, 53.1299, 35.5614, 0.360, 1.397, 0.004

1, 9, 19, 4, 53.1299, 35.5614, 0.200, 1.374, 0.004

0, 9, 18, 0, 53.1299, 35.8114, 0.360, 1.401, 0.004

1, 9, 19, 0, 53.1299, 35.8114, 0.200, 1.372, 0.004

0, 9, 18, 1, 53.1299, 35.8114, 0.370, 1.391, 0.004

1, 9, 19, 1, 53.1299, 35.8114, 0.200, 1.383, 0.004

0, 9, 18, 2, 53.1299, 35.8114, 0.360, 1.391, 0.004

1, 9, 19, 2, 53.1299, 35.8114, 0.210, 1.371, 0.004

0, 9, 18, 3, 53.1299, 35.8114, 0.370, 1.360, 0.004

1, 9, 19, 3, 53.1299, 35.8114, 0.210, 1.378, 0.004

0, 9, 18, 4, 53.1299, 35.8114, 0.370, 1.396, 0.004

1, 9, 19, 4, 53.1299, 35.8114, 0.200, 1.379, 0.004

0, 9, 18, 0, 53.1299, 36.0614, 0.360, 1.403, 0.004

1, 9, 19, 0, 53.1299, 36.0614, 0.210, 1.372, 0.004

0, 9, 18, 1, 53.1299, 36.0614, 0.370, 1.407, 0.004

1, 9, 19, 1, 53.1299, 36.0614, 0.200, 1.374, 0.004

0, 9, 18, 2, 53.1299, 36.0614, 0.360, 1.395, 0.004

1, 9, 19, 2, 53.1299, 36.0614, 0.200, 1.377, 0.004

0, 9, 18, 3, 53.1299, 36.0614, 0.360, 1.397, 0.004

1, 9, 19, 3, 53.1299, 36.0614, 0.210, 1.371, 0.004

0, 9, 18, 4, 53.1299, 36.0614, 0.360, 1.387, 0.004

1, 9, 19, 4, 53.1299, 36.0614, 0.200, 1.383, 0.004

0, 9, 18, 0, 53.1299, 36.3114, 0.350, 1.394, 0.004

1, 9, 19, 0, 53.1299, 36.3114, 0.200, 1.376, 0.004

0, 9, 18, 1, 53.1299, 36.3114, 0.350, 1.401, 0.004

1, 9, 19, 1, 53.1299, 36.3114, 0.210, 1.372, 0.004

0, 9, 18, 2, 53.1299, 36.3114, 0.340, 1.381, 0.004

1, 9, 19, 2, 53.1299, 36.3114, 0.200, 1.375, 0.004

0, 9, 18, 3, 53.1299, 36.3114, 0.340, 1.400, 0.004

1, 9, 19, 3, 53.1299, 36.3114, 0.200, 1.380, 0.004

0, 9, 18, 4, 53.1299, 36.3114, 0.350, 1.394, 0.004

1, 9, 19, 4, 53.1299, 36.3114, 0.210, 1.372, 0.004

0, 9, 18, 0, 53.1299, 36.5614, 0.340, 1.396, 0.004

1, 9, 19, 0, 53.1299, 36.5614, 0.200, 1.373, 0.004

0, 9, 18, 1, 53.1299, 36.5614, 0.340, 1.406, 0.004

1, 9, 19, 1, 53.1299, 36.5614, 0.210, 1.371, 0.004

0, 9, 18, 2, 53.1299, 36.5614, 0.330, 1.395, 0.004

1, 9, 19, 2, 53.1299, 36.5614, 0.200, 1.371, 0.004

0, 9, 18, 3, 53.1299, 36.5614, 0.340, 1.405, 0.004

1, 9, 19, 3, 53.1299, 36.5614, 0.210, 1.377, 0.004

0, 9, 18, 4, 53.1299, 36.5614, 0.330, 1.396, 0.004

1, 9, 19, 4, 53.1299, 36.5614, 0.200, 1.372, 0.004

0, 9, 18, 0, 53.1299, 36.8114, 0.350, 1.397, 0.004

1, 9, 19, 0, 53.1299, 36.8114, 0.200, 1.381, 0.004

0, 9, 18, 1, 53.1299, 36.8114, 0.350, 1.391, 0.004

1, 9, 19, 1, 53.1299, 36.8114, 0.200, 1.380, 0.004

0, 9, 18, 2, 53.1299, 36.8114, 0.360, 1.397, 0.004

1, 9, 19, 2, 53.1299, 36.8114, 0.200, 1.367, 0.004

0, 9, 18, 3, 53.1299, 36.8114, 0.350, 1.399, 0.004

1, 9, 19, 3, 53.1299, 36.8114, 0.200, 1.374, 0.004

0, 9, 18, 4, 53.1299, 36.8114, 0.340, 1.409, 0.004

1, 9, 19, 4, 53.1299, 36.8114, 0.200, 1.379, 0.004

0, 9, 18, 0, 53.1299, 37.0614, 0.350, 1.405, 0.004

1, 9, 19, 0, 53.1299, 37.0614, 0.210, 1.368, 0.004

0, 9, 18, 1, 53.1299, 37.0614, 0.350, 1.403, 0.004

1, 9, 19, 1, 53.1299, 37.0614, 0.210, 1.369, 0.004

0, 9, 18, 2, 53.1299, 37.0614, 0.360, 1.397, 0.004

1, 9, 19, 2, 53.1299, 37.0614, 0.210, 1.381, 0.004

0, 9, 18, 3, 53.1299, 37.0614, 0.360, 1.391, 0.004

1, 9, 19, 3, 53.1299, 37.0614, 0.200, 1.379, 0.004

0, 9, 18, 4, 53.1299, 37.0614, 0.360, 1.406, 0.004

1, 9, 19, 4, 53.1299, 37.0614, 0.200, 1.377, 0.004

0, 9, 18, 0, 53.1299, 37.3114, 0.340, 1.399, 0.004

1, 9, 19, 0, 53.1299, 37.3114, 0.200, 1.380, 0.004

0, 9, 18, 1, 53.1299, 37.3114, 0.340, 1.399, 0.004

1, 9, 19, 1, 53.1299, 37.3114, 0.200, 1.380, 0.004

0, 9, 18, 2, 53.1299, 37.3114, 0.330, 1.403, 0.004

1, 9, 19, 2, 53.1299, 37.3114, 0.200, 1.375, 0.004

0, 9, 18, 3, 53.1299, 37.3114, 0.340, 1.394, 0.004

1, 9, 19, 3, 53.1299, 37.3114, 0.200, 1.369, 0.004

0, 9, 18, 4, 53.1299, 37.3114, 0.330, 1.401, 0.004

1, 9, 19, 4, 53.1299, 37.3114, 0.210, 1.377, 0.004

0, 9, 18, 0, 53.1299, 37.5614, 0.280, 1.394, 0.004

1, 9, 19, 0, 53.1299, 37.5614, 0.200, 1.380, 0.004

0, 9, 18, 1, 53.1299, 37.5614, 0.280, 1.404, 0.004

1, 9, 19, 1, 53.1299, 37.5614, 0.210, 1.373, 0.004

0, 9, 18, 2, 53.1299, 37.5614, 0.280, 1.395, 0.004

1, 9, 19, 2, 53.1299, 37.5614, 0.200, 1.374, 0.004

0, 9, 18, 3, 53.1299, 37.5614, 0.280, 1.398, 0.004

1, 9, 19, 3, 53.1299, 37.5614, 0.210, 1.376, 0.004

0, 9, 18, 4, 53.1299, 37.5614, 0.280, 1.398, 0.004

1, 9, 19, 4, 53.1299, 37.5614, 0.200, 1.370, 0.004

0, 9, 18, 0, 53.1299, 37.8114, 0.240, 1.405, 0.004

1, 9, 19, 0, 53.1299, 37.8114, 0.200, 1.367, 0.004

0, 9, 18, 1, 53.1299, 37.8114, 0.230, 1.403, 0.004

1, 9, 19, 1, 53.1299, 37.8114, 0.210, 1.379, 0.004

0, 9, 18, 2, 53.1299, 37.8114, 0.230, 1.401, 0.004

1, 9, 19, 2, 53.1299, 37.8114, 0.200, 1.383, 0.004

0, 9, 18, 3, 53.1299, 37.8114, 0.240, 1.399, 0.004

1, 9, 19, 3, 53.1299, 37.8114, 0.200, 1.379, 0.004

0, 9, 18, 4, 53.1299, 37.8114, 0.240, 1.396, 0.004

1, 9, 19, 4, 53.1299, 37.8114, 0.200, 1.368, 0.004

0, 9, 18, 0, 0, 0, 0.200, 1.402, 0.004

1, 9, 19, 0, 0, 0, 0.200, 1.370, 0.004

0, 9, 18, 1, 0, 0, 0.200, 1.409, 0.004

1, 9, 19, 1, 0, 0, 0.200, 1.366, 0.004

0, 9, 18, 2, 0, 0, 0.210, 1.399, 0.004

1, 9, 19, 2, 0, 0, 0.210, 1.373, 0.004

0, 9, 18, 3, 0, 0, 0.200, 1.405, 0.004

1, 9, 19, 3, 0, 0, 0.200, 1.376, 0.004

0, 9, 18, 4, 0, 0, 0.210, 1.408, 0.004

1, 9, 19, 4, 0, 0, 0.200, 1.372, 0.004

0, 9, 18, 0, 53.1299, 38.0614, 0.220, 1.394, 0.004

1, 9, 19, 0, 53.1299, 38.0614, 0.200, 1.374, 0.004

0, 9, 18, 1, 53.1299, 38.0614, 0.210, 1.406, 0.004

1, 9, 19, 1, 53.1299, 38.0614, 0.200, 1.380, 0.004

0, 9, 18, 2, 53.1299, 38.0614, 0.220, 1.405, 0.004

1, 9, 19, 2, 53.1299, 38.0614, 0.200, 1.375, 0.004

0, 9, 18, 3, 53.1299, 38.0614, 0.220, 1.403, 0.004

1, 9, 19, 3, 53.1299, 38.0614, 0.200, 1.375, 0.004

0, 9, 18, 4, 53.1299, 38.0614, 0.210, 1.402, 0.004

1, 9, 19, 4, 53.1299, 38.0614, 0.210, 1.367, 0.004

0, 9, 18, 0, 53.1299, 38.3114, 0.210, 1.399, 0.004

1, 9, 19, 0, 53.1299, 38.3114, 0.210, 1.375, 0.004

0, 9, 18, 1, 53.1299, 38.3114, 0.210, 1.395, 0.004

1, 9, 19, 1, 53.1299, 38.3114, 0.210, 1.377, 0.004

0, 9, 18, 2, 53.1299, 38.3114, 0.210, 1.411, 0.004

1, 9, 19, 2, 53.1299, 38.3114, 0.200, 1.353, 0.004

0, 9, 18, 3, 53.1299, 38.3114, 0.210, 1.404, 0.004

1, 9, 19, 3, 53.1299, 38.3114, 0.200, 1.376, 0.004

0, 9, 18, 4, 53.1299, 38.3114, 0.210, 1.395, 0.004

1, 9, 19, 4, 53.1299, 38.3114, 0.200, 1.375, 0.004

0, 9, 18, 0, 53.1299, 38.5614, 0.210, 1.397, 0.004

1, 9, 19, 0, 53.1299, 38.5614, 0.210, 1.373, 0.004

0, 9, 18, 1, 53.1299, 38.5614, 0.210, 1.397, 0.004

1, 9, 19, 1, 53.1299, 38.5614, 0.200, 1.370, 0.004

0, 9, 18, 2, 53.1299, 38.5614, 0.220, 1.395, 0.004

1, 9, 19, 2, 53.1299, 38.5614, 0.210, 1.370, 0.004

0, 9, 18, 3, 53.1299, 38.5614, 0.210, 1.402, 0.004

1, 9, 19, 3, 53.1299, 38.5614, 0.200, 1.385, 0.004

0, 9, 18, 4, 53.1299, 38.5614, 0.210, 1.402, 0.004

1, 9, 19, 4, 53.1299, 38.5614, 0.210, 1.374, 0.004

0, 9, 18, 0, 53.1299, 38.8114, 0.210, 1.405, 0.004

1, 9, 19, 0, 53.1299, 38.8114, 0.200, 1.370, 0.004

0, 9, 18, 1, 53.1299, 38.8114, 0.210, 1.398, 0.004

1, 9, 19, 1, 53.1299, 38.8114, 0.200, 1.371, 0.004

0, 9, 18, 2, 53.1299, 38.8114, 0.210, 1.395, 0.004

1, 9, 19, 2, 53.1299, 38.8114, 0.200, 1.375, 0.004

0, 9, 18, 3, 53.1299, 38.8114, 0.210, 1.406, 0.004

1, 9, 19, 3, 53.1299, 38.8114, 0.210, 1.370, 0.004

0, 9, 18, 4, 53.1299, 38.8114, 0.210, 1.395, 0.004

1, 9, 19, 4, 53.1299, 38.8114, 0.200, 1.377, 0.004

0, 9, 18, 0, 53.1299, 39.0614, 0.210, 1.399, 0.004

1, 9, 19, 0, 53.1299, 39.0614, 0.210, 1.378, 0.004

0, 9, 18, 1, 53.1299, 39.0614, 0.210, 1.392, 0.004

1, 9, 19, 1, 53.1299, 39.0614, 0.200, 1.366, 0.004

0, 9, 18, 2, 53.1299, 39.0614, 0.210, 1.396, 0.004

1, 9, 19, 2, 53.1299, 39.0614, 0.210, 1.377, 0.004

0, 9, 18, 3, 53.1299, 39.0614, 0.210, 1.404, 0.004

1, 9, 19, 3, 53.1299, 39.0614, 0.210, 1.389, 0.004

0, 9, 18, 4, 53.1299, 39.0614, 0.210, 1.402, 0.004

1, 9, 19, 4, 53.1299, 39.0614, 0.200, 1.365, 0.004

0, 9, 18, 0, 53.1299, 39.3114, 0.210, 1.400, 0.004

1, 9, 19, 0, 53.1299, 39.3114, 0.200, 1.370, 0.004

0, 9, 18, 1, 53.1299, 39.3114, 0.210, 1.398, 0.004

1, 9, 19, 1, 53.1299, 39.3114, 0.200, 1.370, 0.004

0, 9, 18, 2, 53.1299, 39.3114, 0.210, 1.399, 0.004

1, 9, 19, 2, 53.1299, 39.3114, 0.210, 1.370, 0.004

0, 9, 18, 3, 53.1299, 39.3114, 0.210, 1.396, 0.004

1, 9, 19, 3, 53.1299, 39.3114, 0.200, 1.381, 0.004

0, 9, 18, 4, 53.1299, 39.3114, 0.210, 1.393, 0.004

1, 9, 19, 4, 53.1299, 39.3114, 0.210, 1.380, 0.004

0, 9, 18, 0, 53.1299, 39.5614, 0.210, 1.398, 0.004

1, 9, 19, 0, 53.1299, 39.5614, 0.200, 1.378, 0.004

0, 9, 18, 1, 53.1299, 39.5614, 0.210, 1.401, 0.004

1, 9, 19, 1, 53.1299, 39.5614, 0.200, 1.373, 0.004

0, 9, 18, 2, 53.1299, 39.5614, 0.210, 1.401, 0.004

1, 9, 19, 2, 53.1299, 39.5614, 0.200, 1.371, 0.004

0, 9, 18, 3, 53.1299, 39.5614, 0.210, 1.395, 0.004

1, 9, 19, 3, 53.1299, 39.5614, 0.210, 1.382, 0.004

0, 9, 18, 4, 53.1299, 39.5614, 0.210, 1.406, 0.004

1, 9, 19, 4, 53.1299, 39.5614, 0.200, 1.377, 0.004

0, 9, 18, 0, 53.1299, 39.8114, 0.210, 1.398, 0.004

1, 9, 19, 0, 53.1299, 39.8114, 0.200, 1.375, 0.004

0, 9, 18, 1, 53.1299, 39.8114, 0.210, 1.398, 0.004

1, 9, 19, 1, 53.1299, 39.8114, 0.210, 1.377, 0.004

0, 9, 18, 2, 53.1299, 39.8114, 0.210, 1.403, 0.004

1, 9, 19, 2, 53.1299, 39.8114, 0.200, 1.372, 0.004

0, 9, 18, 3, 53.1299, 39.8114, 0.210, 1.399, 0.004

1, 9, 19, 3, 53.1299, 39.8114, 0.200, 1.375, 0.004

0, 9, 18, 4, 53.1299, 39.8114, 0.210, 1.400, 0.004

1, 9, 19, 4, 53.1299, 39.8114, 0.210, 1.366, 0.004

