Test Sector:
Device ID, Channel, Tile ID, trial, x, y, IMON, RMON, VCOMP
xorigincm, xfinalcm, xsteplengthcm, xsteps = 42.0936, 42.0936, 0, 106
yorigincm, yfinalcm, ysteplengthcm, nRepeat = 10.7171, 37.2829, 0.25, 5
0, 7, 14, 0, 0, 0, 0.220, 1.396, 0.004

1, 7, 15, 0, 0, 0, 0.220, 1.385, 0.004

0, 7, 14, 1, 0, 0, 0.220, 1.388, 0.004

1, 7, 15, 1, 0, 0, 0.220, 1.389, 0.004

0, 7, 14, 2, 0, 0, 0.220, 1.389, 0.004

1, 7, 15, 2, 0, 0, 0.220, 1.384, 0.004

0, 7, 14, 3, 0, 0, 0.220, 1.385, 0.004

1, 7, 15, 3, 0, 0, 0.220, 1.387, 0.004

0, 7, 14, 4, 0, 0, 0.220, 1.387, 0.004

1, 7, 15, 4, 0, 0, 0.220, 1.389, 0.004

0, 7, 14, 0, 42.0936, 10.7171, 0.220, 1.383, 0.004

1, 7, 15, 0, 42.0936, 10.7171, 0.220, 1.391, 0.004

0, 7, 14, 1, 42.0936, 10.7171, 0.220, 1.383, 0.004

1, 7, 15, 1, 42.0936, 10.7171, 0.220, 1.394, 0.004

0, 7, 14, 2, 42.0936, 10.7171, 0.220, 1.388, 0.004

1, 7, 15, 2, 42.0936, 10.7171, 0.220, 1.397, 0.004

0, 7, 14, 3, 42.0936, 10.7171, 0.220, 1.388, 0.004

1, 7, 15, 3, 42.0936, 10.7171, 0.220, 1.388, 0.004

0, 7, 14, 4, 42.0936, 10.7171, 0.210, 1.389, 0.004

1, 7, 15, 4, 42.0936, 10.7171, 0.220, 1.383, 0.004

0, 7, 14, 0, 42.0936, 10.9671, 0.220, 1.381, 0.004

1, 7, 15, 0, 42.0936, 10.9671, 0.220, 1.392, 0.004

0, 7, 14, 1, 42.0936, 10.9671, 0.220, 1.388, 0.004

1, 7, 15, 1, 42.0936, 10.9671, 0.220, 1.388, 0.004

0, 7, 14, 2, 42.0936, 10.9671, 0.220, 1.385, 0.004

1, 7, 15, 2, 42.0936, 10.9671, 0.230, 1.388, 0.004

0, 7, 14, 3, 42.0936, 10.9671, 0.220, 1.379, 0.004

1, 7, 15, 3, 42.0936, 10.9671, 0.230, 1.396, 0.004

0, 7, 14, 4, 42.0936, 10.9671, 0.220, 1.379, 0.004

1, 7, 15, 4, 42.0936, 10.9671, 0.220, 1.396, 0.004

0, 7, 14, 0, 42.0936, 11.2171, 0.220, 1.394, 0.004

1, 7, 15, 0, 42.0936, 11.2171, 0.220, 1.387, 0.004

0, 7, 14, 1, 42.0936, 11.2171, 0.220, 1.392, 0.004

1, 7, 15, 1, 42.0936, 11.2171, 0.220, 1.389, 0.004

0, 7, 14, 2, 42.0936, 11.2171, 0.220, 1.391, 0.004

1, 7, 15, 2, 42.0936, 11.2171, 0.220, 1.389, 0.004

0, 7, 14, 3, 42.0936, 11.2171, 0.220, 1.392, 0.004

1, 7, 15, 3, 42.0936, 11.2171, 0.220, 1.388, 0.004

0, 7, 14, 4, 42.0936, 11.2171, 0.220, 1.398, 0.004

1, 7, 15, 4, 42.0936, 11.2171, 0.220, 1.392, 0.004

0, 7, 14, 0, 42.0936, 11.4671, 0.220, 1.395, 0.004

1, 7, 15, 0, 42.0936, 11.4671, 0.220, 1.393, 0.004

0, 7, 14, 1, 42.0936, 11.4671, 0.220, 1.392, 0.004

1, 7, 15, 1, 42.0936, 11.4671, 0.220, 1.389, 0.004

0, 7, 14, 2, 42.0936, 11.4671, 0.220, 1.386, 0.004

1, 7, 15, 2, 42.0936, 11.4671, 0.230, 1.390, 0.004

0, 7, 14, 3, 42.0936, 11.4671, 0.220, 1.383, 0.004

1, 7, 15, 3, 42.0936, 11.4671, 0.230, 1.387, 0.004

0, 7, 14, 4, 42.0936, 11.4671, 0.220, 1.387, 0.004

1, 7, 15, 4, 42.0936, 11.4671, 0.230, 1.380, 0.004

0, 7, 14, 0, 42.0936, 11.7171, 0.220, 1.395, 0.004

1, 7, 15, 0, 42.0936, 11.7171, 0.220, 1.380, 0.004

0, 7, 14, 1, 42.0936, 11.7171, 0.220, 1.390, 0.004

1, 7, 15, 1, 42.0936, 11.7171, 0.230, 1.387, 0.004

0, 7, 14, 2, 42.0936, 11.7171, 0.220, 1.385, 0.004

1, 7, 15, 2, 42.0936, 11.7171, 0.230, 1.390, 0.004

0, 7, 14, 3, 42.0936, 11.7171, 0.210, 1.399, 0.004

1, 7, 15, 3, 42.0936, 11.7171, 0.230, 1.384, 0.004

0, 7, 14, 4, 42.0936, 11.7171, 0.210, 1.397, 0.004

1, 7, 15, 4, 42.0936, 11.7171, 0.230, 1.400, 0.004

0, 7, 14, 0, 42.0936, 11.9671, 0.220, 1.381, 0.004

1, 7, 15, 0, 42.0936, 11.9671, 0.230, 1.385, 0.004

0, 7, 14, 1, 42.0936, 11.9671, 0.220, 1.391, 0.004

1, 7, 15, 1, 42.0936, 11.9671, 0.230, 1.389, 0.004

0, 7, 14, 2, 42.0936, 11.9671, 0.220, 1.389, 0.004

1, 7, 15, 2, 42.0936, 11.9671, 0.230, 1.385, 0.004

0, 7, 14, 3, 42.0936, 11.9671, 0.220, 1.380, 0.004

1, 7, 15, 3, 42.0936, 11.9671, 0.230, 1.392, 0.004

0, 7, 14, 4, 42.0936, 11.9671, 0.220, 1.388, 0.004

1, 7, 15, 4, 42.0936, 11.9671, 0.230, 1.388, 0.004

0, 7, 14, 0, 42.0936, 12.2171, 0.220, 1.391, 0.004

1, 7, 15, 0, 42.0936, 12.2171, 0.260, 1.390, 0.004

0, 7, 14, 1, 42.0936, 12.2171, 0.220, 1.389, 0.004

1, 7, 15, 1, 42.0936, 12.2171, 0.260, 1.392, 0.004

0, 7, 14, 2, 42.0936, 12.2171, 0.210, 1.392, 0.004

1, 7, 15, 2, 42.0936, 12.2171, 0.260, 1.388, 0.004

0, 7, 14, 3, 42.0936, 12.2171, 0.220, 1.389, 0.004

1, 7, 15, 3, 42.0936, 12.2171, 0.260, 1.389, 0.004

0, 7, 14, 4, 42.0936, 12.2171, 0.220, 1.390, 0.004

1, 7, 15, 4, 42.0936, 12.2171, 0.260, 1.389, 0.004

0, 7, 14, 0, 42.0936, 12.4671, 0.220, 1.389, 0.004

1, 7, 15, 0, 42.0936, 12.4671, 0.300, 1.381, 0.004

0, 7, 14, 1, 42.0936, 12.4671, 0.210, 1.390, 0.004

1, 7, 15, 1, 42.0936, 12.4671, 0.300, 1.394, 0.004

0, 7, 14, 2, 42.0936, 12.4671, 0.220, 1.395, 0.004

1, 7, 15, 2, 42.0936, 12.4671, 0.300, 1.386, 0.004

0, 7, 14, 3, 42.0936, 12.4671, 0.220, 1.388, 0.004

1, 7, 15, 3, 42.0936, 12.4671, 0.290, 1.380, 0.004

0, 7, 14, 4, 42.0936, 12.4671, 0.220, 1.384, 0.004

1, 7, 15, 4, 42.0936, 12.4671, 0.310, 1.386, 0.004

0, 7, 14, 0, 42.0936, 12.7171, 0.220, 1.383, 0.004

1, 7, 15, 0, 42.0936, 12.7171, 0.380, 1.386, 0.004

0, 7, 14, 1, 42.0936, 12.7171, 0.220, 1.383, 0.004

1, 7, 15, 1, 42.0936, 12.7171, 0.360, 1.390, 0.004

0, 7, 14, 2, 42.0936, 12.7171, 0.220, 1.387, 0.004

1, 7, 15, 2, 42.0936, 12.7171, 0.380, 1.376, 0.004

0, 7, 14, 3, 42.0936, 12.7171, 0.220, 1.394, 0.004

1, 7, 15, 3, 42.0936, 12.7171, 0.370, 1.389, 0.004

0, 7, 14, 4, 42.0936, 12.7171, 0.220, 1.393, 0.004

1, 7, 15, 4, 42.0936, 12.7171, 0.380, 1.376, 0.004

0, 7, 14, 0, 42.0936, 12.9671, 0.220, 1.391, 0.004

1, 7, 15, 0, 42.0936, 12.9671, 0.430, 1.383, 0.004

0, 7, 14, 1, 42.0936, 12.9671, 0.210, 1.393, 0.004

1, 7, 15, 1, 42.0936, 12.9671, 0.430, 1.379, 0.004

0, 7, 14, 2, 42.0936, 12.9671, 0.220, 1.384, 0.004

1, 7, 15, 2, 42.0936, 12.9671, 0.430, 1.385, 0.004

0, 7, 14, 3, 42.0936, 12.9671, 0.210, 1.387, 0.004

1, 7, 15, 3, 42.0936, 12.9671, 0.440, 1.383, 0.004

0, 7, 14, 4, 42.0936, 12.9671, 0.210, 1.395, 0.004

1, 7, 15, 4, 42.0936, 12.9671, 0.440, 1.390, 0.004

0, 7, 14, 0, 42.0936, 13.2171, 0.220, 1.386, 0.004

1, 7, 15, 0, 42.0936, 13.2171, 0.450, 1.383, 0.004

0, 7, 14, 1, 42.0936, 13.2171, 0.220, 1.393, 0.004

1, 7, 15, 1, 42.0936, 13.2171, 0.440, 1.370, 0.004

0, 7, 14, 2, 42.0936, 13.2171, 0.220, 1.390, 0.004

1, 7, 15, 2, 42.0936, 13.2171, 0.440, 1.406, 0.004

0, 7, 14, 3, 42.0936, 13.2171, 0.220, 1.397, 0.004

1, 7, 15, 3, 42.0936, 13.2171, 0.430, 1.379, 0.004

0, 7, 14, 4, 42.0936, 13.2171, 0.220, 1.385, 0.004

1, 7, 15, 4, 42.0936, 13.2171, 0.440, 1.361, 0.004

0, 7, 14, 0, 42.0936, 13.4671, 0.220, 1.390, 0.004

1, 7, 15, 0, 42.0936, 13.4671, 0.440, 1.381, 0.004

0, 7, 14, 1, 42.0936, 13.4671, 0.220, 1.384, 0.004

1, 7, 15, 1, 42.0936, 13.4671, 0.430, 1.388, 0.004

0, 7, 14, 2, 42.0936, 13.4671, 0.220, 1.396, 0.004

1, 7, 15, 2, 42.0936, 13.4671, 0.430, 1.386, 0.004

0, 7, 14, 3, 42.0936, 13.4671, 0.220, 1.394, 0.004

1, 7, 15, 3, 42.0936, 13.4671, 0.420, 1.387, 0.004

0, 7, 14, 4, 42.0936, 13.4671, 0.210, 1.394, 0.004

1, 7, 15, 4, 42.0936, 13.4671, 0.440, 1.381, 0.004

0, 7, 14, 0, 42.0936, 13.7171, 0.220, 1.392, 0.004

1, 7, 15, 0, 42.0936, 13.7171, 0.420, 1.375, 0.004

0, 7, 14, 1, 42.0936, 13.7171, 0.220, 1.394, 0.004

1, 7, 15, 1, 42.0936, 13.7171, 0.430, 1.393, 0.004

0, 7, 14, 2, 42.0936, 13.7171, 0.220, 1.380, 0.004

1, 7, 15, 2, 42.0936, 13.7171, 0.400, 1.389, 0.004

0, 7, 14, 3, 42.0936, 13.7171, 0.220, 1.392, 0.004

1, 7, 15, 3, 42.0936, 13.7171, 0.410, 1.378, 0.004

0, 7, 14, 4, 42.0936, 13.7171, 0.210, 1.396, 0.004

1, 7, 15, 4, 42.0936, 13.7171, 0.410, 1.389, 0.004

0, 7, 14, 0, 42.0936, 13.9671, 0.220, 1.386, 0.004

1, 7, 15, 0, 42.0936, 13.9671, 0.420, 1.388, 0.004

0, 7, 14, 1, 42.0936, 13.9671, 0.220, 1.390, 0.004

1, 7, 15, 1, 42.0936, 13.9671, 0.410, 1.391, 0.004

0, 7, 14, 2, 42.0936, 13.9671, 0.220, 1.392, 0.004

1, 7, 15, 2, 42.0936, 13.9671, 0.420, 1.382, 0.004

0, 7, 14, 3, 42.0936, 13.9671, 0.220, 1.384, 0.004

1, 7, 15, 3, 42.0936, 13.9671, 0.410, 1.387, 0.004

0, 7, 14, 4, 42.0936, 13.9671, 0.210, 1.380, 0.004

1, 7, 15, 4, 42.0936, 13.9671, 0.420, 1.390, 0.004

0, 7, 14, 0, 42.0936, 14.2171, 0.220, 1.397, 0.004

1, 7, 15, 0, 42.0936, 14.2171, 0.440, 1.387, 0.004

0, 7, 14, 1, 42.0936, 14.2171, 0.220, 1.383, 0.004

1, 7, 15, 1, 42.0936, 14.2171, 0.440, 1.388, 0.004

0, 7, 14, 2, 42.0936, 14.2171, 0.220, 1.392, 0.004

1, 7, 15, 2, 42.0936, 14.2171, 0.450, 1.396, 0.004

0, 7, 14, 3, 42.0936, 14.2171, 0.220, 1.393, 0.004

1, 7, 15, 3, 42.0936, 14.2171, 0.430, 1.376, 0.004

0, 7, 14, 4, 42.0936, 14.2171, 0.220, 1.390, 0.004

1, 7, 15, 4, 42.0936, 14.2171, 0.430, 1.374, 0.004

0, 7, 14, 0, 42.0936, 14.4671, 0.220, 1.384, 0.004

1, 7, 15, 0, 42.0936, 14.4671, 0.450, 1.380, 0.004

0, 7, 14, 1, 42.0936, 14.4671, 0.210, 1.393, 0.004

1, 7, 15, 1, 42.0936, 14.4671, 0.450, 1.390, 0.004

0, 7, 14, 2, 42.0936, 14.4671, 0.220, 1.390, 0.004

1, 7, 15, 2, 42.0936, 14.4671, 0.460, 1.346, 0.004

0, 7, 14, 3, 42.0936, 14.4671, 0.220, 1.383, 0.004

1, 7, 15, 3, 42.0936, 14.4671, 0.440, 1.382, 0.004

0, 7, 14, 4, 42.0936, 14.4671, 0.220, 1.391, 0.004

1, 7, 15, 4, 42.0936, 14.4671, 0.440, 1.336, 0.004

0, 7, 14, 0, 42.0936, 14.7171, 0.210, 1.385, 0.004

1, 7, 15, 0, 42.0936, 14.7171, 0.440, 1.346, 0.004

0, 7, 14, 1, 42.0936, 14.7171, 0.220, 1.384, 0.004

1, 7, 15, 1, 42.0936, 14.7171, 0.440, 1.383, 0.004

0, 7, 14, 2, 42.0936, 14.7171, 0.220, 1.391, 0.004

1, 7, 15, 2, 42.0936, 14.7171, 0.440, 1.394, 0.004

0, 7, 14, 3, 42.0936, 14.7171, 0.220, 1.392, 0.004

1, 7, 15, 3, 42.0936, 14.7171, 0.440, 1.381, 0.004

0, 7, 14, 4, 42.0936, 14.7171, 0.210, 1.394, 0.004

1, 7, 15, 4, 42.0936, 14.7171, 0.450, 1.385, 0.004

0, 7, 14, 0, 42.0936, 14.9671, 0.220, 1.380, 0.004

1, 7, 15, 0, 42.0936, 14.9671, 0.450, 1.387, 0.004

0, 7, 14, 1, 42.0936, 14.9671, 0.210, 1.391, 0.004

1, 7, 15, 1, 42.0936, 14.9671, 0.450, 1.380, 0.004

0, 7, 14, 2, 42.0936, 14.9671, 0.220, 1.386, 0.004

1, 7, 15, 2, 42.0936, 14.9671, 0.440, 1.376, 0.004

0, 7, 14, 3, 42.0936, 14.9671, 0.210, 1.394, 0.004

1, 7, 15, 3, 42.0936, 14.9671, 0.450, 1.390, 0.004

0, 7, 14, 4, 42.0936, 14.9671, 0.210, 1.394, 0.004

1, 7, 15, 4, 42.0936, 14.9671, 0.440, 1.397, 0.004

0, 7, 14, 0, 42.0936, 15.2171, 0.220, 1.386, 0.004

1, 7, 15, 0, 42.0936, 15.2171, 0.450, 1.377, 0.004

0, 7, 14, 1, 42.0936, 15.2171, 0.220, 1.381, 0.004

1, 7, 15, 1, 42.0936, 15.2171, 0.440, 1.390, 0.004

0, 7, 14, 2, 42.0936, 15.2171, 0.210, 1.387, 0.004

1, 7, 15, 2, 42.0936, 15.2171, 0.450, 1.389, 0.004

0, 7, 14, 3, 42.0936, 15.2171, 0.220, 1.390, 0.004

1, 7, 15, 3, 42.0936, 15.2171, 0.460, 1.386, 0.004

0, 7, 14, 4, 42.0936, 15.2171, 0.220, 1.387, 0.004

1, 7, 15, 4, 42.0936, 15.2171, 0.460, 1.391, 0.004

0, 7, 14, 0, 42.0936, 15.4671, 0.220, 1.388, 0.004

1, 7, 15, 0, 42.0936, 15.4671, 0.470, 1.384, 0.004

0, 7, 14, 1, 42.0936, 15.4671, 0.220, 1.389, 0.004

1, 7, 15, 1, 42.0936, 15.4671, 0.440, 1.367, 0.004

0, 7, 14, 2, 42.0936, 15.4671, 0.210, 1.389, 0.004

1, 7, 15, 2, 42.0936, 15.4671, 0.450, 1.380, 0.004

0, 7, 14, 3, 42.0936, 15.4671, 0.210, 1.393, 0.004

1, 7, 15, 3, 42.0936, 15.4671, 0.450, 1.384, 0.004

0, 7, 14, 4, 42.0936, 15.4671, 0.220, 1.386, 0.004

1, 7, 15, 4, 42.0936, 15.4671, 0.450, 1.385, 0.004

0, 7, 14, 0, 42.0936, 15.7171, 0.220, 1.389, 0.004

1, 7, 15, 0, 42.0936, 15.7171, 0.440, 1.394, 0.004

0, 7, 14, 1, 42.0936, 15.7171, 0.220, 1.397, 0.004

1, 7, 15, 1, 42.0936, 15.7171, 0.460, 1.381, 0.004

0, 7, 14, 2, 42.0936, 15.7171, 0.220, 1.393, 0.004

1, 7, 15, 2, 42.0936, 15.7171, 0.450, 1.384, 0.004

0, 7, 14, 3, 42.0936, 15.7171, 0.220, 1.394, 0.004

1, 7, 15, 3, 42.0936, 15.7171, 0.430, 1.391, 0.004

0, 7, 14, 4, 42.0936, 15.7171, 0.220, 1.388, 0.004

1, 7, 15, 4, 42.0936, 15.7171, 0.440, 1.381, 0.004

0, 7, 14, 0, 0, 0, 0.220, 1.395, 0.004

1, 7, 15, 0, 0, 0, 0.220, 1.390, 0.004

0, 7, 14, 1, 0, 0, 0.210, 1.388, 0.004

1, 7, 15, 1, 0, 0, 0.220, 1.383, 0.004

0, 7, 14, 2, 0, 0, 0.220, 1.393, 0.004

1, 7, 15, 2, 0, 0, 0.220, 1.388, 0.004

0, 7, 14, 3, 0, 0, 0.220, 1.392, 0.004

1, 7, 15, 3, 0, 0, 0.220, 1.385, 0.004

0, 7, 14, 4, 0, 0, 0.220, 1.393, 0.004

1, 7, 15, 4, 0, 0, 0.220, 1.391, 0.004

0, 7, 14, 0, 42.0936, 15.9671, 0.220, 1.392, 0.004

1, 7, 15, 0, 42.0936, 15.9671, 0.440, 1.385, 0.004

0, 7, 14, 1, 42.0936, 15.9671, 0.220, 1.401, 0.004

1, 7, 15, 1, 42.0936, 15.9671, 0.460, 1.391, 0.004

0, 7, 14, 2, 42.0936, 15.9671, 0.220, 1.390, 0.004

1, 7, 15, 2, 42.0936, 15.9671, 0.430, 1.386, 0.004

0, 7, 14, 3, 42.0936, 15.9671, 0.220, 1.383, 0.004

1, 7, 15, 3, 42.0936, 15.9671, 0.440, 1.387, 0.004

0, 7, 14, 4, 42.0936, 15.9671, 0.220, 1.395, 0.004

1, 7, 15, 4, 42.0936, 15.9671, 0.450, 1.377, 0.004

0, 7, 14, 0, 42.0936, 16.2171, 0.220, 1.391, 0.004

1, 7, 15, 0, 42.0936, 16.2171, 0.440, 1.389, 0.004

0, 7, 14, 1, 42.0936, 16.2171, 0.220, 1.396, 0.004

1, 7, 15, 1, 42.0936, 16.2171, 0.450, 1.386, 0.004

0, 7, 14, 2, 42.0936, 16.2171, 0.220, 1.386, 0.004

1, 7, 15, 2, 42.0936, 16.2171, 0.440, 1.389, 0.004

0, 7, 14, 3, 42.0936, 16.2171, 0.220, 1.387, 0.004

1, 7, 15, 3, 42.0936, 16.2171, 0.450, 1.384, 0.004

0, 7, 14, 4, 42.0936, 16.2171, 0.210, 1.392, 0.004

1, 7, 15, 4, 42.0936, 16.2171, 0.440, 1.379, 0.004

0, 7, 14, 0, 42.0936, 16.4671, 0.220, 1.389, 0.004

1, 7, 15, 0, 42.0936, 16.4671, 0.450, 1.398, 0.004

0, 7, 14, 1, 42.0936, 16.4671, 0.220, 1.392, 0.004

1, 7, 15, 1, 42.0936, 16.4671, 0.430, 1.389, 0.004

0, 7, 14, 2, 42.0936, 16.4671, 0.220, 1.388, 0.004

1, 7, 15, 2, 42.0936, 16.4671, 0.450, 1.378, 0.004

0, 7, 14, 3, 42.0936, 16.4671, 0.210, 1.386, 0.004

1, 7, 15, 3, 42.0936, 16.4671, 0.460, 1.388, 0.004

0, 7, 14, 4, 42.0936, 16.4671, 0.220, 1.396, 0.004

1, 7, 15, 4, 42.0936, 16.4671, 0.460, 1.379, 0.004

0, 7, 14, 0, 42.0936, 16.7171, 0.220, 1.388, 0.004

1, 7, 15, 0, 42.0936, 16.7171, 0.440, 1.390, 0.004

0, 7, 14, 1, 42.0936, 16.7171, 0.220, 1.386, 0.004

1, 7, 15, 1, 42.0936, 16.7171, 0.450, 1.384, 0.004

0, 7, 14, 2, 42.0936, 16.7171, 0.220, 1.389, 0.004

1, 7, 15, 2, 42.0936, 16.7171, 0.430, 1.383, 0.004

0, 7, 14, 3, 42.0936, 16.7171, 0.210, 1.396, 0.004

1, 7, 15, 3, 42.0936, 16.7171, 0.450, 1.381, 0.004

0, 7, 14, 4, 42.0936, 16.7171, 0.220, 1.389, 0.004

1, 7, 15, 4, 42.0936, 16.7171, 0.430, 1.383, 0.004

0, 7, 14, 0, 42.0936, 16.9671, 0.220, 1.388, 0.004

1, 7, 15, 0, 42.0936, 16.9671, 0.440, 1.395, 0.004

0, 7, 14, 1, 42.0936, 16.9671, 0.210, 1.381, 0.004

1, 7, 15, 1, 42.0936, 16.9671, 0.440, 1.377, 0.004

0, 7, 14, 2, 42.0936, 16.9671, 0.220, 1.387, 0.004

1, 7, 15, 2, 42.0936, 16.9671, 0.440, 1.386, 0.004

0, 7, 14, 3, 42.0936, 16.9671, 0.220, 1.390, 0.004

1, 7, 15, 3, 42.0936, 16.9671, 0.450, 1.390, 0.004

0, 7, 14, 4, 42.0936, 16.9671, 0.220, 1.393, 0.004

1, 7, 15, 4, 42.0936, 16.9671, 0.450, 1.392, 0.004

0, 7, 14, 0, 42.0936, 17.2171, 0.220, 1.387, 0.004

1, 7, 15, 0, 42.0936, 17.2171, 0.450, 1.390, 0.004

0, 7, 14, 1, 42.0936, 17.2171, 0.220, 1.391, 0.004

1, 7, 15, 1, 42.0936, 17.2171, 0.450, 1.396, 0.004

0, 7, 14, 2, 42.0936, 17.2171, 0.220, 1.391, 0.004

1, 7, 15, 2, 42.0936, 17.2171, 0.450, 1.406, 0.004

0, 7, 14, 3, 42.0936, 17.2171, 0.220, 1.391, 0.004

1, 7, 15, 3, 42.0936, 17.2171, 0.460, 1.380, 0.004

0, 7, 14, 4, 42.0936, 17.2171, 0.210, 1.391, 0.004

1, 7, 15, 4, 42.0936, 17.2171, 0.450, 1.403, 0.004

0, 7, 14, 0, 42.0936, 17.4671, 0.220, 1.387, 0.004

1, 7, 15, 0, 42.0936, 17.4671, 0.460, 1.384, 0.004

0, 7, 14, 1, 42.0936, 17.4671, 0.220, 1.386, 0.004

1, 7, 15, 1, 42.0936, 17.4671, 0.440, 1.383, 0.004

0, 7, 14, 2, 42.0936, 17.4671, 0.220, 1.394, 0.004

1, 7, 15, 2, 42.0936, 17.4671, 0.440, 1.383, 0.004

0, 7, 14, 3, 42.0936, 17.4671, 0.220, 1.397, 0.004

1, 7, 15, 3, 42.0936, 17.4671, 0.450, 1.400, 0.004

0, 7, 14, 4, 42.0936, 17.4671, 0.220, 1.401, 0.004

1, 7, 15, 4, 42.0936, 17.4671, 0.440, 1.386, 0.004

0, 7, 14, 0, 42.0936, 17.7171, 0.220, 1.397, 0.004

1, 7, 15, 0, 42.0936, 17.7171, 0.450, 1.388, 0.004

0, 7, 14, 1, 42.0936, 17.7171, 0.220, 1.394, 0.004

1, 7, 15, 1, 42.0936, 17.7171, 0.450, 1.380, 0.004

0, 7, 14, 2, 42.0936, 17.7171, 0.220, 1.385, 0.004

1, 7, 15, 2, 42.0936, 17.7171, 0.440, 1.383, 0.004

0, 7, 14, 3, 42.0936, 17.7171, 0.220, 1.386, 0.004

1, 7, 15, 3, 42.0936, 17.7171, 0.440, 1.383, 0.004

0, 7, 14, 4, 42.0936, 17.7171, 0.220, 1.389, 0.004

1, 7, 15, 4, 42.0936, 17.7171, 0.430, 1.378, 0.004

0, 7, 14, 0, 42.0936, 17.9671, 0.220, 1.387, 0.004

1, 7, 15, 0, 42.0936, 17.9671, 0.450, 1.394, 0.004

0, 7, 14, 1, 42.0936, 17.9671, 0.220, 1.389, 0.004

1, 7, 15, 1, 42.0936, 17.9671, 0.440, 1.384, 0.004

0, 7, 14, 2, 42.0936, 17.9671, 0.220, 1.392, 0.004

1, 7, 15, 2, 42.0936, 17.9671, 0.450, 1.375, 0.004

0, 7, 14, 3, 42.0936, 17.9671, 0.220, 1.387, 0.004

1, 7, 15, 3, 42.0936, 17.9671, 0.440, 1.384, 0.004

0, 7, 14, 4, 42.0936, 17.9671, 0.220, 1.395, 0.004

1, 7, 15, 4, 42.0936, 17.9671, 0.440, 1.384, 0.004

0, 7, 14, 0, 42.0936, 18.2171, 0.220, 1.389, 0.004

1, 7, 15, 0, 42.0936, 18.2171, 0.450, 1.390, 0.004

0, 7, 14, 1, 42.0936, 18.2171, 0.220, 1.393, 0.004

1, 7, 15, 1, 42.0936, 18.2171, 0.450, 1.395, 0.004

0, 7, 14, 2, 42.0936, 18.2171, 0.220, 1.382, 0.004

1, 7, 15, 2, 42.0936, 18.2171, 0.460, 1.385, 0.004

0, 7, 14, 3, 42.0936, 18.2171, 0.220, 1.393, 0.004

1, 7, 15, 3, 42.0936, 18.2171, 0.450, 1.396, 0.004

0, 7, 14, 4, 42.0936, 18.2171, 0.220, 1.390, 0.004

1, 7, 15, 4, 42.0936, 18.2171, 0.450, 1.369, 0.004

0, 7, 14, 0, 42.0936, 18.4671, 0.220, 1.388, 0.004

1, 7, 15, 0, 42.0936, 18.4671, 0.450, 1.370, 0.004

0, 7, 14, 1, 42.0936, 18.4671, 0.220, 1.387, 0.004

1, 7, 15, 1, 42.0936, 18.4671, 0.440, 1.388, 0.004

0, 7, 14, 2, 42.0936, 18.4671, 0.210, 1.382, 0.004

1, 7, 15, 2, 42.0936, 18.4671, 0.470, 1.387, 0.004

0, 7, 14, 3, 42.0936, 18.4671, 0.220, 1.390, 0.004

1, 7, 15, 3, 42.0936, 18.4671, 0.470, 1.400, 0.004

0, 7, 14, 4, 42.0936, 18.4671, 0.220, 1.386, 0.004

1, 7, 15, 4, 42.0936, 18.4671, 0.450, 1.388, 0.004

0, 7, 14, 0, 42.0936, 18.7171, 0.220, 1.384, 0.004

1, 7, 15, 0, 42.0936, 18.7171, 0.440, 1.383, 0.004

0, 7, 14, 1, 42.0936, 18.7171, 0.220, 1.381, 0.004

1, 7, 15, 1, 42.0936, 18.7171, 0.450, 1.419, 0.004

0, 7, 14, 2, 42.0936, 18.7171, 0.220, 1.389, 0.004

1, 7, 15, 2, 42.0936, 18.7171, 0.460, 1.388, 0.004

0, 7, 14, 3, 42.0936, 18.7171, 0.220, 1.387, 0.004

1, 7, 15, 3, 42.0936, 18.7171, 0.450, 1.389, 0.004

0, 7, 14, 4, 42.0936, 18.7171, 0.220, 1.392, 0.004

1, 7, 15, 4, 42.0936, 18.7171, 0.430, 1.383, 0.004

0, 7, 14, 0, 42.0936, 18.9671, 0.220, 1.395, 0.004

1, 7, 15, 0, 42.0936, 18.9671, 0.460, 1.381, 0.004

0, 7, 14, 1, 42.0936, 18.9671, 0.220, 1.387, 0.004

1, 7, 15, 1, 42.0936, 18.9671, 0.450, 1.343, 0.004

0, 7, 14, 2, 42.0936, 18.9671, 0.220, 1.394, 0.004

1, 7, 15, 2, 42.0936, 18.9671, 0.450, 1.384, 0.004

0, 7, 14, 3, 42.0936, 18.9671, 0.210, 1.391, 0.004

1, 7, 15, 3, 42.0936, 18.9671, 0.430, 1.391, 0.004

0, 7, 14, 4, 42.0936, 18.9671, 0.220, 1.389, 0.004

1, 7, 15, 4, 42.0936, 18.9671, 0.450, 1.383, 0.004

0, 7, 14, 0, 42.0936, 19.2171, 0.220, 1.394, 0.004

1, 7, 15, 0, 42.0936, 19.2171, 0.440, 1.394, 0.004

0, 7, 14, 1, 42.0936, 19.2171, 0.220, 1.391, 0.004

1, 7, 15, 1, 42.0936, 19.2171, 0.440, 1.397, 0.004

0, 7, 14, 2, 42.0936, 19.2171, 0.220, 1.389, 0.004

1, 7, 15, 2, 42.0936, 19.2171, 0.450, 1.387, 0.004

0, 7, 14, 3, 42.0936, 19.2171, 0.220, 1.385, 0.004

1, 7, 15, 3, 42.0936, 19.2171, 0.460, 1.397, 0.004

0, 7, 14, 4, 42.0936, 19.2171, 0.220, 1.392, 0.004

1, 7, 15, 4, 42.0936, 19.2171, 0.460, 1.378, 0.004

0, 7, 14, 0, 42.0936, 19.4671, 0.220, 1.385, 0.004

1, 7, 15, 0, 42.0936, 19.4671, 0.460, 1.387, 0.004

0, 7, 14, 1, 42.0936, 19.4671, 0.220, 1.387, 0.004

1, 7, 15, 1, 42.0936, 19.4671, 0.440, 1.381, 0.004

0, 7, 14, 2, 42.0936, 19.4671, 0.220, 1.391, 0.004

1, 7, 15, 2, 42.0936, 19.4671, 0.450, 1.390, 0.004

0, 7, 14, 3, 42.0936, 19.4671, 0.210, 1.388, 0.004

1, 7, 15, 3, 42.0936, 19.4671, 0.450, 1.388, 0.004

0, 7, 14, 4, 42.0936, 19.4671, 0.220, 1.383, 0.004

1, 7, 15, 4, 42.0936, 19.4671, 0.440, 1.357, 0.004

0, 7, 14, 0, 42.0936, 19.7171, 0.220, 1.401, 0.004

1, 7, 15, 0, 42.0936, 19.7171, 0.440, 1.375, 0.004

0, 7, 14, 1, 42.0936, 19.7171, 0.220, 1.398, 0.004

1, 7, 15, 1, 42.0936, 19.7171, 0.440, 1.389, 0.004

0, 7, 14, 2, 42.0936, 19.7171, 0.210, 1.389, 0.004

1, 7, 15, 2, 42.0936, 19.7171, 0.460, 1.389, 0.004

0, 7, 14, 3, 42.0936, 19.7171, 0.210, 1.387, 0.004

1, 7, 15, 3, 42.0936, 19.7171, 0.430, 1.380, 0.004

0, 7, 14, 4, 42.0936, 19.7171, 0.220, 1.387, 0.004

1, 7, 15, 4, 42.0936, 19.7171, 0.440, 1.386, 0.004

0, 7, 14, 0, 42.0936, 19.9671, 0.210, 1.401, 0.004

1, 7, 15, 0, 42.0936, 19.9671, 0.430, 1.386, 0.004

0, 7, 14, 1, 42.0936, 19.9671, 0.220, 1.393, 0.004

1, 7, 15, 1, 42.0936, 19.9671, 0.440, 1.389, 0.004

0, 7, 14, 2, 42.0936, 19.9671, 0.220, 1.391, 0.004

1, 7, 15, 2, 42.0936, 19.9671, 0.450, 1.390, 0.004

0, 7, 14, 3, 42.0936, 19.9671, 0.220, 1.378, 0.004

1, 7, 15, 3, 42.0936, 19.9671, 0.440, 1.382, 0.004

0, 7, 14, 4, 42.0936, 19.9671, 0.220, 1.382, 0.004

1, 7, 15, 4, 42.0936, 19.9671, 0.440, 1.384, 0.004

0, 7, 14, 0, 42.0936, 20.2171, 0.220, 1.390, 0.004

1, 7, 15, 0, 42.0936, 20.2171, 0.460, 1.382, 0.004

0, 7, 14, 1, 42.0936, 20.2171, 0.220, 1.400, 0.004

1, 7, 15, 1, 42.0936, 20.2171, 0.420, 1.392, 0.004

0, 7, 14, 2, 42.0936, 20.2171, 0.220, 1.388, 0.004

1, 7, 15, 2, 42.0936, 20.2171, 0.440, 1.382, 0.004

0, 7, 14, 3, 42.0936, 20.2171, 0.220, 1.387, 0.004

1, 7, 15, 3, 42.0936, 20.2171, 0.440, 1.390, 0.004

0, 7, 14, 4, 42.0936, 20.2171, 0.220, 1.389, 0.004

1, 7, 15, 4, 42.0936, 20.2171, 0.440, 1.374, 0.004

0, 7, 14, 0, 42.0936, 20.4671, 0.210, 1.390, 0.004

1, 7, 15, 0, 42.0936, 20.4671, 0.440, 1.386, 0.004

0, 7, 14, 1, 42.0936, 20.4671, 0.220, 1.391, 0.004

1, 7, 15, 1, 42.0936, 20.4671, 0.440, 1.381, 0.004

0, 7, 14, 2, 42.0936, 20.4671, 0.220, 1.391, 0.004

1, 7, 15, 2, 42.0936, 20.4671, 0.440, 1.396, 0.004

0, 7, 14, 3, 42.0936, 20.4671, 0.220, 1.386, 0.004

1, 7, 15, 3, 42.0936, 20.4671, 0.450, 1.384, 0.004

0, 7, 14, 4, 42.0936, 20.4671, 0.220, 1.398, 0.004

1, 7, 15, 4, 42.0936, 20.4671, 0.440, 1.390, 0.004

0, 7, 14, 0, 42.0936, 20.7171, 0.220, 1.387, 0.004

1, 7, 15, 0, 42.0936, 20.7171, 0.460, 1.392, 0.004

0, 7, 14, 1, 42.0936, 20.7171, 0.210, 1.389, 0.004

1, 7, 15, 1, 42.0936, 20.7171, 0.440, 1.388, 0.004

0, 7, 14, 2, 42.0936, 20.7171, 0.220, 1.390, 0.004

1, 7, 15, 2, 42.0936, 20.7171, 0.440, 1.385, 0.004

0, 7, 14, 3, 42.0936, 20.7171, 0.220, 1.394, 0.004

1, 7, 15, 3, 42.0936, 20.7171, 0.440, 1.391, 0.004

0, 7, 14, 4, 42.0936, 20.7171, 0.220, 1.387, 0.004

1, 7, 15, 4, 42.0936, 20.7171, 0.420, 1.388, 0.004

0, 7, 14, 0, 0, 0, 0.210, 1.387, 0.004

1, 7, 15, 0, 0, 0, 0.220, 1.392, 0.004

0, 7, 14, 1, 0, 0, 0.220, 1.393, 0.004

1, 7, 15, 1, 0, 0, 0.220, 1.396, 0.004

0, 7, 14, 2, 0, 0, 0.220, 1.392, 0.004

1, 7, 15, 2, 0, 0, 0.210, 1.388, 0.004

0, 7, 14, 3, 0, 0, 0.220, 1.393, 0.004

1, 7, 15, 3, 0, 0, 0.220, 1.389, 0.004

0, 7, 14, 4, 0, 0, 0.220, 1.387, 0.004

1, 7, 15, 4, 0, 0, 0.220, 1.387, 0.004

0, 7, 14, 0, 42.0936, 20.9671, 0.220, 1.392, 0.004

1, 7, 15, 0, 42.0936, 20.9671, 0.460, 1.398, 0.004

0, 7, 14, 1, 42.0936, 20.9671, 0.220, 1.394, 0.004

1, 7, 15, 1, 42.0936, 20.9671, 0.450, 1.385, 0.004

0, 7, 14, 2, 42.0936, 20.9671, 0.220, 1.385, 0.004

1, 7, 15, 2, 42.0936, 20.9671, 0.450, 1.381, 0.004

0, 7, 14, 3, 42.0936, 20.9671, 0.220, 1.383, 0.004

1, 7, 15, 3, 42.0936, 20.9671, 0.440, 1.382, 0.004

0, 7, 14, 4, 42.0936, 20.9671, 0.220, 1.383, 0.004

1, 7, 15, 4, 42.0936, 20.9671, 0.460, 1.391, 0.004

0, 7, 14, 0, 42.0936, 21.2171, 0.220, 1.389, 0.004

1, 7, 15, 0, 42.0936, 21.2171, 0.460, 1.396, 0.004

0, 7, 14, 1, 42.0936, 21.2171, 0.210, 1.391, 0.004

1, 7, 15, 1, 42.0936, 21.2171, 0.450, 1.386, 0.004

0, 7, 14, 2, 42.0936, 21.2171, 0.220, 1.395, 0.004

1, 7, 15, 2, 42.0936, 21.2171, 0.450, 1.384, 0.004

0, 7, 14, 3, 42.0936, 21.2171, 0.220, 1.390, 0.004

1, 7, 15, 3, 42.0936, 21.2171, 0.440, 1.382, 0.004

0, 7, 14, 4, 42.0936, 21.2171, 0.220, 1.390, 0.004

1, 7, 15, 4, 42.0936, 21.2171, 0.430, 1.379, 0.004

0, 7, 14, 0, 42.0936, 21.4671, 0.220, 1.388, 0.004

1, 7, 15, 0, 42.0936, 21.4671, 0.430, 1.385, 0.004

0, 7, 14, 1, 42.0936, 21.4671, 0.220, 1.378, 0.004

1, 7, 15, 1, 42.0936, 21.4671, 0.450, 1.360, 0.004

0, 7, 14, 2, 42.0936, 21.4671, 0.220, 1.386, 0.004

1, 7, 15, 2, 42.0936, 21.4671, 0.440, 1.380, 0.004

0, 7, 14, 3, 42.0936, 21.4671, 0.220, 1.391, 0.004

1, 7, 15, 3, 42.0936, 21.4671, 0.430, 1.390, 0.004

0, 7, 14, 4, 42.0936, 21.4671, 0.220, 1.390, 0.004

1, 7, 15, 4, 42.0936, 21.4671, 0.440, 1.380, 0.004

0, 7, 14, 0, 42.0936, 21.7171, 0.220, 1.391, 0.004

1, 7, 15, 0, 42.0936, 21.7171, 0.450, 1.387, 0.004

0, 7, 14, 1, 42.0936, 21.7171, 0.220, 1.389, 0.004

1, 7, 15, 1, 42.0936, 21.7171, 0.450, 1.384, 0.004

0, 7, 14, 2, 42.0936, 21.7171, 0.220, 1.384, 0.004

1, 7, 15, 2, 42.0936, 21.7171, 0.440, 1.358, 0.004

0, 7, 14, 3, 42.0936, 21.7171, 0.220, 1.395, 0.004

1, 7, 15, 3, 42.0936, 21.7171, 0.450, 1.378, 0.004

0, 7, 14, 4, 42.0936, 21.7171, 0.220, 1.388, 0.004

1, 7, 15, 4, 42.0936, 21.7171, 0.450, 1.390, 0.004

0, 7, 14, 0, 42.0936, 21.9671, 0.220, 1.390, 0.004

1, 7, 15, 0, 42.0936, 21.9671, 0.430, 1.386, 0.004

0, 7, 14, 1, 42.0936, 21.9671, 0.220, 1.390, 0.004

1, 7, 15, 1, 42.0936, 21.9671, 0.410, 1.377, 0.004

0, 7, 14, 2, 42.0936, 21.9671, 0.220, 1.391, 0.004

1, 7, 15, 2, 42.0936, 21.9671, 0.430, 1.393, 0.004

0, 7, 14, 3, 42.0936, 21.9671, 0.220, 1.380, 0.004

1, 7, 15, 3, 42.0936, 21.9671, 0.430, 1.369, 0.004

0, 7, 14, 4, 42.0936, 21.9671, 0.220, 1.391, 0.004

1, 7, 15, 4, 42.0936, 21.9671, 0.420, 1.384, 0.004

0, 7, 14, 0, 42.0936, 22.2171, 0.220, 1.383, 0.004

1, 7, 15, 0, 42.0936, 22.2171, 0.400, 1.376, 0.004

0, 7, 14, 1, 42.0936, 22.2171, 0.220, 1.391, 0.004

1, 7, 15, 1, 42.0936, 22.2171, 0.390, 1.380, 0.004

0, 7, 14, 2, 42.0936, 22.2171, 0.220, 1.391, 0.004

1, 7, 15, 2, 42.0936, 22.2171, 0.410, 1.384, 0.004

0, 7, 14, 3, 42.0936, 22.2171, 0.220, 1.388, 0.004

1, 7, 15, 3, 42.0936, 22.2171, 0.400, 1.392, 0.004

0, 7, 14, 4, 42.0936, 22.2171, 0.220, 1.393, 0.004

1, 7, 15, 4, 42.0936, 22.2171, 0.390, 1.380, 0.004

0, 7, 14, 0, 42.0936, 22.4671, 0.220, 1.383, 0.004

1, 7, 15, 0, 42.0936, 22.4671, 0.400, 1.367, 0.004

0, 7, 14, 1, 42.0936, 22.4671, 0.220, 1.392, 0.004

1, 7, 15, 1, 42.0936, 22.4671, 0.410, 1.391, 0.004

0, 7, 14, 2, 42.0936, 22.4671, 0.220, 1.388, 0.004

1, 7, 15, 2, 42.0936, 22.4671, 0.410, 1.385, 0.004

0, 7, 14, 3, 42.0936, 22.4671, 0.220, 1.394, 0.004

1, 7, 15, 3, 42.0936, 22.4671, 0.390, 1.385, 0.004

0, 7, 14, 4, 42.0936, 22.4671, 0.220, 1.391, 0.004

1, 7, 15, 4, 42.0936, 22.4671, 0.410, 1.382, 0.004

0, 7, 14, 0, 42.0936, 22.7171, 0.220, 1.392, 0.004

1, 7, 15, 0, 42.0936, 22.7171, 0.370, 1.349, 0.004

0, 7, 14, 1, 42.0936, 22.7171, 0.220, 1.386, 0.004

1, 7, 15, 1, 42.0936, 22.7171, 0.380, 1.383, 0.004

0, 7, 14, 2, 42.0936, 22.7171, 0.220, 1.396, 0.004

1, 7, 15, 2, 42.0936, 22.7171, 0.380, 1.385, 0.004

0, 7, 14, 3, 42.0936, 22.7171, 0.220, 1.383, 0.004

1, 7, 15, 3, 42.0936, 22.7171, 0.380, 1.394, 0.004

0, 7, 14, 4, 42.0936, 22.7171, 0.220, 1.387, 0.004

1, 7, 15, 4, 42.0936, 22.7171, 0.370, 1.387, 0.004

0, 7, 14, 0, 42.0936, 22.9671, 0.220, 1.384, 0.004

1, 7, 15, 0, 42.0936, 22.9671, 0.300, 1.385, 0.004

0, 7, 14, 1, 42.0936, 22.9671, 0.220, 1.387, 0.004

1, 7, 15, 1, 42.0936, 22.9671, 0.300, 1.389, 0.004

0, 7, 14, 2, 42.0936, 22.9671, 0.220, 1.391, 0.004

1, 7, 15, 2, 42.0936, 22.9671, 0.300, 1.389, 0.004

0, 7, 14, 3, 42.0936, 22.9671, 0.220, 1.396, 0.004

1, 7, 15, 3, 42.0936, 22.9671, 0.290, 1.380, 0.004

0, 7, 14, 4, 42.0936, 22.9671, 0.220, 1.390, 0.004

1, 7, 15, 4, 42.0936, 22.9671, 0.290, 1.388, 0.004

0, 7, 14, 0, 42.0936, 23.2171, 0.220, 1.395, 0.004

1, 7, 15, 0, 42.0936, 23.2171, 0.260, 1.387, 0.004

0, 7, 14, 1, 42.0936, 23.2171, 0.220, 1.388, 0.004

1, 7, 15, 1, 42.0936, 23.2171, 0.250, 1.384, 0.004

0, 7, 14, 2, 42.0936, 23.2171, 0.220, 1.398, 0.004

1, 7, 15, 2, 42.0936, 23.2171, 0.260, 1.394, 0.004

0, 7, 14, 3, 42.0936, 23.2171, 0.220, 1.382, 0.004

1, 7, 15, 3, 42.0936, 23.2171, 0.250, 1.389, 0.004

0, 7, 14, 4, 42.0936, 23.2171, 0.220, 1.396, 0.004

1, 7, 15, 4, 42.0936, 23.2171, 0.250, 1.389, 0.004

0, 7, 14, 0, 42.0936, 23.4671, 0.220, 1.385, 0.004

1, 7, 15, 0, 42.0936, 23.4671, 0.240, 1.386, 0.004

0, 7, 14, 1, 42.0936, 23.4671, 0.230, 1.397, 0.004

1, 7, 15, 1, 42.0936, 23.4671, 0.240, 1.387, 0.004

0, 7, 14, 2, 42.0936, 23.4671, 0.220, 1.401, 0.004

1, 7, 15, 2, 42.0936, 23.4671, 0.240, 1.383, 0.004

0, 7, 14, 3, 42.0936, 23.4671, 0.220, 1.395, 0.004

1, 7, 15, 3, 42.0936, 23.4671, 0.230, 1.380, 0.004

0, 7, 14, 4, 42.0936, 23.4671, 0.220, 1.386, 0.004

1, 7, 15, 4, 42.0936, 23.4671, 0.230, 1.373, 0.004

0, 7, 14, 0, 42.0936, 23.7171, 0.220, 1.392, 0.004

1, 7, 15, 0, 42.0936, 23.7171, 0.230, 1.388, 0.004

0, 7, 14, 1, 42.0936, 23.7171, 0.220, 1.390, 0.004

1, 7, 15, 1, 42.0936, 23.7171, 0.220, 1.388, 0.004

0, 7, 14, 2, 42.0936, 23.7171, 0.220, 1.391, 0.004

1, 7, 15, 2, 42.0936, 23.7171, 0.230, 1.384, 0.004

0, 7, 14, 3, 42.0936, 23.7171, 0.220, 1.393, 0.004

1, 7, 15, 3, 42.0936, 23.7171, 0.230, 1.389, 0.004

0, 7, 14, 4, 42.0936, 23.7171, 0.220, 1.388, 0.004

1, 7, 15, 4, 42.0936, 23.7171, 0.220, 1.386, 0.004

0, 7, 14, 0, 42.0936, 23.9671, 0.220, 1.394, 0.004

1, 7, 15, 0, 42.0936, 23.9671, 0.230, 1.385, 0.004

0, 7, 14, 1, 42.0936, 23.9671, 0.230, 1.393, 0.004

1, 7, 15, 1, 42.0936, 23.9671, 0.230, 1.387, 0.004

0, 7, 14, 2, 42.0936, 23.9671, 0.230, 1.393, 0.004

1, 7, 15, 2, 42.0936, 23.9671, 0.220, 1.388, 0.004

0, 7, 14, 3, 42.0936, 23.9671, 0.230, 1.387, 0.004

1, 7, 15, 3, 42.0936, 23.9671, 0.220, 1.389, 0.004

0, 7, 14, 4, 42.0936, 23.9671, 0.230, 1.394, 0.004

1, 7, 15, 4, 42.0936, 23.9671, 0.230, 1.384, 0.004

0, 7, 14, 0, 42.0936, 24.2171, 0.230, 1.390, 0.004

1, 7, 15, 0, 42.0936, 24.2171, 0.220, 1.390, 0.004

0, 7, 14, 1, 42.0936, 24.2171, 0.230, 1.391, 0.004

1, 7, 15, 1, 42.0936, 24.2171, 0.230, 1.389, 0.004

0, 7, 14, 2, 42.0936, 24.2171, 0.240, 1.386, 0.004

1, 7, 15, 2, 42.0936, 24.2171, 0.220, 1.390, 0.004

0, 7, 14, 3, 42.0936, 24.2171, 0.240, 1.388, 0.004

1, 7, 15, 3, 42.0936, 24.2171, 0.220, 1.388, 0.004

0, 7, 14, 4, 42.0936, 24.2171, 0.240, 1.391, 0.004

1, 7, 15, 4, 42.0936, 24.2171, 0.220, 1.390, 0.004

0, 7, 14, 0, 42.0936, 24.4671, 0.260, 1.384, 0.004

1, 7, 15, 0, 42.0936, 24.4671, 0.220, 1.386, 0.004

0, 7, 14, 1, 42.0936, 24.4671, 0.260, 1.378, 0.004

1, 7, 15, 1, 42.0936, 24.4671, 0.230, 1.389, 0.004

0, 7, 14, 2, 42.0936, 24.4671, 0.260, 1.390, 0.004

1, 7, 15, 2, 42.0936, 24.4671, 0.220, 1.385, 0.004

0, 7, 14, 3, 42.0936, 24.4671, 0.260, 1.391, 0.004

1, 7, 15, 3, 42.0936, 24.4671, 0.220, 1.383, 0.004

0, 7, 14, 4, 42.0936, 24.4671, 0.260, 1.391, 0.004

1, 7, 15, 4, 42.0936, 24.4671, 0.230, 1.389, 0.004

0, 7, 14, 0, 42.0936, 24.7171, 0.310, 1.387, 0.004

1, 7, 15, 0, 42.0936, 24.7171, 0.230, 1.392, 0.004

0, 7, 14, 1, 42.0936, 24.7171, 0.310, 1.386, 0.004

1, 7, 15, 1, 42.0936, 24.7171, 0.220, 1.381, 0.004

0, 7, 14, 2, 42.0936, 24.7171, 0.320, 1.389, 0.004

1, 7, 15, 2, 42.0936, 24.7171, 0.220, 1.388, 0.004

0, 7, 14, 3, 42.0936, 24.7171, 0.310, 1.385, 0.004

1, 7, 15, 3, 42.0936, 24.7171, 0.220, 1.387, 0.004

0, 7, 14, 4, 42.0936, 24.7171, 0.300, 1.385, 0.004

1, 7, 15, 4, 42.0936, 24.7171, 0.230, 1.383, 0.004

0, 7, 14, 0, 42.0936, 24.9671, 0.340, 1.383, 0.004

1, 7, 15, 0, 42.0936, 24.9671, 0.220, 1.392, 0.004

0, 7, 14, 1, 42.0936, 24.9671, 0.350, 1.391, 0.004

1, 7, 15, 1, 42.0936, 24.9671, 0.230, 1.388, 0.004

0, 7, 14, 2, 42.0936, 24.9671, 0.330, 1.394, 0.004

1, 7, 15, 2, 42.0936, 24.9671, 0.220, 1.382, 0.004

0, 7, 14, 3, 42.0936, 24.9671, 0.350, 1.386, 0.004

1, 7, 15, 3, 42.0936, 24.9671, 0.220, 1.388, 0.004

0, 7, 14, 4, 42.0936, 24.9671, 0.350, 1.384, 0.004

1, 7, 15, 4, 42.0936, 24.9671, 0.220, 1.387, 0.004

0, 7, 14, 0, 42.0936, 25.2171, 0.360, 1.383, 0.004

1, 7, 15, 0, 42.0936, 25.2171, 0.220, 1.385, 0.004

0, 7, 14, 1, 42.0936, 25.2171, 0.360, 1.375, 0.004

1, 7, 15, 1, 42.0936, 25.2171, 0.220, 1.391, 0.004

0, 7, 14, 2, 42.0936, 25.2171, 0.360, 1.393, 0.004

1, 7, 15, 2, 42.0936, 25.2171, 0.220, 1.391, 0.004

0, 7, 14, 3, 42.0936, 25.2171, 0.360, 1.396, 0.004

1, 7, 15, 3, 42.0936, 25.2171, 0.220, 1.386, 0.004

0, 7, 14, 4, 42.0936, 25.2171, 0.360, 1.392, 0.004

1, 7, 15, 4, 42.0936, 25.2171, 0.220, 1.377, 0.004

0, 7, 14, 0, 42.0936, 25.4671, 0.380, 1.381, 0.004

1, 7, 15, 0, 42.0936, 25.4671, 0.230, 1.388, 0.004

0, 7, 14, 1, 42.0936, 25.4671, 0.380, 1.370, 0.004

1, 7, 15, 1, 42.0936, 25.4671, 0.220, 1.387, 0.004

0, 7, 14, 2, 42.0936, 25.4671, 0.360, 1.395, 0.004

1, 7, 15, 2, 42.0936, 25.4671, 0.220, 1.390, 0.004

0, 7, 14, 3, 42.0936, 25.4671, 0.380, 1.392, 0.004

1, 7, 15, 3, 42.0936, 25.4671, 0.220, 1.387, 0.004

0, 7, 14, 4, 42.0936, 25.4671, 0.380, 1.380, 0.004

1, 7, 15, 4, 42.0936, 25.4671, 0.220, 1.389, 0.004

0, 7, 14, 0, 42.0936, 25.7171, 0.400, 1.399, 0.004

1, 7, 15, 0, 42.0936, 25.7171, 0.230, 1.383, 0.004

0, 7, 14, 1, 42.0936, 25.7171, 0.390, 1.380, 0.004

1, 7, 15, 1, 42.0936, 25.7171, 0.220, 1.383, 0.004

0, 7, 14, 2, 42.0936, 25.7171, 0.390, 1.375, 0.004

1, 7, 15, 2, 42.0936, 25.7171, 0.220, 1.389, 0.004

0, 7, 14, 3, 42.0936, 25.7171, 0.390, 1.394, 0.004

1, 7, 15, 3, 42.0936, 25.7171, 0.220, 1.381, 0.004

0, 7, 14, 4, 42.0936, 25.7171, 0.420, 1.384, 0.004

1, 7, 15, 4, 42.0936, 25.7171, 0.220, 1.383, 0.004

0, 7, 14, 0, 0, 0, 0.210, 1.393, 0.004

1, 7, 15, 0, 0, 0, 0.220, 1.388, 0.004

0, 7, 14, 1, 0, 0, 0.220, 1.390, 0.004

1, 7, 15, 1, 0, 0, 0.220, 1.390, 0.004

0, 7, 14, 2, 0, 0, 0.220, 1.387, 0.004

1, 7, 15, 2, 0, 0, 0.220, 1.377, 0.004

0, 7, 14, 3, 0, 0, 0.210, 1.390, 0.004

1, 7, 15, 3, 0, 0, 0.220, 1.390, 0.004

0, 7, 14, 4, 0, 0, 0.220, 1.396, 0.004

1, 7, 15, 4, 0, 0, 0.210, 1.388, 0.004

0, 7, 14, 0, 42.0936, 25.9671, 0.400, 1.383, 0.004

1, 7, 15, 0, 42.0936, 25.9671, 0.220, 1.400, 0.004

0, 7, 14, 1, 42.0936, 25.9671, 0.400, 1.383, 0.004

1, 7, 15, 1, 42.0936, 25.9671, 0.220, 1.389, 0.004

0, 7, 14, 2, 42.0936, 25.9671, 0.410, 1.372, 0.004

1, 7, 15, 2, 42.0936, 25.9671, 0.220, 1.385, 0.004

0, 7, 14, 3, 42.0936, 25.9671, 0.400, 1.386, 0.004

1, 7, 15, 3, 42.0936, 25.9671, 0.220, 1.383, 0.004

0, 7, 14, 4, 42.0936, 25.9671, 0.410, 1.384, 0.004

1, 7, 15, 4, 42.0936, 25.9671, 0.220, 1.381, 0.004

0, 7, 14, 0, 42.0936, 26.2171, 0.400, 1.391, 0.004

1, 7, 15, 0, 42.0936, 26.2171, 0.220, 1.386, 0.004

0, 7, 14, 1, 42.0936, 26.2171, 0.400, 1.399, 0.004

1, 7, 15, 1, 42.0936, 26.2171, 0.220, 1.377, 0.004

0, 7, 14, 2, 42.0936, 26.2171, 0.400, 1.404, 0.004

1, 7, 15, 2, 42.0936, 26.2171, 0.230, 1.377, 0.004

0, 7, 14, 3, 42.0936, 26.2171, 0.400, 1.389, 0.004

1, 7, 15, 3, 42.0936, 26.2171, 0.220, 1.384, 0.004

0, 7, 14, 4, 42.0936, 26.2171, 0.400, 1.385, 0.004

1, 7, 15, 4, 42.0936, 26.2171, 0.220, 1.390, 0.004

0, 7, 14, 0, 42.0936, 26.4671, 0.390, 1.389, 0.004

1, 7, 15, 0, 42.0936, 26.4671, 0.220, 1.392, 0.004

0, 7, 14, 1, 42.0936, 26.4671, 0.390, 1.384, 0.004

1, 7, 15, 1, 42.0936, 26.4671, 0.220, 1.391, 0.004

0, 7, 14, 2, 42.0936, 26.4671, 0.400, 1.383, 0.004

1, 7, 15, 2, 42.0936, 26.4671, 0.220, 1.384, 0.004

0, 7, 14, 3, 42.0936, 26.4671, 0.400, 1.382, 0.004

1, 7, 15, 3, 42.0936, 26.4671, 0.220, 1.384, 0.004

0, 7, 14, 4, 42.0936, 26.4671, 0.410, 1.385, 0.004

1, 7, 15, 4, 42.0936, 26.4671, 0.220, 1.389, 0.004

0, 7, 14, 0, 42.0936, 26.7171, 0.400, 1.373, 0.004

1, 7, 15, 0, 42.0936, 26.7171, 0.220, 1.387, 0.004

0, 7, 14, 1, 42.0936, 26.7171, 0.400, 1.398, 0.004

1, 7, 15, 1, 42.0936, 26.7171, 0.230, 1.375, 0.004

0, 7, 14, 2, 42.0936, 26.7171, 0.410, 1.386, 0.004

1, 7, 15, 2, 42.0936, 26.7171, 0.220, 1.390, 0.004

0, 7, 14, 3, 42.0936, 26.7171, 0.400, 1.380, 0.004

1, 7, 15, 3, 42.0936, 26.7171, 0.220, 1.395, 0.004

0, 7, 14, 4, 42.0936, 26.7171, 0.410, 1.386, 0.004

1, 7, 15, 4, 42.0936, 26.7171, 0.220, 1.388, 0.004

0, 7, 14, 0, 42.0936, 26.9671, 0.400, 1.384, 0.004

1, 7, 15, 0, 42.0936, 26.9671, 0.220, 1.386, 0.004

0, 7, 14, 1, 42.0936, 26.9671, 0.410, 1.382, 0.004

1, 7, 15, 1, 42.0936, 26.9671, 0.220, 1.382, 0.004

0, 7, 14, 2, 42.0936, 26.9671, 0.400, 1.391, 0.004

1, 7, 15, 2, 42.0936, 26.9671, 0.230, 1.387, 0.004

0, 7, 14, 3, 42.0936, 26.9671, 0.390, 1.392, 0.004

1, 7, 15, 3, 42.0936, 26.9671, 0.220, 1.388, 0.004

0, 7, 14, 4, 42.0936, 26.9671, 0.410, 1.381, 0.004

1, 7, 15, 4, 42.0936, 26.9671, 0.220, 1.394, 0.004

0, 7, 14, 0, 42.0936, 27.2171, 0.390, 1.388, 0.004

1, 7, 15, 0, 42.0936, 27.2171, 0.220, 1.391, 0.004

0, 7, 14, 1, 42.0936, 27.2171, 0.400, 1.390, 0.004

1, 7, 15, 1, 42.0936, 27.2171, 0.220, 1.386, 0.004

0, 7, 14, 2, 42.0936, 27.2171, 0.420, 1.388, 0.004

1, 7, 15, 2, 42.0936, 27.2171, 0.220, 1.386, 0.004

0, 7, 14, 3, 42.0936, 27.2171, 0.400, 1.383, 0.004

1, 7, 15, 3, 42.0936, 27.2171, 0.220, 1.390, 0.004

0, 7, 14, 4, 42.0936, 27.2171, 0.410, 1.386, 0.004

1, 7, 15, 4, 42.0936, 27.2171, 0.220, 1.382, 0.004

0, 7, 14, 0, 42.0936, 27.4671, 0.410, 1.390, 0.004

1, 7, 15, 0, 42.0936, 27.4671, 0.220, 1.382, 0.004

0, 7, 14, 1, 42.0936, 27.4671, 0.390, 1.385, 0.004

1, 7, 15, 1, 42.0936, 27.4671, 0.220, 1.383, 0.004

0, 7, 14, 2, 42.0936, 27.4671, 0.390, 1.389, 0.004

1, 7, 15, 2, 42.0936, 27.4671, 0.220, 1.397, 0.004

0, 7, 14, 3, 42.0936, 27.4671, 0.410, 1.394, 0.004

1, 7, 15, 3, 42.0936, 27.4671, 0.220, 1.387, 0.004

0, 7, 14, 4, 42.0936, 27.4671, 0.400, 1.386, 0.004

1, 7, 15, 4, 42.0936, 27.4671, 0.220, 1.381, 0.004

0, 7, 14, 0, 42.0936, 27.7171, 0.400, 1.388, 0.004

1, 7, 15, 0, 42.0936, 27.7171, 0.220, 1.387, 0.004

0, 7, 14, 1, 42.0936, 27.7171, 0.410, 1.394, 0.004

1, 7, 15, 1, 42.0936, 27.7171, 0.220, 1.384, 0.004

0, 7, 14, 2, 42.0936, 27.7171, 0.410, 1.396, 0.004

1, 7, 15, 2, 42.0936, 27.7171, 0.220, 1.383, 0.004

0, 7, 14, 3, 42.0936, 27.7171, 0.400, 1.393, 0.004

1, 7, 15, 3, 42.0936, 27.7171, 0.220, 1.382, 0.004

0, 7, 14, 4, 42.0936, 27.7171, 0.410, 1.388, 0.004

1, 7, 15, 4, 42.0936, 27.7171, 0.220, 1.385, 0.004

0, 7, 14, 0, 42.0936, 27.9671, 0.390, 1.338, 0.004

1, 7, 15, 0, 42.0936, 27.9671, 0.220, 1.388, 0.004

0, 7, 14, 1, 42.0936, 27.9671, 0.400, 1.359, 0.004

1, 7, 15, 1, 42.0936, 27.9671, 0.220, 1.391, 0.004

0, 7, 14, 2, 42.0936, 27.9671, 0.390, 1.389, 0.004

1, 7, 15, 2, 42.0936, 27.9671, 0.220, 1.399, 0.004

0, 7, 14, 3, 42.0936, 27.9671, 0.410, 1.383, 0.004

1, 7, 15, 3, 42.0936, 27.9671, 0.220, 1.379, 0.004

0, 7, 14, 4, 42.0936, 27.9671, 0.420, 1.399, 0.004

1, 7, 15, 4, 42.0936, 27.9671, 0.220, 1.394, 0.004

0, 7, 14, 0, 42.0936, 28.2171, 0.410, 1.383, 0.004

1, 7, 15, 0, 42.0936, 28.2171, 0.220, 1.398, 0.004

0, 7, 14, 1, 42.0936, 28.2171, 0.400, 1.389, 0.004

1, 7, 15, 1, 42.0936, 28.2171, 0.220, 1.389, 0.004

0, 7, 14, 2, 42.0936, 28.2171, 0.400, 1.404, 0.004

1, 7, 15, 2, 42.0936, 28.2171, 0.220, 1.386, 0.004

0, 7, 14, 3, 42.0936, 28.2171, 0.390, 1.370, 0.004

1, 7, 15, 3, 42.0936, 28.2171, 0.220, 1.377, 0.004

0, 7, 14, 4, 42.0936, 28.2171, 0.400, 1.395, 0.004

1, 7, 15, 4, 42.0936, 28.2171, 0.220, 1.390, 0.004

0, 7, 14, 0, 42.0936, 28.4671, 0.400, 1.384, 0.004

1, 7, 15, 0, 42.0936, 28.4671, 0.220, 1.383, 0.004

0, 7, 14, 1, 42.0936, 28.4671, 0.420, 1.394, 0.004

1, 7, 15, 1, 42.0936, 28.4671, 0.220, 1.382, 0.004

0, 7, 14, 2, 42.0936, 28.4671, 0.420, 1.384, 0.004

1, 7, 15, 2, 42.0936, 28.4671, 0.220, 1.384, 0.004

0, 7, 14, 3, 42.0936, 28.4671, 0.390, 1.391, 0.004

1, 7, 15, 3, 42.0936, 28.4671, 0.220, 1.388, 0.004

0, 7, 14, 4, 42.0936, 28.4671, 0.400, 1.389, 0.004

1, 7, 15, 4, 42.0936, 28.4671, 0.220, 1.389, 0.004

0, 7, 14, 0, 42.0936, 28.7171, 0.410, 1.392, 0.004

1, 7, 15, 0, 42.0936, 28.7171, 0.220, 1.390, 0.004

0, 7, 14, 1, 42.0936, 28.7171, 0.390, 1.386, 0.004

1, 7, 15, 1, 42.0936, 28.7171, 0.220, 1.390, 0.004

0, 7, 14, 2, 42.0936, 28.7171, 0.410, 1.388, 0.004

1, 7, 15, 2, 42.0936, 28.7171, 0.220, 1.388, 0.004

0, 7, 14, 3, 42.0936, 28.7171, 0.390, 1.396, 0.004

1, 7, 15, 3, 42.0936, 28.7171, 0.220, 1.384, 0.004

0, 7, 14, 4, 42.0936, 28.7171, 0.390, 1.390, 0.004

1, 7, 15, 4, 42.0936, 28.7171, 0.220, 1.392, 0.004

0, 7, 14, 0, 42.0936, 28.9671, 0.400, 1.390, 0.004

1, 7, 15, 0, 42.0936, 28.9671, 0.220, 1.387, 0.004

0, 7, 14, 1, 42.0936, 28.9671, 0.410, 1.386, 0.004

1, 7, 15, 1, 42.0936, 28.9671, 0.220, 1.390, 0.004

0, 7, 14, 2, 42.0936, 28.9671, 0.390, 1.382, 0.004

1, 7, 15, 2, 42.0936, 28.9671, 0.220, 1.391, 0.004

0, 7, 14, 3, 42.0936, 28.9671, 0.400, 1.397, 0.004

1, 7, 15, 3, 42.0936, 28.9671, 0.220, 1.384, 0.004

0, 7, 14, 4, 42.0936, 28.9671, 0.410, 1.388, 0.004

1, 7, 15, 4, 42.0936, 28.9671, 0.220, 1.388, 0.004

0, 7, 14, 0, 42.0936, 29.2171, 0.400, 1.387, 0.004

1, 7, 15, 0, 42.0936, 29.2171, 0.220, 1.395, 0.004

0, 7, 14, 1, 42.0936, 29.2171, 0.400, 1.386, 0.004

1, 7, 15, 1, 42.0936, 29.2171, 0.220, 1.386, 0.004

0, 7, 14, 2, 42.0936, 29.2171, 0.410, 1.387, 0.004

1, 7, 15, 2, 42.0936, 29.2171, 0.210, 1.390, 0.004

0, 7, 14, 3, 42.0936, 29.2171, 0.400, 1.390, 0.004

1, 7, 15, 3, 42.0936, 29.2171, 0.220, 1.387, 0.004

0, 7, 14, 4, 42.0936, 29.2171, 0.400, 1.396, 0.004

1, 7, 15, 4, 42.0936, 29.2171, 0.220, 1.396, 0.004

0, 7, 14, 0, 42.0936, 29.4671, 0.400, 1.386, 0.004

1, 7, 15, 0, 42.0936, 29.4671, 0.220, 1.383, 0.004

0, 7, 14, 1, 42.0936, 29.4671, 0.410, 1.380, 0.004

1, 7, 15, 1, 42.0936, 29.4671, 0.220, 1.388, 0.004

0, 7, 14, 2, 42.0936, 29.4671, 0.400, 1.383, 0.004

1, 7, 15, 2, 42.0936, 29.4671, 0.220, 1.385, 0.004

0, 7, 14, 3, 42.0936, 29.4671, 0.390, 1.394, 0.004

1, 7, 15, 3, 42.0936, 29.4671, 0.220, 1.386, 0.004

0, 7, 14, 4, 42.0936, 29.4671, 0.410, 1.389, 0.004

1, 7, 15, 4, 42.0936, 29.4671, 0.220, 1.391, 0.004

0, 7, 14, 0, 42.0936, 29.7171, 0.410, 1.393, 0.004

1, 7, 15, 0, 42.0936, 29.7171, 0.220, 1.388, 0.004

0, 7, 14, 1, 42.0936, 29.7171, 0.400, 1.400, 0.004

1, 7, 15, 1, 42.0936, 29.7171, 0.220, 1.392, 0.004

0, 7, 14, 2, 42.0936, 29.7171, 0.410, 1.398, 0.004

1, 7, 15, 2, 42.0936, 29.7171, 0.220, 1.392, 0.004

0, 7, 14, 3, 42.0936, 29.7171, 0.390, 1.386, 0.004

1, 7, 15, 3, 42.0936, 29.7171, 0.220, 1.392, 0.004

0, 7, 14, 4, 42.0936, 29.7171, 0.420, 1.387, 0.004

1, 7, 15, 4, 42.0936, 29.7171, 0.220, 1.389, 0.004

0, 7, 14, 0, 42.0936, 29.9671, 0.400, 1.379, 0.004

1, 7, 15, 0, 42.0936, 29.9671, 0.220, 1.385, 0.004

0, 7, 14, 1, 42.0936, 29.9671, 0.400, 1.395, 0.004

1, 7, 15, 1, 42.0936, 29.9671, 0.220, 1.385, 0.004

0, 7, 14, 2, 42.0936, 29.9671, 0.410, 1.379, 0.004

1, 7, 15, 2, 42.0936, 29.9671, 0.220, 1.386, 0.004

0, 7, 14, 3, 42.0936, 29.9671, 0.410, 1.379, 0.004

1, 7, 15, 3, 42.0936, 29.9671, 0.220, 1.380, 0.004

0, 7, 14, 4, 42.0936, 29.9671, 0.410, 1.391, 0.004

1, 7, 15, 4, 42.0936, 29.9671, 0.220, 1.382, 0.004

0, 7, 14, 0, 42.0936, 30.2171, 0.400, 1.384, 0.004

1, 7, 15, 0, 42.0936, 30.2171, 0.220, 1.391, 0.004

0, 7, 14, 1, 42.0936, 30.2171, 0.400, 1.387, 0.004

1, 7, 15, 1, 42.0936, 30.2171, 0.220, 1.382, 0.004

0, 7, 14, 2, 42.0936, 30.2171, 0.390, 1.388, 0.004

1, 7, 15, 2, 42.0936, 30.2171, 0.220, 1.384, 0.004

0, 7, 14, 3, 42.0936, 30.2171, 0.400, 1.382, 0.004

1, 7, 15, 3, 42.0936, 30.2171, 0.220, 1.382, 0.004

0, 7, 14, 4, 42.0936, 30.2171, 0.410, 1.392, 0.004

1, 7, 15, 4, 42.0936, 30.2171, 0.220, 1.384, 0.004

0, 7, 14, 0, 42.0936, 30.4671, 0.400, 1.387, 0.004

1, 7, 15, 0, 42.0936, 30.4671, 0.220, 1.395, 0.004

0, 7, 14, 1, 42.0936, 30.4671, 0.410, 1.380, 0.004

1, 7, 15, 1, 42.0936, 30.4671, 0.220, 1.383, 0.004

0, 7, 14, 2, 42.0936, 30.4671, 0.390, 1.398, 0.004

1, 7, 15, 2, 42.0936, 30.4671, 0.220, 1.387, 0.004

0, 7, 14, 3, 42.0936, 30.4671, 0.380, 1.392, 0.004

1, 7, 15, 3, 42.0936, 30.4671, 0.220, 1.389, 0.004

0, 7, 14, 4, 42.0936, 30.4671, 0.410, 1.405, 0.004

1, 7, 15, 4, 42.0936, 30.4671, 0.220, 1.386, 0.004

0, 7, 14, 0, 42.0936, 30.7171, 0.400, 1.362, 0.004

1, 7, 15, 0, 42.0936, 30.7171, 0.220, 1.387, 0.004

0, 7, 14, 1, 42.0936, 30.7171, 0.400, 1.386, 0.004

1, 7, 15, 1, 42.0936, 30.7171, 0.220, 1.384, 0.004

0, 7, 14, 2, 42.0936, 30.7171, 0.390, 1.381, 0.004

1, 7, 15, 2, 42.0936, 30.7171, 0.220, 1.391, 0.004

0, 7, 14, 3, 42.0936, 30.7171, 0.420, 1.406, 0.004

1, 7, 15, 3, 42.0936, 30.7171, 0.220, 1.389, 0.004

0, 7, 14, 4, 42.0936, 30.7171, 0.400, 1.391, 0.004

1, 7, 15, 4, 42.0936, 30.7171, 0.220, 1.384, 0.004

0, 7, 14, 0, 0, 0, 0.220, 1.388, 0.004

1, 7, 15, 0, 0, 0, 0.220, 1.388, 0.004

0, 7, 14, 1, 0, 0, 0.220, 1.389, 0.004

1, 7, 15, 1, 0, 0, 0.220, 1.392, 0.004

0, 7, 14, 2, 0, 0, 0.220, 1.383, 0.004

1, 7, 15, 2, 0, 0, 0.220, 1.386, 0.004

0, 7, 14, 3, 0, 0, 0.220, 1.390, 0.004

1, 7, 15, 3, 0, 0, 0.220, 1.385, 0.004

0, 7, 14, 4, 0, 0, 0.220, 1.393, 0.004

1, 7, 15, 4, 0, 0, 0.220, 1.384, 0.004

0, 7, 14, 0, 42.0936, 30.9671, 0.410, 1.382, 0.004

1, 7, 15, 0, 42.0936, 30.9671, 0.220, 1.381, 0.004

0, 7, 14, 1, 42.0936, 30.9671, 0.390, 1.390, 0.004

1, 7, 15, 1, 42.0936, 30.9671, 0.220, 1.387, 0.004

0, 7, 14, 2, 42.0936, 30.9671, 0.410, 1.391, 0.004

1, 7, 15, 2, 42.0936, 30.9671, 0.220, 1.382, 0.004

0, 7, 14, 3, 42.0936, 30.9671, 0.400, 1.396, 0.004

1, 7, 15, 3, 42.0936, 30.9671, 0.220, 1.385, 0.004

0, 7, 14, 4, 42.0936, 30.9671, 0.410, 1.387, 0.004

1, 7, 15, 4, 42.0936, 30.9671, 0.220, 1.386, 0.004

0, 7, 14, 0, 42.0936, 31.2171, 0.410, 1.381, 0.004

1, 7, 15, 0, 42.0936, 31.2171, 0.220, 1.397, 0.004

0, 7, 14, 1, 42.0936, 31.2171, 0.400, 1.388, 0.004

1, 7, 15, 1, 42.0936, 31.2171, 0.220, 1.386, 0.004

0, 7, 14, 2, 42.0936, 31.2171, 0.410, 1.388, 0.004

1, 7, 15, 2, 42.0936, 31.2171, 0.220, 1.381, 0.004

0, 7, 14, 3, 42.0936, 31.2171, 0.400, 1.398, 0.004

1, 7, 15, 3, 42.0936, 31.2171, 0.220, 1.391, 0.004

0, 7, 14, 4, 42.0936, 31.2171, 0.400, 1.393, 0.004

1, 7, 15, 4, 42.0936, 31.2171, 0.220, 1.389, 0.004

0, 7, 14, 0, 42.0936, 31.4671, 0.390, 1.391, 0.004

1, 7, 15, 0, 42.0936, 31.4671, 0.220, 1.391, 0.004

0, 7, 14, 1, 42.0936, 31.4671, 0.420, 1.387, 0.004

1, 7, 15, 1, 42.0936, 31.4671, 0.220, 1.386, 0.004

0, 7, 14, 2, 42.0936, 31.4671, 0.400, 1.415, 0.004

1, 7, 15, 2, 42.0936, 31.4671, 0.220, 1.388, 0.004

0, 7, 14, 3, 42.0936, 31.4671, 0.410, 1.385, 0.004

1, 7, 15, 3, 42.0936, 31.4671, 0.220, 1.383, 0.004

0, 7, 14, 4, 42.0936, 31.4671, 0.410, 1.391, 0.004

1, 7, 15, 4, 42.0936, 31.4671, 0.220, 1.384, 0.004

0, 7, 14, 0, 42.0936, 31.7171, 0.410, 1.387, 0.004

1, 7, 15, 0, 42.0936, 31.7171, 0.220, 1.386, 0.004

0, 7, 14, 1, 42.0936, 31.7171, 0.410, 1.381, 0.004

1, 7, 15, 1, 42.0936, 31.7171, 0.220, 1.388, 0.004

0, 7, 14, 2, 42.0936, 31.7171, 0.420, 1.389, 0.004

1, 7, 15, 2, 42.0936, 31.7171, 0.220, 1.387, 0.004

0, 7, 14, 3, 42.0936, 31.7171, 0.420, 1.392, 0.004

1, 7, 15, 3, 42.0936, 31.7171, 0.220, 1.389, 0.004

0, 7, 14, 4, 42.0936, 31.7171, 0.410, 1.390, 0.004

1, 7, 15, 4, 42.0936, 31.7171, 0.220, 1.381, 0.004

0, 7, 14, 0, 42.0936, 31.9671, 0.400, 1.386, 0.004

1, 7, 15, 0, 42.0936, 31.9671, 0.220, 1.391, 0.004

0, 7, 14, 1, 42.0936, 31.9671, 0.400, 1.390, 0.004

1, 7, 15, 1, 42.0936, 31.9671, 0.220, 1.386, 0.004

0, 7, 14, 2, 42.0936, 31.9671, 0.400, 1.384, 0.004

1, 7, 15, 2, 42.0936, 31.9671, 0.220, 1.389, 0.004

0, 7, 14, 3, 42.0936, 31.9671, 0.400, 1.368, 0.004

1, 7, 15, 3, 42.0936, 31.9671, 0.220, 1.391, 0.004

0, 7, 14, 4, 42.0936, 31.9671, 0.400, 1.399, 0.004

1, 7, 15, 4, 42.0936, 31.9671, 0.220, 1.381, 0.004

0, 7, 14, 0, 42.0936, 32.2171, 0.410, 1.342, 0.004

1, 7, 15, 0, 42.0936, 32.2171, 0.220, 1.384, 0.004

0, 7, 14, 1, 42.0936, 32.2171, 0.400, 1.387, 0.004

1, 7, 15, 1, 42.0936, 32.2171, 0.210, 1.391, 0.004

0, 7, 14, 2, 42.0936, 32.2171, 0.410, 1.378, 0.004

1, 7, 15, 2, 42.0936, 32.2171, 0.220, 1.387, 0.004

0, 7, 14, 3, 42.0936, 32.2171, 0.410, 1.383, 0.004

1, 7, 15, 3, 42.0936, 32.2171, 0.220, 1.380, 0.004

0, 7, 14, 4, 42.0936, 32.2171, 0.380, 1.384, 0.004

1, 7, 15, 4, 42.0936, 32.2171, 0.220, 1.379, 0.004

0, 7, 14, 0, 42.0936, 32.4671, 0.410, 1.382, 0.004

1, 7, 15, 0, 42.0936, 32.4671, 0.220, 1.388, 0.004

0, 7, 14, 1, 42.0936, 32.4671, 0.420, 1.385, 0.004

1, 7, 15, 1, 42.0936, 32.4671, 0.220, 1.380, 0.004

0, 7, 14, 2, 42.0936, 32.4671, 0.400, 1.390, 0.004

1, 7, 15, 2, 42.0936, 32.4671, 0.220, 1.385, 0.004

0, 7, 14, 3, 42.0936, 32.4671, 0.410, 1.407, 0.004

1, 7, 15, 3, 42.0936, 32.4671, 0.220, 1.389, 0.004

0, 7, 14, 4, 42.0936, 32.4671, 0.410, 1.361, 0.004

1, 7, 15, 4, 42.0936, 32.4671, 0.220, 1.394, 0.004

0, 7, 14, 0, 42.0936, 32.7171, 0.410, 1.385, 0.004

1, 7, 15, 0, 42.0936, 32.7171, 0.220, 1.394, 0.004

0, 7, 14, 1, 42.0936, 32.7171, 0.410, 1.379, 0.004

1, 7, 15, 1, 42.0936, 32.7171, 0.220, 1.386, 0.004

0, 7, 14, 2, 42.0936, 32.7171, 0.420, 1.383, 0.004

1, 7, 15, 2, 42.0936, 32.7171, 0.220, 1.387, 0.004

0, 7, 14, 3, 42.0936, 32.7171, 0.410, 1.391, 0.004

1, 7, 15, 3, 42.0936, 32.7171, 0.220, 1.384, 0.004

0, 7, 14, 4, 42.0936, 32.7171, 0.410, 1.397, 0.004

1, 7, 15, 4, 42.0936, 32.7171, 0.220, 1.383, 0.004

0, 7, 14, 0, 42.0936, 32.9671, 0.410, 1.390, 0.004

1, 7, 15, 0, 42.0936, 32.9671, 0.220, 1.390, 0.004

0, 7, 14, 1, 42.0936, 32.9671, 0.410, 1.396, 0.004

1, 7, 15, 1, 42.0936, 32.9671, 0.220, 1.386, 0.004

0, 7, 14, 2, 42.0936, 32.9671, 0.420, 1.387, 0.004

1, 7, 15, 2, 42.0936, 32.9671, 0.220, 1.385, 0.004

0, 7, 14, 3, 42.0936, 32.9671, 0.400, 1.383, 0.004

1, 7, 15, 3, 42.0936, 32.9671, 0.220, 1.391, 0.004

0, 7, 14, 4, 42.0936, 32.9671, 0.400, 1.410, 0.004

1, 7, 15, 4, 42.0936, 32.9671, 0.220, 1.387, 0.004

0, 7, 14, 0, 42.0936, 33.2171, 0.390, 1.385, 0.004

1, 7, 15, 0, 42.0936, 33.2171, 0.220, 1.390, 0.004

0, 7, 14, 1, 42.0936, 33.2171, 0.400, 1.370, 0.004

1, 7, 15, 1, 42.0936, 33.2171, 0.220, 1.378, 0.004

0, 7, 14, 2, 42.0936, 33.2171, 0.410, 1.381, 0.004

1, 7, 15, 2, 42.0936, 33.2171, 0.220, 1.389, 0.004

0, 7, 14, 3, 42.0936, 33.2171, 0.410, 1.362, 0.004

1, 7, 15, 3, 42.0936, 33.2171, 0.220, 1.393, 0.004

0, 7, 14, 4, 42.0936, 33.2171, 0.410, 1.391, 0.004

1, 7, 15, 4, 42.0936, 33.2171, 0.220, 1.388, 0.004

0, 7, 14, 0, 42.0936, 33.4671, 0.390, 1.393, 0.004

1, 7, 15, 0, 42.0936, 33.4671, 0.220, 1.380, 0.004

0, 7, 14, 1, 42.0936, 33.4671, 0.400, 1.389, 0.004

1, 7, 15, 1, 42.0936, 33.4671, 0.220, 1.393, 0.004

0, 7, 14, 2, 42.0936, 33.4671, 0.400, 1.385, 0.004

1, 7, 15, 2, 42.0936, 33.4671, 0.220, 1.386, 0.004

0, 7, 14, 3, 42.0936, 33.4671, 0.390, 1.378, 0.004

1, 7, 15, 3, 42.0936, 33.4671, 0.220, 1.389, 0.004

0, 7, 14, 4, 42.0936, 33.4671, 0.390, 1.410, 0.004

1, 7, 15, 4, 42.0936, 33.4671, 0.220, 1.384, 0.004

0, 7, 14, 0, 42.0936, 33.7171, 0.360, 1.380, 0.004

1, 7, 15, 0, 42.0936, 33.7171, 0.220, 1.383, 0.004

0, 7, 14, 1, 42.0936, 33.7171, 0.380, 1.388, 0.004

1, 7, 15, 1, 42.0936, 33.7171, 0.220, 1.392, 0.004

0, 7, 14, 2, 42.0936, 33.7171, 0.360, 1.390, 0.004

1, 7, 15, 2, 42.0936, 33.7171, 0.220, 1.394, 0.004

0, 7, 14, 3, 42.0936, 33.7171, 0.360, 1.390, 0.004

1, 7, 15, 3, 42.0936, 33.7171, 0.220, 1.391, 0.004

0, 7, 14, 4, 42.0936, 33.7171, 0.370, 1.388, 0.004

1, 7, 15, 4, 42.0936, 33.7171, 0.220, 1.387, 0.004

0, 7, 14, 0, 42.0936, 33.9671, 0.380, 1.392, 0.004

1, 7, 15, 0, 42.0936, 33.9671, 0.220, 1.384, 0.004

0, 7, 14, 1, 42.0936, 33.9671, 0.380, 1.387, 0.004

1, 7, 15, 1, 42.0936, 33.9671, 0.220, 1.384, 0.004

0, 7, 14, 2, 42.0936, 33.9671, 0.370, 1.389, 0.004

1, 7, 15, 2, 42.0936, 33.9671, 0.220, 1.391, 0.004

0, 7, 14, 3, 42.0936, 33.9671, 0.380, 1.389, 0.004

1, 7, 15, 3, 42.0936, 33.9671, 0.220, 1.376, 0.004

0, 7, 14, 4, 42.0936, 33.9671, 0.370, 1.368, 0.004

1, 7, 15, 4, 42.0936, 33.9671, 0.210, 1.382, 0.004

0, 7, 14, 0, 42.0936, 34.2171, 0.400, 1.381, 0.004

1, 7, 15, 0, 42.0936, 34.2171, 0.220, 1.391, 0.004

0, 7, 14, 1, 42.0936, 34.2171, 0.410, 1.395, 0.004

1, 7, 15, 1, 42.0936, 34.2171, 0.220, 1.389, 0.004

0, 7, 14, 2, 42.0936, 34.2171, 0.390, 1.397, 0.004

1, 7, 15, 2, 42.0936, 34.2171, 0.220, 1.386, 0.004

0, 7, 14, 3, 42.0936, 34.2171, 0.410, 1.384, 0.004

1, 7, 15, 3, 42.0936, 34.2171, 0.220, 1.392, 0.004

0, 7, 14, 4, 42.0936, 34.2171, 0.380, 1.370, 0.004

1, 7, 15, 4, 42.0936, 34.2171, 0.210, 1.387, 0.004

0, 7, 14, 0, 42.0936, 34.4671, 0.380, 1.385, 0.004

1, 7, 15, 0, 42.0936, 34.4671, 0.220, 1.392, 0.004

0, 7, 14, 1, 42.0936, 34.4671, 0.390, 1.414, 0.004

1, 7, 15, 1, 42.0936, 34.4671, 0.220, 1.388, 0.004

0, 7, 14, 2, 42.0936, 34.4671, 0.380, 1.383, 0.004

1, 7, 15, 2, 42.0936, 34.4671, 0.220, 1.364, 0.004

0, 7, 14, 3, 42.0936, 34.4671, 0.380, 1.372, 0.004

1, 7, 15, 3, 42.0936, 34.4671, 0.210, 1.386, 0.004

0, 7, 14, 4, 42.0936, 34.4671, 0.400, 1.391, 0.004

1, 7, 15, 4, 42.0936, 34.4671, 0.220, 1.387, 0.004

0, 7, 14, 0, 42.0936, 34.7171, 0.330, 1.391, 0.004

1, 7, 15, 0, 42.0936, 34.7171, 0.220, 1.387, 0.004

0, 7, 14, 1, 42.0936, 34.7171, 0.330, 1.385, 0.004

1, 7, 15, 1, 42.0936, 34.7171, 0.220, 1.391, 0.004

0, 7, 14, 2, 42.0936, 34.7171, 0.330, 1.382, 0.004

1, 7, 15, 2, 42.0936, 34.7171, 0.220, 1.375, 0.004

0, 7, 14, 3, 42.0936, 34.7171, 0.340, 1.391, 0.004

1, 7, 15, 3, 42.0936, 34.7171, 0.220, 1.391, 0.004

0, 7, 14, 4, 42.0936, 34.7171, 0.340, 1.349, 0.004

1, 7, 15, 4, 42.0936, 34.7171, 0.220, 1.384, 0.004

0, 7, 14, 0, 42.0936, 34.9671, 0.270, 1.385, 0.004

1, 7, 15, 0, 42.0936, 34.9671, 0.220, 1.381, 0.004

0, 7, 14, 1, 42.0936, 34.9671, 0.280, 1.388, 0.004

1, 7, 15, 1, 42.0936, 34.9671, 0.220, 1.388, 0.004

0, 7, 14, 2, 42.0936, 34.9671, 0.270, 1.394, 0.004

1, 7, 15, 2, 42.0936, 34.9671, 0.220, 1.384, 0.004

0, 7, 14, 3, 42.0936, 34.9671, 0.270, 1.366, 0.004

1, 7, 15, 3, 42.0936, 34.9671, 0.220, 1.385, 0.004

0, 7, 14, 4, 42.0936, 34.9671, 0.270, 1.387, 0.004

1, 7, 15, 4, 42.0936, 34.9671, 0.220, 1.389, 0.004

0, 7, 14, 0, 42.0936, 35.2171, 0.230, 1.383, 0.004

1, 7, 15, 0, 42.0936, 35.2171, 0.220, 1.385, 0.004

0, 7, 14, 1, 42.0936, 35.2171, 0.240, 1.393, 0.004

1, 7, 15, 1, 42.0936, 35.2171, 0.210, 1.384, 0.004

0, 7, 14, 2, 42.0936, 35.2171, 0.240, 1.390, 0.004

1, 7, 15, 2, 42.0936, 35.2171, 0.220, 1.392, 0.004

0, 7, 14, 3, 42.0936, 35.2171, 0.240, 1.395, 0.004

1, 7, 15, 3, 42.0936, 35.2171, 0.220, 1.390, 0.004

0, 7, 14, 4, 42.0936, 35.2171, 0.230, 1.396, 0.004

1, 7, 15, 4, 42.0936, 35.2171, 0.220, 1.390, 0.004

0, 7, 14, 0, 42.0936, 35.4671, 0.230, 1.393, 0.004

1, 7, 15, 0, 42.0936, 35.4671, 0.220, 1.391, 0.004

0, 7, 14, 1, 42.0936, 35.4671, 0.230, 1.383, 0.004

1, 7, 15, 1, 42.0936, 35.4671, 0.220, 1.383, 0.004

0, 7, 14, 2, 42.0936, 35.4671, 0.220, 1.392, 0.004

1, 7, 15, 2, 42.0936, 35.4671, 0.220, 1.381, 0.004

0, 7, 14, 3, 42.0936, 35.4671, 0.230, 1.389, 0.004

1, 7, 15, 3, 42.0936, 35.4671, 0.220, 1.392, 0.004

0, 7, 14, 4, 42.0936, 35.4671, 0.230, 1.393, 0.004

1, 7, 15, 4, 42.0936, 35.4671, 0.220, 1.385, 0.004

0, 7, 14, 0, 42.0936, 35.7171, 0.230, 1.392, 0.004

1, 7, 15, 0, 42.0936, 35.7171, 0.220, 1.384, 0.004

0, 7, 14, 1, 42.0936, 35.7171, 0.220, 1.391, 0.004

1, 7, 15, 1, 42.0936, 35.7171, 0.220, 1.387, 0.004

0, 7, 14, 2, 42.0936, 35.7171, 0.220, 1.394, 0.004

1, 7, 15, 2, 42.0936, 35.7171, 0.220, 1.386, 0.004

0, 7, 14, 3, 42.0936, 35.7171, 0.220, 1.384, 0.004

1, 7, 15, 3, 42.0936, 35.7171, 0.220, 1.392, 0.004

0, 7, 14, 4, 42.0936, 35.7171, 0.220, 1.384, 0.004

1, 7, 15, 4, 42.0936, 35.7171, 0.220, 1.383, 0.004

0, 7, 14, 0, 0, 0, 0.220, 1.394, 0.004

1, 7, 15, 0, 0, 0, 0.220, 1.386, 0.004

0, 7, 14, 1, 0, 0, 0.210, 1.388, 0.004

1, 7, 15, 1, 0, 0, 0.210, 1.389, 0.004

0, 7, 14, 2, 0, 0, 0.210, 1.396, 0.004

1, 7, 15, 2, 0, 0, 0.220, 1.381, 0.004

0, 7, 14, 3, 0, 0, 0.220, 1.386, 0.004

1, 7, 15, 3, 0, 0, 0.220, 1.386, 0.004

0, 7, 14, 4, 0, 0, 0.220, 1.381, 0.004

1, 7, 15, 4, 0, 0, 0.220, 1.389, 0.004

0, 7, 14, 0, 42.0936, 35.9671, 0.220, 1.391, 0.004

1, 7, 15, 0, 42.0936, 35.9671, 0.220, 1.384, 0.004

0, 7, 14, 1, 42.0936, 35.9671, 0.220, 1.386, 0.004

1, 7, 15, 1, 42.0936, 35.9671, 0.220, 1.388, 0.004

0, 7, 14, 2, 42.0936, 35.9671, 0.220, 1.394, 0.004

1, 7, 15, 2, 42.0936, 35.9671, 0.220, 1.388, 0.004

0, 7, 14, 3, 42.0936, 35.9671, 0.220, 1.393, 0.004

1, 7, 15, 3, 42.0936, 35.9671, 0.220, 1.388, 0.004

0, 7, 14, 4, 42.0936, 35.9671, 0.220, 1.403, 0.004

1, 7, 15, 4, 42.0936, 35.9671, 0.220, 1.381, 0.004

0, 7, 14, 0, 42.0936, 36.2171, 0.220, 1.389, 0.004

1, 7, 15, 0, 42.0936, 36.2171, 0.220, 1.391, 0.004

0, 7, 14, 1, 42.0936, 36.2171, 0.220, 1.396, 0.004

1, 7, 15, 1, 42.0936, 36.2171, 0.220, 1.392, 0.004

0, 7, 14, 2, 42.0936, 36.2171, 0.220, 1.392, 0.004

1, 7, 15, 2, 42.0936, 36.2171, 0.220, 1.386, 0.004

0, 7, 14, 3, 42.0936, 36.2171, 0.220, 1.389, 0.004

1, 7, 15, 3, 42.0936, 36.2171, 0.220, 1.380, 0.004

0, 7, 14, 4, 42.0936, 36.2171, 0.220, 1.391, 0.004

1, 7, 15, 4, 42.0936, 36.2171, 0.210, 1.383, 0.004

0, 7, 14, 0, 42.0936, 36.4671, 0.220, 1.393, 0.004

1, 7, 15, 0, 42.0936, 36.4671, 0.220, 1.389, 0.004

0, 7, 14, 1, 42.0936, 36.4671, 0.220, 1.385, 0.004

1, 7, 15, 1, 42.0936, 36.4671, 0.220, 1.392, 0.004

0, 7, 14, 2, 42.0936, 36.4671, 0.220, 1.387, 0.004

1, 7, 15, 2, 42.0936, 36.4671, 0.220, 1.385, 0.004

0, 7, 14, 3, 42.0936, 36.4671, 0.220, 1.384, 0.004

1, 7, 15, 3, 42.0936, 36.4671, 0.220, 1.379, 0.004

0, 7, 14, 4, 42.0936, 36.4671, 0.220, 1.385, 0.004

1, 7, 15, 4, 42.0936, 36.4671, 0.220, 1.375, 0.004

0, 7, 14, 0, 42.0936, 36.7171, 0.220, 1.396, 0.004

1, 7, 15, 0, 42.0936, 36.7171, 0.220, 1.389, 0.004

0, 7, 14, 1, 42.0936, 36.7171, 0.220, 1.397, 0.004

1, 7, 15, 1, 42.0936, 36.7171, 0.220, 1.388, 0.004

0, 7, 14, 2, 42.0936, 36.7171, 0.220, 1.389, 0.004

1, 7, 15, 2, 42.0936, 36.7171, 0.220, 1.387, 0.004

0, 7, 14, 3, 42.0936, 36.7171, 0.220, 1.391, 0.004

1, 7, 15, 3, 42.0936, 36.7171, 0.220, 1.399, 0.004

0, 7, 14, 4, 42.0936, 36.7171, 0.220, 1.390, 0.004

1, 7, 15, 4, 42.0936, 36.7171, 0.220, 1.386, 0.004

0, 7, 14, 0, 42.0936, 36.9671, 0.220, 1.394, 0.004

1, 7, 15, 0, 42.0936, 36.9671, 0.220, 1.386, 0.004

0, 7, 14, 1, 42.0936, 36.9671, 0.220, 1.391, 0.004

1, 7, 15, 1, 42.0936, 36.9671, 0.220, 1.390, 0.004

0, 7, 14, 2, 42.0936, 36.9671, 0.220, 1.386, 0.004

1, 7, 15, 2, 42.0936, 36.9671, 0.220, 1.391, 0.004

0, 7, 14, 3, 42.0936, 36.9671, 0.220, 1.391, 0.004

1, 7, 15, 3, 42.0936, 36.9671, 0.220, 1.389, 0.004

0, 7, 14, 4, 42.0936, 36.9671, 0.220, 1.396, 0.004

1, 7, 15, 4, 42.0936, 36.9671, 0.220, 1.387, 0.004

