Test Sector:
Device ID, Channel, Tile ID, trial, x, y, IMON, RMON, VCOMP
xorigincm, xfinalcm, xsteplengthcm, xsteps = 64.1762, 64.1762, 0, 152
yorigincm, yfinalcm, ysteplengthcm, nRepeat = 4.90293, 43.0971, 0.25, 5
0, 11, 22, 0, 0, 0, 0.230, 1.400, 0.004

1, 11, 23, 0, 0, 0, 0.170, 1.373, 0.004

0, 11, 22, 1, 0, 0, 0.230, 1.406, 0.004

1, 11, 23, 1, 0, 0, 0.180, 1.381, 0.004

0, 11, 22, 2, 0, 0, 0.220, 1.407, 0.004

1, 11, 23, 2, 0, 0, 0.180, 1.382, 0.004

0, 11, 22, 3, 0, 0, 0.220, 1.400, 0.004

1, 11, 23, 3, 0, 0, 0.180, 1.380, 0.004

0, 11, 22, 4, 0, 0, 0.220, 1.396, 0.004

1, 11, 23, 4, 0, 0, 0.170, 1.383, 0.004

0, 11, 22, 0, 64.1762, 4.90293, 0.220, 1.405, 0.004

1, 11, 23, 0, 64.1762, 4.90293, 0.170, 1.381, 0.004

0, 11, 22, 1, 64.1762, 4.90293, 0.220, 1.404, 0.004

1, 11, 23, 1, 64.1762, 4.90293, 0.170, 1.378, 0.004

0, 11, 22, 2, 64.1762, 4.90293, 0.220, 1.401, 0.004

1, 11, 23, 2, 64.1762, 4.90293, 0.180, 1.374, 0.004

0, 11, 22, 3, 64.1762, 4.90293, 0.220, 1.395, 0.004

1, 11, 23, 3, 64.1762, 4.90293, 0.170, 1.382, 0.004

0, 11, 22, 4, 64.1762, 4.90293, 0.220, 1.404, 0.004

1, 11, 23, 4, 64.1762, 4.90293, 0.170, 1.374, 0.004

0, 11, 22, 0, 64.1762, 5.15293, 0.220, 1.403, 0.004

1, 11, 23, 0, 64.1762, 5.15293, 0.170, 1.376, 0.004

0, 11, 22, 1, 64.1762, 5.15293, 0.220, 1.405, 0.004

1, 11, 23, 1, 64.1762, 5.15293, 0.170, 1.373, 0.004

0, 11, 22, 2, 64.1762, 5.15293, 0.210, 1.400, 0.004

1, 11, 23, 2, 64.1762, 5.15293, 0.170, 1.381, 0.004

0, 11, 22, 3, 64.1762, 5.15293, 0.220, 1.403, 0.004

1, 11, 23, 3, 64.1762, 5.15293, 0.170, 1.381, 0.004

0, 11, 22, 4, 64.1762, 5.15293, 0.220, 1.398, 0.004

1, 11, 23, 4, 64.1762, 5.15293, 0.170, 1.377, 0.004

0, 11, 22, 0, 64.1762, 5.40293, 0.220, 1.400, 0.004

1, 11, 23, 0, 64.1762, 5.40293, 0.170, 1.372, 0.004

0, 11, 22, 1, 64.1762, 5.40293, 0.220, 1.403, 0.004

1, 11, 23, 1, 64.1762, 5.40293, 0.170, 1.376, 0.004

0, 11, 22, 2, 64.1762, 5.40293, 0.220, 1.399, 0.004

1, 11, 23, 2, 64.1762, 5.40293, 0.170, 1.381, 0.004

0, 11, 22, 3, 64.1762, 5.40293, 0.220, 1.399, 0.004

1, 11, 23, 3, 64.1762, 5.40293, 0.170, 1.368, 0.004

0, 11, 22, 4, 64.1762, 5.40293, 0.220, 1.403, 0.004

1, 11, 23, 4, 64.1762, 5.40293, 0.170, 1.375, 0.004

0, 11, 22, 0, 64.1762, 5.65293, 0.220, 1.401, 0.004

1, 11, 23, 0, 64.1762, 5.65293, 0.180, 1.377, 0.004

0, 11, 22, 1, 64.1762, 5.65293, 0.220, 1.400, 0.004

1, 11, 23, 1, 64.1762, 5.65293, 0.180, 1.377, 0.004

0, 11, 22, 2, 64.1762, 5.65293, 0.220, 1.406, 0.004

1, 11, 23, 2, 64.1762, 5.65293, 0.170, 1.383, 0.004

0, 11, 22, 3, 64.1762, 5.65293, 0.210, 1.392, 0.004

1, 11, 23, 3, 64.1762, 5.65293, 0.170, 1.382, 0.004

0, 11, 22, 4, 64.1762, 5.65293, 0.220, 1.397, 0.004

1, 11, 23, 4, 64.1762, 5.65293, 0.180, 1.375, 0.004

0, 11, 22, 0, 64.1762, 5.90293, 0.220, 1.400, 0.004

1, 11, 23, 0, 64.1762, 5.90293, 0.180, 1.370, 0.004

0, 11, 22, 1, 64.1762, 5.90293, 0.220, 1.399, 0.004

1, 11, 23, 1, 64.1762, 5.90293, 0.180, 1.382, 0.004

0, 11, 22, 2, 64.1762, 5.90293, 0.220, 1.411, 0.004

1, 11, 23, 2, 64.1762, 5.90293, 0.170, 1.385, 0.004

0, 11, 22, 3, 64.1762, 5.90293, 0.210, 1.404, 0.004

1, 11, 23, 3, 64.1762, 5.90293, 0.170, 1.372, 0.004

0, 11, 22, 4, 64.1762, 5.90293, 0.220, 1.398, 0.004

1, 11, 23, 4, 64.1762, 5.90293, 0.180, 1.379, 0.004

0, 11, 22, 0, 64.1762, 6.15293, 0.220, 1.405, 0.004

1, 11, 23, 0, 64.1762, 6.15293, 0.180, 1.377, 0.004

0, 11, 22, 1, 64.1762, 6.15293, 0.220, 1.405, 0.004

1, 11, 23, 1, 64.1762, 6.15293, 0.170, 1.377, 0.004

0, 11, 22, 2, 64.1762, 6.15293, 0.220, 1.396, 0.004

1, 11, 23, 2, 64.1762, 6.15293, 0.180, 1.378, 0.004

0, 11, 22, 3, 64.1762, 6.15293, 0.220, 1.402, 0.004

1, 11, 23, 3, 64.1762, 6.15293, 0.180, 1.379, 0.004

0, 11, 22, 4, 64.1762, 6.15293, 0.220, 1.402, 0.004

1, 11, 23, 4, 64.1762, 6.15293, 0.170, 1.369, 0.004

0, 11, 22, 0, 64.1762, 6.40293, 0.220, 1.407, 0.004

1, 11, 23, 0, 64.1762, 6.40293, 0.180, 1.377, 0.004

0, 11, 22, 1, 64.1762, 6.40293, 0.210, 1.406, 0.004

1, 11, 23, 1, 64.1762, 6.40293, 0.180, 1.377, 0.004

0, 11, 22, 2, 64.1762, 6.40293, 0.210, 1.403, 0.004

1, 11, 23, 2, 64.1762, 6.40293, 0.170, 1.372, 0.004

0, 11, 22, 3, 64.1762, 6.40293, 0.210, 1.404, 0.004

1, 11, 23, 3, 64.1762, 6.40293, 0.180, 1.377, 0.004

0, 11, 22, 4, 64.1762, 6.40293, 0.220, 1.402, 0.004

1, 11, 23, 4, 64.1762, 6.40293, 0.180, 1.376, 0.004

0, 11, 22, 0, 64.1762, 6.65293, 0.220, 1.405, 0.004

1, 11, 23, 0, 64.1762, 6.65293, 0.180, 1.374, 0.004

0, 11, 22, 1, 64.1762, 6.65293, 0.220, 1.402, 0.004

1, 11, 23, 1, 64.1762, 6.65293, 0.180, 1.377, 0.004

0, 11, 22, 2, 64.1762, 6.65293, 0.220, 1.400, 0.004

1, 11, 23, 2, 64.1762, 6.65293, 0.180, 1.367, 0.004

0, 11, 22, 3, 64.1762, 6.65293, 0.220, 1.408, 0.004

1, 11, 23, 3, 64.1762, 6.65293, 0.180, 1.372, 0.004

0, 11, 22, 4, 64.1762, 6.65293, 0.220, 1.404, 0.004

1, 11, 23, 4, 64.1762, 6.65293, 0.180, 1.380, 0.004

0, 11, 22, 0, 64.1762, 6.90293, 0.220, 1.401, 0.004

1, 11, 23, 0, 64.1762, 6.90293, 0.180, 1.372, 0.004

0, 11, 22, 1, 64.1762, 6.90293, 0.220, 1.407, 0.004

1, 11, 23, 1, 64.1762, 6.90293, 0.180, 1.380, 0.004

0, 11, 22, 2, 64.1762, 6.90293, 0.220, 1.393, 0.004

1, 11, 23, 2, 64.1762, 6.90293, 0.180, 1.382, 0.004

0, 11, 22, 3, 64.1762, 6.90293, 0.220, 1.404, 0.004

1, 11, 23, 3, 64.1762, 6.90293, 0.180, 1.374, 0.004

0, 11, 22, 4, 64.1762, 6.90293, 0.220, 1.403, 0.004

1, 11, 23, 4, 64.1762, 6.90293, 0.180, 1.370, 0.004

0, 11, 22, 0, 64.1762, 7.15293, 0.220, 1.403, 0.004

1, 11, 23, 0, 64.1762, 7.15293, 0.180, 1.377, 0.004

0, 11, 22, 1, 64.1762, 7.15293, 0.220, 1.394, 0.004

1, 11, 23, 1, 64.1762, 7.15293, 0.180, 1.372, 0.004

0, 11, 22, 2, 64.1762, 7.15293, 0.220, 1.401, 0.004

1, 11, 23, 2, 64.1762, 7.15293, 0.190, 1.372, 0.004

0, 11, 22, 3, 64.1762, 7.15293, 0.220, 1.403, 0.004

1, 11, 23, 3, 64.1762, 7.15293, 0.190, 1.376, 0.004

0, 11, 22, 4, 64.1762, 7.15293, 0.220, 1.400, 0.004

1, 11, 23, 4, 64.1762, 7.15293, 0.190, 1.375, 0.004

0, 11, 22, 0, 64.1762, 7.40293, 0.220, 1.402, 0.004

1, 11, 23, 0, 64.1762, 7.40293, 0.190, 1.375, 0.004

0, 11, 22, 1, 64.1762, 7.40293, 0.220, 1.401, 0.004

1, 11, 23, 1, 64.1762, 7.40293, 0.180, 1.380, 0.004

0, 11, 22, 2, 64.1762, 7.40293, 0.220, 1.398, 0.004

1, 11, 23, 2, 64.1762, 7.40293, 0.190, 1.375, 0.004

0, 11, 22, 3, 64.1762, 7.40293, 0.220, 1.395, 0.004

1, 11, 23, 3, 64.1762, 7.40293, 0.190, 1.374, 0.004

0, 11, 22, 4, 64.1762, 7.40293, 0.220, 1.400, 0.004

1, 11, 23, 4, 64.1762, 7.40293, 0.190, 1.385, 0.004

0, 11, 22, 0, 64.1762, 7.65293, 0.220, 1.406, 0.004

1, 11, 23, 0, 64.1762, 7.65293, 0.190, 1.377, 0.004

0, 11, 22, 1, 64.1762, 7.65293, 0.220, 1.404, 0.004

1, 11, 23, 1, 64.1762, 7.65293, 0.190, 1.380, 0.004

0, 11, 22, 2, 64.1762, 7.65293, 0.220, 1.403, 0.004

1, 11, 23, 2, 64.1762, 7.65293, 0.190, 1.378, 0.004

0, 11, 22, 3, 64.1762, 7.65293, 0.220, 1.397, 0.004

1, 11, 23, 3, 64.1762, 7.65293, 0.200, 1.373, 0.004

0, 11, 22, 4, 64.1762, 7.65293, 0.220, 1.404, 0.004

1, 11, 23, 4, 64.1762, 7.65293, 0.190, 1.377, 0.004

0, 11, 22, 0, 64.1762, 7.90293, 0.220, 1.406, 0.004

1, 11, 23, 0, 64.1762, 7.90293, 0.200, 1.385, 0.004

0, 11, 22, 1, 64.1762, 7.90293, 0.220, 1.399, 0.004

1, 11, 23, 1, 64.1762, 7.90293, 0.200, 1.372, 0.004

0, 11, 22, 2, 64.1762, 7.90293, 0.220, 1.398, 0.004

1, 11, 23, 2, 64.1762, 7.90293, 0.200, 1.385, 0.004

0, 11, 22, 3, 64.1762, 7.90293, 0.220, 1.398, 0.004

1, 11, 23, 3, 64.1762, 7.90293, 0.200, 1.378, 0.004

0, 11, 22, 4, 64.1762, 7.90293, 0.220, 1.395, 0.004

1, 11, 23, 4, 64.1762, 7.90293, 0.190, 1.373, 0.004

0, 11, 22, 0, 64.1762, 8.15293, 0.220, 1.397, 0.004

1, 11, 23, 0, 64.1762, 8.15293, 0.200, 1.380, 0.004

0, 11, 22, 1, 64.1762, 8.15293, 0.220, 1.399, 0.004

1, 11, 23, 1, 64.1762, 8.15293, 0.200, 1.371, 0.004

0, 11, 22, 2, 64.1762, 8.15293, 0.220, 1.402, 0.004

1, 11, 23, 2, 64.1762, 8.15293, 0.200, 1.378, 0.004

0, 11, 22, 3, 64.1762, 8.15293, 0.220, 1.401, 0.004

1, 11, 23, 3, 64.1762, 8.15293, 0.200, 1.380, 0.004

0, 11, 22, 4, 64.1762, 8.15293, 0.220, 1.407, 0.004

1, 11, 23, 4, 64.1762, 8.15293, 0.200, 1.382, 0.004

0, 11, 22, 0, 64.1762, 8.40293, 0.220, 1.399, 0.004

1, 11, 23, 0, 64.1762, 8.40293, 0.200, 1.382, 0.004

0, 11, 22, 1, 64.1762, 8.40293, 0.220, 1.402, 0.004

1, 11, 23, 1, 64.1762, 8.40293, 0.200, 1.372, 0.004

0, 11, 22, 2, 64.1762, 8.40293, 0.220, 1.398, 0.004

1, 11, 23, 2, 64.1762, 8.40293, 0.210, 1.374, 0.004

0, 11, 22, 3, 64.1762, 8.40293, 0.220, 1.401, 0.004

1, 11, 23, 3, 64.1762, 8.40293, 0.210, 1.377, 0.004

0, 11, 22, 4, 64.1762, 8.40293, 0.220, 1.401, 0.004

1, 11, 23, 4, 64.1762, 8.40293, 0.200, 1.379, 0.004

0, 11, 22, 0, 64.1762, 8.65293, 0.220, 1.403, 0.004

1, 11, 23, 0, 64.1762, 8.65293, 0.210, 1.378, 0.004

0, 11, 22, 1, 64.1762, 8.65293, 0.210, 1.397, 0.004

1, 11, 23, 1, 64.1762, 8.65293, 0.210, 1.379, 0.004

0, 11, 22, 2, 64.1762, 8.65293, 0.220, 1.396, 0.004

1, 11, 23, 2, 64.1762, 8.65293, 0.210, 1.371, 0.004

0, 11, 22, 3, 64.1762, 8.65293, 0.220, 1.408, 0.004

1, 11, 23, 3, 64.1762, 8.65293, 0.210, 1.378, 0.004

0, 11, 22, 4, 64.1762, 8.65293, 0.220, 1.409, 0.004

1, 11, 23, 4, 64.1762, 8.65293, 0.210, 1.368, 0.004

0, 11, 22, 0, 64.1762, 8.90293, 0.210, 1.402, 0.004

1, 11, 23, 0, 64.1762, 8.90293, 0.210, 1.387, 0.004

0, 11, 22, 1, 64.1762, 8.90293, 0.220, 1.396, 0.004

1, 11, 23, 1, 64.1762, 8.90293, 0.210, 1.379, 0.004

0, 11, 22, 2, 64.1762, 8.90293, 0.220, 1.400, 0.004

1, 11, 23, 2, 64.1762, 8.90293, 0.210, 1.378, 0.004

0, 11, 22, 3, 64.1762, 8.90293, 0.220, 1.399, 0.004

1, 11, 23, 3, 64.1762, 8.90293, 0.210, 1.375, 0.004

0, 11, 22, 4, 64.1762, 8.90293, 0.210, 1.396, 0.004

1, 11, 23, 4, 64.1762, 8.90293, 0.210, 1.371, 0.004

0, 11, 22, 0, 64.1762, 9.15293, 0.220, 1.402, 0.004

1, 11, 23, 0, 64.1762, 9.15293, 0.220, 1.370, 0.004

0, 11, 22, 1, 64.1762, 9.15293, 0.220, 1.405, 0.004

1, 11, 23, 1, 64.1762, 9.15293, 0.210, 1.384, 0.004

0, 11, 22, 2, 64.1762, 9.15293, 0.220, 1.402, 0.004

1, 11, 23, 2, 64.1762, 9.15293, 0.220, 1.375, 0.004

0, 11, 22, 3, 64.1762, 9.15293, 0.220, 1.410, 0.004

1, 11, 23, 3, 64.1762, 9.15293, 0.220, 1.377, 0.004

0, 11, 22, 4, 64.1762, 9.15293, 0.220, 1.403, 0.004

1, 11, 23, 4, 64.1762, 9.15293, 0.210, 1.378, 0.004

0, 11, 22, 0, 64.1762, 9.40293, 0.220, 1.400, 0.004

1, 11, 23, 0, 64.1762, 9.40293, 0.220, 1.380, 0.004

0, 11, 22, 1, 64.1762, 9.40293, 0.220, 1.401, 0.004

1, 11, 23, 1, 64.1762, 9.40293, 0.220, 1.376, 0.004

0, 11, 22, 2, 64.1762, 9.40293, 0.220, 1.397, 0.004

1, 11, 23, 2, 64.1762, 9.40293, 0.220, 1.383, 0.004

0, 11, 22, 3, 64.1762, 9.40293, 0.220, 1.397, 0.004

1, 11, 23, 3, 64.1762, 9.40293, 0.220, 1.362, 0.004

0, 11, 22, 4, 64.1762, 9.40293, 0.220, 1.396, 0.004

1, 11, 23, 4, 64.1762, 9.40293, 0.220, 1.374, 0.004

0, 11, 22, 0, 64.1762, 9.65293, 0.220, 1.400, 0.004

1, 11, 23, 0, 64.1762, 9.65293, 0.230, 1.373, 0.004

0, 11, 22, 1, 64.1762, 9.65293, 0.220, 1.397, 0.004

1, 11, 23, 1, 64.1762, 9.65293, 0.230, 1.372, 0.004

0, 11, 22, 2, 64.1762, 9.65293, 0.220, 1.397, 0.004

1, 11, 23, 2, 64.1762, 9.65293, 0.220, 1.374, 0.004

0, 11, 22, 3, 64.1762, 9.65293, 0.220, 1.402, 0.004

1, 11, 23, 3, 64.1762, 9.65293, 0.220, 1.377, 0.004

0, 11, 22, 4, 64.1762, 9.65293, 0.220, 1.397, 0.004

1, 11, 23, 4, 64.1762, 9.65293, 0.220, 1.384, 0.004

0, 11, 22, 0, 64.1762, 9.90293, 0.220, 1.402, 0.004

1, 11, 23, 0, 64.1762, 9.90293, 0.230, 1.390, 0.004

0, 11, 22, 1, 64.1762, 9.90293, 0.220, 1.401, 0.004

1, 11, 23, 1, 64.1762, 9.90293, 0.230, 1.371, 0.004

0, 11, 22, 2, 64.1762, 9.90293, 0.220, 1.402, 0.004

1, 11, 23, 2, 64.1762, 9.90293, 0.230, 1.377, 0.004

0, 11, 22, 3, 64.1762, 9.90293, 0.220, 1.401, 0.004

1, 11, 23, 3, 64.1762, 9.90293, 0.230, 1.363, 0.004

0, 11, 22, 4, 64.1762, 9.90293, 0.220, 1.398, 0.004

1, 11, 23, 4, 64.1762, 9.90293, 0.230, 1.377, 0.004

0, 11, 22, 0, 0, 0, 0.220, 1.400, 0.004

1, 11, 23, 0, 0, 0, 0.170, 1.369, 0.004

0, 11, 22, 1, 0, 0, 0.220, 1.403, 0.004

1, 11, 23, 1, 0, 0, 0.170, 1.379, 0.004

0, 11, 22, 2, 0, 0, 0.210, 1.400, 0.004

1, 11, 23, 2, 0, 0, 0.170, 1.385, 0.004

0, 11, 22, 3, 0, 0, 0.220, 1.406, 0.004

1, 11, 23, 3, 0, 0, 0.170, 1.373, 0.004

0, 11, 22, 4, 0, 0, 0.220, 1.400, 0.004

1, 11, 23, 4, 0, 0, 0.170, 1.370, 0.004

0, 11, 22, 0, 64.1762, 10.1529, 0.220, 1.392, 0.004

1, 11, 23, 0, 64.1762, 10.1529, 0.240, 1.375, 0.004

0, 11, 22, 1, 64.1762, 10.1529, 0.210, 1.401, 0.004

1, 11, 23, 1, 64.1762, 10.1529, 0.240, 1.381, 0.004

0, 11, 22, 2, 64.1762, 10.1529, 0.220, 1.405, 0.004

1, 11, 23, 2, 64.1762, 10.1529, 0.240, 1.368, 0.004

0, 11, 22, 3, 64.1762, 10.1529, 0.220, 1.402, 0.004

1, 11, 23, 3, 64.1762, 10.1529, 0.230, 1.376, 0.004

0, 11, 22, 4, 64.1762, 10.1529, 0.220, 1.402, 0.004

1, 11, 23, 4, 64.1762, 10.1529, 0.230, 1.375, 0.004

0, 11, 22, 0, 64.1762, 10.4029, 0.220, 1.402, 0.004

1, 11, 23, 0, 64.1762, 10.4029, 0.240, 1.380, 0.004

0, 11, 22, 1, 64.1762, 10.4029, 0.220, 1.405, 0.004

1, 11, 23, 1, 64.1762, 10.4029, 0.240, 1.376, 0.004

0, 11, 22, 2, 64.1762, 10.4029, 0.220, 1.394, 0.004

1, 11, 23, 2, 64.1762, 10.4029, 0.230, 1.381, 0.004

0, 11, 22, 3, 64.1762, 10.4029, 0.220, 1.402, 0.004

1, 11, 23, 3, 64.1762, 10.4029, 0.230, 1.376, 0.004

0, 11, 22, 4, 64.1762, 10.4029, 0.220, 1.396, 0.004

1, 11, 23, 4, 64.1762, 10.4029, 0.240, 1.372, 0.004

0, 11, 22, 0, 64.1762, 10.6529, 0.220, 1.403, 0.004

1, 11, 23, 0, 64.1762, 10.6529, 0.240, 1.381, 0.004

0, 11, 22, 1, 64.1762, 10.6529, 0.210, 1.398, 0.004

1, 11, 23, 1, 64.1762, 10.6529, 0.260, 1.368, 0.004

0, 11, 22, 2, 64.1762, 10.6529, 0.220, 1.394, 0.004

1, 11, 23, 2, 64.1762, 10.6529, 0.240, 1.377, 0.004

0, 11, 22, 3, 64.1762, 10.6529, 0.220, 1.396, 0.004

1, 11, 23, 3, 64.1762, 10.6529, 0.250, 1.367, 0.004

0, 11, 22, 4, 64.1762, 10.6529, 0.220, 1.398, 0.004

1, 11, 23, 4, 64.1762, 10.6529, 0.250, 1.380, 0.004

0, 11, 22, 0, 64.1762, 10.9029, 0.220, 1.407, 0.004

1, 11, 23, 0, 64.1762, 10.9029, 0.250, 1.384, 0.004

0, 11, 22, 1, 64.1762, 10.9029, 0.220, 1.395, 0.004

1, 11, 23, 1, 64.1762, 10.9029, 0.240, 1.383, 0.004

0, 11, 22, 2, 64.1762, 10.9029, 0.220, 1.399, 0.004

1, 11, 23, 2, 64.1762, 10.9029, 0.240, 1.370, 0.004

0, 11, 22, 3, 64.1762, 10.9029, 0.220, 1.397, 0.004

1, 11, 23, 3, 64.1762, 10.9029, 0.250, 1.384, 0.004

0, 11, 22, 4, 64.1762, 10.9029, 0.220, 1.403, 0.004

1, 11, 23, 4, 64.1762, 10.9029, 0.260, 1.378, 0.004

0, 11, 22, 0, 64.1762, 11.1529, 0.220, 1.399, 0.004

1, 11, 23, 0, 64.1762, 11.1529, 0.250, 1.387, 0.004

0, 11, 22, 1, 64.1762, 11.1529, 0.220, 1.405, 0.004

1, 11, 23, 1, 64.1762, 11.1529, 0.250, 1.374, 0.004

0, 11, 22, 2, 64.1762, 11.1529, 0.220, 1.396, 0.004

1, 11, 23, 2, 64.1762, 11.1529, 0.250, 1.371, 0.004

0, 11, 22, 3, 64.1762, 11.1529, 0.220, 1.397, 0.004

1, 11, 23, 3, 64.1762, 11.1529, 0.250, 1.378, 0.004

0, 11, 22, 4, 64.1762, 11.1529, 0.220, 1.390, 0.004

1, 11, 23, 4, 64.1762, 11.1529, 0.250, 1.366, 0.004

0, 11, 22, 0, 64.1762, 11.4029, 0.220, 1.401, 0.004

1, 11, 23, 0, 64.1762, 11.4029, 0.260, 1.374, 0.004

0, 11, 22, 1, 64.1762, 11.4029, 0.220, 1.401, 0.004

1, 11, 23, 1, 64.1762, 11.4029, 0.260, 1.376, 0.004

0, 11, 22, 2, 64.1762, 11.4029, 0.220, 1.408, 0.004

1, 11, 23, 2, 64.1762, 11.4029, 0.260, 1.376, 0.004

0, 11, 22, 3, 64.1762, 11.4029, 0.220, 1.398, 0.004

1, 11, 23, 3, 64.1762, 11.4029, 0.260, 1.382, 0.004

0, 11, 22, 4, 64.1762, 11.4029, 0.220, 1.399, 0.004

1, 11, 23, 4, 64.1762, 11.4029, 0.260, 1.376, 0.004

0, 11, 22, 0, 64.1762, 11.6529, 0.210, 1.397, 0.004

1, 11, 23, 0, 64.1762, 11.6529, 0.270, 1.380, 0.004

0, 11, 22, 1, 64.1762, 11.6529, 0.220, 1.397, 0.004

1, 11, 23, 1, 64.1762, 11.6529, 0.260, 1.374, 0.004

0, 11, 22, 2, 64.1762, 11.6529, 0.220, 1.397, 0.004

1, 11, 23, 2, 64.1762, 11.6529, 0.260, 1.388, 0.004

0, 11, 22, 3, 64.1762, 11.6529, 0.220, 1.400, 0.004

1, 11, 23, 3, 64.1762, 11.6529, 0.260, 1.370, 0.004

0, 11, 22, 4, 64.1762, 11.6529, 0.220, 1.394, 0.004

1, 11, 23, 4, 64.1762, 11.6529, 0.260, 1.375, 0.004

0, 11, 22, 0, 64.1762, 11.9029, 0.220, 1.400, 0.004

1, 11, 23, 0, 64.1762, 11.9029, 0.270, 1.372, 0.004

0, 11, 22, 1, 64.1762, 11.9029, 0.220, 1.406, 0.004

1, 11, 23, 1, 64.1762, 11.9029, 0.260, 1.378, 0.004

0, 11, 22, 2, 64.1762, 11.9029, 0.220, 1.398, 0.004

1, 11, 23, 2, 64.1762, 11.9029, 0.260, 1.375, 0.004

0, 11, 22, 3, 64.1762, 11.9029, 0.220, 1.410, 0.004

1, 11, 23, 3, 64.1762, 11.9029, 0.260, 1.378, 0.004

0, 11, 22, 4, 64.1762, 11.9029, 0.220, 1.400, 0.004

1, 11, 23, 4, 64.1762, 11.9029, 0.260, 1.380, 0.004

0, 11, 22, 0, 64.1762, 12.1529, 0.220, 1.397, 0.004

1, 11, 23, 0, 64.1762, 12.1529, 0.260, 1.375, 0.004

0, 11, 22, 1, 64.1762, 12.1529, 0.210, 1.398, 0.004

1, 11, 23, 1, 64.1762, 12.1529, 0.260, 1.376, 0.004

0, 11, 22, 2, 64.1762, 12.1529, 0.220, 1.399, 0.004

1, 11, 23, 2, 64.1762, 12.1529, 0.260, 1.379, 0.004

0, 11, 22, 3, 64.1762, 12.1529, 0.220, 1.399, 0.004

1, 11, 23, 3, 64.1762, 12.1529, 0.250, 1.381, 0.004

0, 11, 22, 4, 64.1762, 12.1529, 0.220, 1.401, 0.004

1, 11, 23, 4, 64.1762, 12.1529, 0.260, 1.369, 0.004

0, 11, 22, 0, 64.1762, 12.4029, 0.220, 1.396, 0.004

1, 11, 23, 0, 64.1762, 12.4029, 0.270, 1.377, 0.004

0, 11, 22, 1, 64.1762, 12.4029, 0.220, 1.400, 0.004

1, 11, 23, 1, 64.1762, 12.4029, 0.260, 1.373, 0.004

0, 11, 22, 2, 64.1762, 12.4029, 0.220, 1.401, 0.004

1, 11, 23, 2, 64.1762, 12.4029, 0.260, 1.382, 0.004

0, 11, 22, 3, 64.1762, 12.4029, 0.220, 1.406, 0.004

1, 11, 23, 3, 64.1762, 12.4029, 0.270, 1.381, 0.004

0, 11, 22, 4, 64.1762, 12.4029, 0.220, 1.400, 0.004

1, 11, 23, 4, 64.1762, 12.4029, 0.270, 1.380, 0.004

0, 11, 22, 0, 64.1762, 12.6529, 0.220, 1.403, 0.004

1, 11, 23, 0, 64.1762, 12.6529, 0.270, 1.360, 0.004

0, 11, 22, 1, 64.1762, 12.6529, 0.220, 1.402, 0.004

1, 11, 23, 1, 64.1762, 12.6529, 0.270, 1.376, 0.004

0, 11, 22, 2, 64.1762, 12.6529, 0.220, 1.396, 0.004

1, 11, 23, 2, 64.1762, 12.6529, 0.260, 1.375, 0.004

0, 11, 22, 3, 64.1762, 12.6529, 0.220, 1.392, 0.004

1, 11, 23, 3, 64.1762, 12.6529, 0.260, 1.385, 0.004

0, 11, 22, 4, 64.1762, 12.6529, 0.210, 1.401, 0.004

1, 11, 23, 4, 64.1762, 12.6529, 0.280, 1.381, 0.004

0, 11, 22, 0, 64.1762, 12.9029, 0.220, 1.407, 0.004

1, 11, 23, 0, 64.1762, 12.9029, 0.270, 1.384, 0.004

0, 11, 22, 1, 64.1762, 12.9029, 0.220, 1.395, 0.004

1, 11, 23, 1, 64.1762, 12.9029, 0.260, 1.380, 0.004

0, 11, 22, 2, 64.1762, 12.9029, 0.220, 1.397, 0.004

1, 11, 23, 2, 64.1762, 12.9029, 0.270, 1.371, 0.004

0, 11, 22, 3, 64.1762, 12.9029, 0.220, 1.395, 0.004

1, 11, 23, 3, 64.1762, 12.9029, 0.270, 1.377, 0.004

0, 11, 22, 4, 64.1762, 12.9029, 0.220, 1.403, 0.004

1, 11, 23, 4, 64.1762, 12.9029, 0.270, 1.378, 0.004

0, 11, 22, 0, 64.1762, 13.1529, 0.220, 1.401, 0.004

1, 11, 23, 0, 64.1762, 13.1529, 0.270, 1.353, 0.004

0, 11, 22, 1, 64.1762, 13.1529, 0.220, 1.403, 0.004

1, 11, 23, 1, 64.1762, 13.1529, 0.270, 1.384, 0.004

0, 11, 22, 2, 64.1762, 13.1529, 0.220, 1.400, 0.004

1, 11, 23, 2, 64.1762, 13.1529, 0.270, 1.378, 0.004

0, 11, 22, 3, 64.1762, 13.1529, 0.220, 1.398, 0.004

1, 11, 23, 3, 64.1762, 13.1529, 0.280, 1.385, 0.004

0, 11, 22, 4, 64.1762, 13.1529, 0.220, 1.404, 0.004

1, 11, 23, 4, 64.1762, 13.1529, 0.270, 1.378, 0.004

0, 11, 22, 0, 64.1762, 13.4029, 0.220, 1.402, 0.004

1, 11, 23, 0, 64.1762, 13.4029, 0.280, 1.376, 0.004

0, 11, 22, 1, 64.1762, 13.4029, 0.220, 1.404, 0.004

1, 11, 23, 1, 64.1762, 13.4029, 0.270, 1.380, 0.004

0, 11, 22, 2, 64.1762, 13.4029, 0.220, 1.402, 0.004

1, 11, 23, 2, 64.1762, 13.4029, 0.270, 1.382, 0.004

0, 11, 22, 3, 64.1762, 13.4029, 0.220, 1.405, 0.004

1, 11, 23, 3, 64.1762, 13.4029, 0.280, 1.377, 0.004

0, 11, 22, 4, 64.1762, 13.4029, 0.210, 1.394, 0.004

1, 11, 23, 4, 64.1762, 13.4029, 0.270, 1.367, 0.004

0, 11, 22, 0, 64.1762, 13.6529, 0.220, 1.400, 0.004

1, 11, 23, 0, 64.1762, 13.6529, 0.280, 1.376, 0.004

0, 11, 22, 1, 64.1762, 13.6529, 0.220, 1.397, 0.004

1, 11, 23, 1, 64.1762, 13.6529, 0.270, 1.380, 0.004

0, 11, 22, 2, 64.1762, 13.6529, 0.220, 1.410, 0.004

1, 11, 23, 2, 64.1762, 13.6529, 0.280, 1.372, 0.004

0, 11, 22, 3, 64.1762, 13.6529, 0.220, 1.406, 0.004

1, 11, 23, 3, 64.1762, 13.6529, 0.290, 1.360, 0.004

0, 11, 22, 4, 64.1762, 13.6529, 0.220, 1.414, 0.004

1, 11, 23, 4, 64.1762, 13.6529, 0.280, 1.373, 0.004

0, 11, 22, 0, 64.1762, 13.9029, 0.220, 1.405, 0.004

1, 11, 23, 0, 64.1762, 13.9029, 0.290, 1.385, 0.004

0, 11, 22, 1, 64.1762, 13.9029, 0.220, 1.395, 0.004

1, 11, 23, 1, 64.1762, 13.9029, 0.300, 1.374, 0.004

0, 11, 22, 2, 64.1762, 13.9029, 0.210, 1.398, 0.004

1, 11, 23, 2, 64.1762, 13.9029, 0.280, 1.383, 0.004

0, 11, 22, 3, 64.1762, 13.9029, 0.220, 1.399, 0.004

1, 11, 23, 3, 64.1762, 13.9029, 0.280, 1.381, 0.004

0, 11, 22, 4, 64.1762, 13.9029, 0.220, 1.395, 0.004

1, 11, 23, 4, 64.1762, 13.9029, 0.280, 1.362, 0.004

0, 11, 22, 0, 64.1762, 14.1529, 0.220, 1.404, 0.004

1, 11, 23, 0, 64.1762, 14.1529, 0.290, 1.380, 0.004

0, 11, 22, 1, 64.1762, 14.1529, 0.220, 1.404, 0.004

1, 11, 23, 1, 64.1762, 14.1529, 0.280, 1.377, 0.004

0, 11, 22, 2, 64.1762, 14.1529, 0.220, 1.401, 0.004

1, 11, 23, 2, 64.1762, 14.1529, 0.290, 1.373, 0.004

0, 11, 22, 3, 64.1762, 14.1529, 0.220, 1.404, 0.004

1, 11, 23, 3, 64.1762, 14.1529, 0.280, 1.379, 0.004

0, 11, 22, 4, 64.1762, 14.1529, 0.220, 1.397, 0.004

1, 11, 23, 4, 64.1762, 14.1529, 0.280, 1.376, 0.004

0, 11, 22, 0, 64.1762, 14.4029, 0.220, 1.397, 0.004

1, 11, 23, 0, 64.1762, 14.4029, 0.290, 1.375, 0.004

0, 11, 22, 1, 64.1762, 14.4029, 0.220, 1.393, 0.004

1, 11, 23, 1, 64.1762, 14.4029, 0.290, 1.383, 0.004

0, 11, 22, 2, 64.1762, 14.4029, 0.220, 1.404, 0.004

1, 11, 23, 2, 64.1762, 14.4029, 0.300, 1.373, 0.004

0, 11, 22, 3, 64.1762, 14.4029, 0.220, 1.398, 0.004

1, 11, 23, 3, 64.1762, 14.4029, 0.290, 1.380, 0.004

0, 11, 22, 4, 64.1762, 14.4029, 0.220, 1.399, 0.004

1, 11, 23, 4, 64.1762, 14.4029, 0.290, 1.377, 0.004

0, 11, 22, 0, 64.1762, 14.6529, 0.220, 1.403, 0.004

1, 11, 23, 0, 64.1762, 14.6529, 0.290, 1.362, 0.004

0, 11, 22, 1, 64.1762, 14.6529, 0.220, 1.402, 0.004

1, 11, 23, 1, 64.1762, 14.6529, 0.300, 1.377, 0.004

0, 11, 22, 2, 64.1762, 14.6529, 0.220, 1.405, 0.004

1, 11, 23, 2, 64.1762, 14.6529, 0.280, 1.371, 0.004

0, 11, 22, 3, 64.1762, 14.6529, 0.210, 1.401, 0.004

1, 11, 23, 3, 64.1762, 14.6529, 0.290, 1.378, 0.004

0, 11, 22, 4, 64.1762, 14.6529, 0.220, 1.402, 0.004

1, 11, 23, 4, 64.1762, 14.6529, 0.300, 1.372, 0.004

0, 11, 22, 0, 64.1762, 14.9029, 0.220, 1.400, 0.004

1, 11, 23, 0, 64.1762, 14.9029, 0.300, 1.378, 0.004

0, 11, 22, 1, 64.1762, 14.9029, 0.220, 1.402, 0.004

1, 11, 23, 1, 64.1762, 14.9029, 0.290, 1.381, 0.004

0, 11, 22, 2, 64.1762, 14.9029, 0.220, 1.402, 0.004

1, 11, 23, 2, 64.1762, 14.9029, 0.290, 1.379, 0.004

0, 11, 22, 3, 64.1762, 14.9029, 0.220, 1.393, 0.004

1, 11, 23, 3, 64.1762, 14.9029, 0.300, 1.386, 0.004

0, 11, 22, 4, 64.1762, 14.9029, 0.220, 1.395, 0.004

1, 11, 23, 4, 64.1762, 14.9029, 0.290, 1.376, 0.004

0, 11, 22, 0, 0, 0, 0.220, 1.406, 0.004

1, 11, 23, 0, 0, 0, 0.170, 1.381, 0.004

0, 11, 22, 1, 0, 0, 0.220, 1.402, 0.004

1, 11, 23, 1, 0, 0, 0.170, 1.379, 0.004

0, 11, 22, 2, 0, 0, 0.220, 1.407, 0.004

1, 11, 23, 2, 0, 0, 0.170, 1.377, 0.004

0, 11, 22, 3, 0, 0, 0.220, 1.395, 0.004

1, 11, 23, 3, 0, 0, 0.170, 1.379, 0.004

0, 11, 22, 4, 0, 0, 0.220, 1.404, 0.004

1, 11, 23, 4, 0, 0, 0.170, 1.374, 0.004

0, 11, 22, 0, 64.1762, 15.1529, 0.220, 1.403, 0.004

1, 11, 23, 0, 64.1762, 15.1529, 0.290, 1.364, 0.004

0, 11, 22, 1, 64.1762, 15.1529, 0.220, 1.400, 0.004

1, 11, 23, 1, 64.1762, 15.1529, 0.300, 1.376, 0.004

0, 11, 22, 2, 64.1762, 15.1529, 0.220, 1.400, 0.004

1, 11, 23, 2, 64.1762, 15.1529, 0.300, 1.373, 0.004

0, 11, 22, 3, 64.1762, 15.1529, 0.220, 1.403, 0.004

1, 11, 23, 3, 64.1762, 15.1529, 0.290, 1.372, 0.004

0, 11, 22, 4, 64.1762, 15.1529, 0.220, 1.398, 0.004

1, 11, 23, 4, 64.1762, 15.1529, 0.300, 1.373, 0.004

0, 11, 22, 0, 64.1762, 15.4029, 0.220, 1.402, 0.004

1, 11, 23, 0, 64.1762, 15.4029, 0.310, 1.374, 0.004

0, 11, 22, 1, 64.1762, 15.4029, 0.220, 1.399, 0.004

1, 11, 23, 1, 64.1762, 15.4029, 0.300, 1.378, 0.004

0, 11, 22, 2, 64.1762, 15.4029, 0.220, 1.392, 0.004

1, 11, 23, 2, 64.1762, 15.4029, 0.310, 1.363, 0.004

0, 11, 22, 3, 64.1762, 15.4029, 0.220, 1.395, 0.004

1, 11, 23, 3, 64.1762, 15.4029, 0.310, 1.375, 0.004

0, 11, 22, 4, 64.1762, 15.4029, 0.220, 1.408, 0.004

1, 11, 23, 4, 64.1762, 15.4029, 0.310, 1.374, 0.004

0, 11, 22, 0, 64.1762, 15.6529, 0.220, 1.399, 0.004

1, 11, 23, 0, 64.1762, 15.6529, 0.300, 1.369, 0.004

0, 11, 22, 1, 64.1762, 15.6529, 0.220, 1.395, 0.004

1, 11, 23, 1, 64.1762, 15.6529, 0.310, 1.369, 0.004

0, 11, 22, 2, 64.1762, 15.6529, 0.210, 1.404, 0.004

1, 11, 23, 2, 64.1762, 15.6529, 0.310, 1.378, 0.004

0, 11, 22, 3, 64.1762, 15.6529, 0.210, 1.412, 0.004

1, 11, 23, 3, 64.1762, 15.6529, 0.310, 1.374, 0.004

0, 11, 22, 4, 64.1762, 15.6529, 0.220, 1.406, 0.004

1, 11, 23, 4, 64.1762, 15.6529, 0.310, 1.382, 0.004

0, 11, 22, 0, 64.1762, 15.9029, 0.220, 1.408, 0.004

1, 11, 23, 0, 64.1762, 15.9029, 0.310, 1.371, 0.004

0, 11, 22, 1, 64.1762, 15.9029, 0.210, 1.398, 0.004

1, 11, 23, 1, 64.1762, 15.9029, 0.310, 1.390, 0.004

0, 11, 22, 2, 64.1762, 15.9029, 0.210, 1.400, 0.004

1, 11, 23, 2, 64.1762, 15.9029, 0.310, 1.376, 0.004

0, 11, 22, 3, 64.1762, 15.9029, 0.220, 1.404, 0.004

1, 11, 23, 3, 64.1762, 15.9029, 0.310, 1.372, 0.004

0, 11, 22, 4, 64.1762, 15.9029, 0.220, 1.398, 0.004

1, 11, 23, 4, 64.1762, 15.9029, 0.300, 1.369, 0.004

0, 11, 22, 0, 64.1762, 16.1529, 0.220, 1.395, 0.004

1, 11, 23, 0, 64.1762, 16.1529, 0.310, 1.381, 0.004

0, 11, 22, 1, 64.1762, 16.1529, 0.220, 1.403, 0.004

1, 11, 23, 1, 64.1762, 16.1529, 0.310, 1.353, 0.004

0, 11, 22, 2, 64.1762, 16.1529, 0.220, 1.404, 0.004

1, 11, 23, 2, 64.1762, 16.1529, 0.310, 1.369, 0.004

0, 11, 22, 3, 64.1762, 16.1529, 0.220, 1.405, 0.004

1, 11, 23, 3, 64.1762, 16.1529, 0.310, 1.372, 0.004

0, 11, 22, 4, 64.1762, 16.1529, 0.220, 1.392, 0.004

1, 11, 23, 4, 64.1762, 16.1529, 0.300, 1.370, 0.004

0, 11, 22, 0, 64.1762, 16.4029, 0.220, 1.395, 0.004

1, 11, 23, 0, 64.1762, 16.4029, 0.310, 1.377, 0.004

0, 11, 22, 1, 64.1762, 16.4029, 0.220, 1.401, 0.004

1, 11, 23, 1, 64.1762, 16.4029, 0.310, 1.380, 0.004

0, 11, 22, 2, 64.1762, 16.4029, 0.220, 1.401, 0.004

1, 11, 23, 2, 64.1762, 16.4029, 0.310, 1.347, 0.004

0, 11, 22, 3, 64.1762, 16.4029, 0.220, 1.401, 0.004

1, 11, 23, 3, 64.1762, 16.4029, 0.320, 1.382, 0.004

0, 11, 22, 4, 64.1762, 16.4029, 0.220, 1.402, 0.004

1, 11, 23, 4, 64.1762, 16.4029, 0.310, 1.374, 0.004

0, 11, 22, 0, 64.1762, 16.6529, 0.220, 1.399, 0.004

1, 11, 23, 0, 64.1762, 16.6529, 0.310, 1.374, 0.004

0, 11, 22, 1, 64.1762, 16.6529, 0.220, 1.398, 0.004

1, 11, 23, 1, 64.1762, 16.6529, 0.320, 1.370, 0.004

0, 11, 22, 2, 64.1762, 16.6529, 0.220, 1.402, 0.004

1, 11, 23, 2, 64.1762, 16.6529, 0.310, 1.373, 0.004

0, 11, 22, 3, 64.1762, 16.6529, 0.220, 1.405, 0.004

1, 11, 23, 3, 64.1762, 16.6529, 0.300, 1.377, 0.004

0, 11, 22, 4, 64.1762, 16.6529, 0.220, 1.401, 0.004

1, 11, 23, 4, 64.1762, 16.6529, 0.310, 1.366, 0.004

0, 11, 22, 0, 64.1762, 16.9029, 0.220, 1.403, 0.004

1, 11, 23, 0, 64.1762, 16.9029, 0.310, 1.361, 0.004

0, 11, 22, 1, 64.1762, 16.9029, 0.220, 1.405, 0.004

1, 11, 23, 1, 64.1762, 16.9029, 0.320, 1.377, 0.004

0, 11, 22, 2, 64.1762, 16.9029, 0.220, 1.399, 0.004

1, 11, 23, 2, 64.1762, 16.9029, 0.320, 1.373, 0.004

0, 11, 22, 3, 64.1762, 16.9029, 0.220, 1.409, 0.004

1, 11, 23, 3, 64.1762, 16.9029, 0.310, 1.373, 0.004

0, 11, 22, 4, 64.1762, 16.9029, 0.210, 1.405, 0.004

1, 11, 23, 4, 64.1762, 16.9029, 0.310, 1.372, 0.004

0, 11, 22, 0, 64.1762, 17.1529, 0.220, 1.402, 0.004

1, 11, 23, 0, 64.1762, 17.1529, 0.320, 1.374, 0.004

0, 11, 22, 1, 64.1762, 17.1529, 0.220, 1.400, 0.004

1, 11, 23, 1, 64.1762, 17.1529, 0.310, 1.380, 0.004

0, 11, 22, 2, 64.1762, 17.1529, 0.220, 1.405, 0.004

1, 11, 23, 2, 64.1762, 17.1529, 0.310, 1.370, 0.004

0, 11, 22, 3, 64.1762, 17.1529, 0.220, 1.403, 0.004

1, 11, 23, 3, 64.1762, 17.1529, 0.310, 1.370, 0.004

0, 11, 22, 4, 64.1762, 17.1529, 0.220, 1.408, 0.004

1, 11, 23, 4, 64.1762, 17.1529, 0.320, 1.376, 0.004

0, 11, 22, 0, 64.1762, 17.4029, 0.220, 1.400, 0.004

1, 11, 23, 0, 64.1762, 17.4029, 0.320, 1.375, 0.004

0, 11, 22, 1, 64.1762, 17.4029, 0.220, 1.398, 0.004

1, 11, 23, 1, 64.1762, 17.4029, 0.330, 1.384, 0.004

0, 11, 22, 2, 64.1762, 17.4029, 0.220, 1.401, 0.004

1, 11, 23, 2, 64.1762, 17.4029, 0.320, 1.376, 0.004

0, 11, 22, 3, 64.1762, 17.4029, 0.220, 1.398, 0.004

1, 11, 23, 3, 64.1762, 17.4029, 0.320, 1.376, 0.004

0, 11, 22, 4, 64.1762, 17.4029, 0.220, 1.400, 0.004

1, 11, 23, 4, 64.1762, 17.4029, 0.310, 1.386, 0.004

0, 11, 22, 0, 64.1762, 17.6529, 0.220, 1.400, 0.004

1, 11, 23, 0, 64.1762, 17.6529, 0.310, 1.375, 0.004

0, 11, 22, 1, 64.1762, 17.6529, 0.210, 1.405, 0.004

1, 11, 23, 1, 64.1762, 17.6529, 0.300, 1.376, 0.004

0, 11, 22, 2, 64.1762, 17.6529, 0.220, 1.402, 0.004

1, 11, 23, 2, 64.1762, 17.6529, 0.310, 1.370, 0.004

0, 11, 22, 3, 64.1762, 17.6529, 0.220, 1.399, 0.004

1, 11, 23, 3, 64.1762, 17.6529, 0.300, 1.368, 0.004

0, 11, 22, 4, 64.1762, 17.6529, 0.220, 1.406, 0.004

1, 11, 23, 4, 64.1762, 17.6529, 0.320, 1.379, 0.004

0, 11, 22, 0, 64.1762, 17.9029, 0.220, 1.412, 0.004

1, 11, 23, 0, 64.1762, 17.9029, 0.320, 1.374, 0.004

0, 11, 22, 1, 64.1762, 17.9029, 0.220, 1.400, 0.004

1, 11, 23, 1, 64.1762, 17.9029, 0.310, 1.373, 0.004

0, 11, 22, 2, 64.1762, 17.9029, 0.220, 1.405, 0.004

1, 11, 23, 2, 64.1762, 17.9029, 0.310, 1.367, 0.004

0, 11, 22, 3, 64.1762, 17.9029, 0.220, 1.398, 0.004

1, 11, 23, 3, 64.1762, 17.9029, 0.310, 1.365, 0.004

0, 11, 22, 4, 64.1762, 17.9029, 0.220, 1.401, 0.004

1, 11, 23, 4, 64.1762, 17.9029, 0.320, 1.373, 0.004

0, 11, 22, 0, 64.1762, 18.1529, 0.220, 1.408, 0.004

1, 11, 23, 0, 64.1762, 18.1529, 0.320, 1.379, 0.004

0, 11, 22, 1, 64.1762, 18.1529, 0.220, 1.403, 0.004

1, 11, 23, 1, 64.1762, 18.1529, 0.310, 1.372, 0.004

0, 11, 22, 2, 64.1762, 18.1529, 0.220, 1.400, 0.004

1, 11, 23, 2, 64.1762, 18.1529, 0.310, 1.374, 0.004

0, 11, 22, 3, 64.1762, 18.1529, 0.220, 1.404, 0.004

1, 11, 23, 3, 64.1762, 18.1529, 0.300, 1.372, 0.004

0, 11, 22, 4, 64.1762, 18.1529, 0.220, 1.396, 0.004

1, 11, 23, 4, 64.1762, 18.1529, 0.310, 1.375, 0.004

0, 11, 22, 0, 64.1762, 18.4029, 0.220, 1.396, 0.004

1, 11, 23, 0, 64.1762, 18.4029, 0.310, 1.375, 0.004

0, 11, 22, 1, 64.1762, 18.4029, 0.220, 1.399, 0.004

1, 11, 23, 1, 64.1762, 18.4029, 0.320, 1.380, 0.004

0, 11, 22, 2, 64.1762, 18.4029, 0.220, 1.406, 0.004

1, 11, 23, 2, 64.1762, 18.4029, 0.320, 1.377, 0.004

0, 11, 22, 3, 64.1762, 18.4029, 0.220, 1.405, 0.004

1, 11, 23, 3, 64.1762, 18.4029, 0.320, 1.368, 0.004

0, 11, 22, 4, 64.1762, 18.4029, 0.220, 1.394, 0.004

1, 11, 23, 4, 64.1762, 18.4029, 0.310, 1.381, 0.004

0, 11, 22, 0, 64.1762, 18.6529, 0.220, 1.398, 0.004

1, 11, 23, 0, 64.1762, 18.6529, 0.320, 1.372, 0.004

0, 11, 22, 1, 64.1762, 18.6529, 0.220, 1.404, 0.004

1, 11, 23, 1, 64.1762, 18.6529, 0.300, 1.362, 0.004

0, 11, 22, 2, 64.1762, 18.6529, 0.220, 1.400, 0.004

1, 11, 23, 2, 64.1762, 18.6529, 0.320, 1.379, 0.004

0, 11, 22, 3, 64.1762, 18.6529, 0.220, 1.401, 0.004

1, 11, 23, 3, 64.1762, 18.6529, 0.320, 1.351, 0.004

0, 11, 22, 4, 64.1762, 18.6529, 0.220, 1.398, 0.004

1, 11, 23, 4, 64.1762, 18.6529, 0.300, 1.351, 0.004

0, 11, 22, 0, 64.1762, 18.9029, 0.220, 1.397, 0.004

1, 11, 23, 0, 64.1762, 18.9029, 0.310, 1.374, 0.004

0, 11, 22, 1, 64.1762, 18.9029, 0.220, 1.401, 0.004

1, 11, 23, 1, 64.1762, 18.9029, 0.320, 1.359, 0.004

0, 11, 22, 2, 64.1762, 18.9029, 0.220, 1.406, 0.004

1, 11, 23, 2, 64.1762, 18.9029, 0.310, 1.377, 0.004

0, 11, 22, 3, 64.1762, 18.9029, 0.210, 1.405, 0.004

1, 11, 23, 3, 64.1762, 18.9029, 0.300, 1.346, 0.004

0, 11, 22, 4, 64.1762, 18.9029, 0.210, 1.399, 0.004

1, 11, 23, 4, 64.1762, 18.9029, 0.320, 1.361, 0.004

0, 11, 22, 0, 64.1762, 19.1529, 0.220, 1.407, 0.004

1, 11, 23, 0, 64.1762, 19.1529, 0.300, 1.375, 0.004

0, 11, 22, 1, 64.1762, 19.1529, 0.220, 1.401, 0.004

1, 11, 23, 1, 64.1762, 19.1529, 0.310, 1.386, 0.004

0, 11, 22, 2, 64.1762, 19.1529, 0.220, 1.395, 0.004

1, 11, 23, 2, 64.1762, 19.1529, 0.320, 1.370, 0.004

0, 11, 22, 3, 64.1762, 19.1529, 0.220, 1.390, 0.004

1, 11, 23, 3, 64.1762, 19.1529, 0.300, 1.374, 0.004

0, 11, 22, 4, 64.1762, 19.1529, 0.220, 1.392, 0.004

1, 11, 23, 4, 64.1762, 19.1529, 0.310, 1.379, 0.004

0, 11, 22, 0, 64.1762, 19.4029, 0.220, 1.395, 0.004

1, 11, 23, 0, 64.1762, 19.4029, 0.310, 1.373, 0.004

0, 11, 22, 1, 64.1762, 19.4029, 0.220, 1.403, 0.004

1, 11, 23, 1, 64.1762, 19.4029, 0.320, 1.376, 0.004

0, 11, 22, 2, 64.1762, 19.4029, 0.220, 1.400, 0.004

1, 11, 23, 2, 64.1762, 19.4029, 0.310, 1.370, 0.004

0, 11, 22, 3, 64.1762, 19.4029, 0.220, 1.403, 0.004

1, 11, 23, 3, 64.1762, 19.4029, 0.310, 1.375, 0.004

0, 11, 22, 4, 64.1762, 19.4029, 0.220, 1.403, 0.004

1, 11, 23, 4, 64.1762, 19.4029, 0.320, 1.382, 0.004

0, 11, 22, 0, 64.1762, 19.6529, 0.220, 1.401, 0.004

1, 11, 23, 0, 64.1762, 19.6529, 0.310, 1.379, 0.004

0, 11, 22, 1, 64.1762, 19.6529, 0.220, 1.397, 0.004

1, 11, 23, 1, 64.1762, 19.6529, 0.320, 1.370, 0.004

0, 11, 22, 2, 64.1762, 19.6529, 0.220, 1.400, 0.004

1, 11, 23, 2, 64.1762, 19.6529, 0.310, 1.383, 0.004

0, 11, 22, 3, 64.1762, 19.6529, 0.220, 1.407, 0.004

1, 11, 23, 3, 64.1762, 19.6529, 0.310, 1.371, 0.004

0, 11, 22, 4, 64.1762, 19.6529, 0.220, 1.395, 0.004

1, 11, 23, 4, 64.1762, 19.6529, 0.310, 1.376, 0.004

0, 11, 22, 0, 64.1762, 19.9029, 0.220, 1.397, 0.004

1, 11, 23, 0, 64.1762, 19.9029, 0.320, 1.372, 0.004

0, 11, 22, 1, 64.1762, 19.9029, 0.220, 1.400, 0.004

1, 11, 23, 1, 64.1762, 19.9029, 0.310, 1.372, 0.004

0, 11, 22, 2, 64.1762, 19.9029, 0.220, 1.395, 0.004

1, 11, 23, 2, 64.1762, 19.9029, 0.300, 1.376, 0.004

0, 11, 22, 3, 64.1762, 19.9029, 0.220, 1.398, 0.004

1, 11, 23, 3, 64.1762, 19.9029, 0.320, 1.365, 0.004

0, 11, 22, 4, 64.1762, 19.9029, 0.220, 1.399, 0.004

1, 11, 23, 4, 64.1762, 19.9029, 0.310, 1.371, 0.004

0, 11, 22, 0, 0, 0, 0.220, 1.399, 0.004

1, 11, 23, 0, 0, 0, 0.170, 1.374, 0.004

0, 11, 22, 1, 0, 0, 0.220, 1.402, 0.004

1, 11, 23, 1, 0, 0, 0.170, 1.379, 0.004

0, 11, 22, 2, 0, 0, 0.220, 1.398, 0.004

1, 11, 23, 2, 0, 0, 0.170, 1.376, 0.004

0, 11, 22, 3, 0, 0, 0.220, 1.402, 0.004

1, 11, 23, 3, 0, 0, 0.170, 1.374, 0.004

0, 11, 22, 4, 0, 0, 0.220, 1.401, 0.004

1, 11, 23, 4, 0, 0, 0.180, 1.371, 0.004

0, 11, 22, 0, 64.1762, 20.1529, 0.220, 1.405, 0.004

1, 11, 23, 0, 64.1762, 20.1529, 0.310, 1.373, 0.004

0, 11, 22, 1, 64.1762, 20.1529, 0.220, 1.402, 0.004

1, 11, 23, 1, 64.1762, 20.1529, 0.320, 1.369, 0.004

0, 11, 22, 2, 64.1762, 20.1529, 0.220, 1.399, 0.004

1, 11, 23, 2, 64.1762, 20.1529, 0.320, 1.370, 0.004

0, 11, 22, 3, 64.1762, 20.1529, 0.220, 1.398, 0.004

1, 11, 23, 3, 64.1762, 20.1529, 0.310, 1.377, 0.004

0, 11, 22, 4, 64.1762, 20.1529, 0.220, 1.396, 0.004

1, 11, 23, 4, 64.1762, 20.1529, 0.310, 1.384, 0.004

0, 11, 22, 0, 64.1762, 20.4029, 0.220, 1.395, 0.004

1, 11, 23, 0, 64.1762, 20.4029, 0.320, 1.381, 0.004

0, 11, 22, 1, 64.1762, 20.4029, 0.220, 1.399, 0.004

1, 11, 23, 1, 64.1762, 20.4029, 0.310, 1.379, 0.004

0, 11, 22, 2, 64.1762, 20.4029, 0.220, 1.396, 0.004

1, 11, 23, 2, 64.1762, 20.4029, 0.300, 1.368, 0.004

0, 11, 22, 3, 64.1762, 20.4029, 0.220, 1.402, 0.004

1, 11, 23, 3, 64.1762, 20.4029, 0.310, 1.376, 0.004

0, 11, 22, 4, 64.1762, 20.4029, 0.220, 1.400, 0.004

1, 11, 23, 4, 64.1762, 20.4029, 0.310, 1.376, 0.004

0, 11, 22, 0, 64.1762, 20.6529, 0.220, 1.404, 0.004

1, 11, 23, 0, 64.1762, 20.6529, 0.310, 1.374, 0.004

0, 11, 22, 1, 64.1762, 20.6529, 0.220, 1.396, 0.004

1, 11, 23, 1, 64.1762, 20.6529, 0.310, 1.379, 0.004

0, 11, 22, 2, 64.1762, 20.6529, 0.220, 1.408, 0.004

1, 11, 23, 2, 64.1762, 20.6529, 0.300, 1.377, 0.004

0, 11, 22, 3, 64.1762, 20.6529, 0.220, 1.400, 0.004

1, 11, 23, 3, 64.1762, 20.6529, 0.310, 1.372, 0.004

0, 11, 22, 4, 64.1762, 20.6529, 0.220, 1.398, 0.004

1, 11, 23, 4, 64.1762, 20.6529, 0.310, 1.378, 0.004

0, 11, 22, 0, 64.1762, 20.9029, 0.220, 1.398, 0.004

1, 11, 23, 0, 64.1762, 20.9029, 0.300, 1.385, 0.004

0, 11, 22, 1, 64.1762, 20.9029, 0.220, 1.400, 0.004

1, 11, 23, 1, 64.1762, 20.9029, 0.310, 1.378, 0.004

0, 11, 22, 2, 64.1762, 20.9029, 0.220, 1.399, 0.004

1, 11, 23, 2, 64.1762, 20.9029, 0.310, 1.374, 0.004

0, 11, 22, 3, 64.1762, 20.9029, 0.220, 1.412, 0.004

1, 11, 23, 3, 64.1762, 20.9029, 0.300, 1.379, 0.004

0, 11, 22, 4, 64.1762, 20.9029, 0.220, 1.399, 0.004

1, 11, 23, 4, 64.1762, 20.9029, 0.300, 1.380, 0.004

0, 11, 22, 0, 64.1762, 21.1529, 0.220, 1.392, 0.004

1, 11, 23, 0, 64.1762, 21.1529, 0.300, 1.376, 0.004

0, 11, 22, 1, 64.1762, 21.1529, 0.220, 1.400, 0.004

1, 11, 23, 1, 64.1762, 21.1529, 0.320, 1.374, 0.004

0, 11, 22, 2, 64.1762, 21.1529, 0.220, 1.403, 0.004

1, 11, 23, 2, 64.1762, 21.1529, 0.310, 1.379, 0.004

0, 11, 22, 3, 64.1762, 21.1529, 0.220, 1.400, 0.004

1, 11, 23, 3, 64.1762, 21.1529, 0.300, 1.380, 0.004

0, 11, 22, 4, 64.1762, 21.1529, 0.220, 1.397, 0.004

1, 11, 23, 4, 64.1762, 21.1529, 0.310, 1.356, 0.004

0, 11, 22, 0, 64.1762, 21.4029, 0.220, 1.400, 0.004

1, 11, 23, 0, 64.1762, 21.4029, 0.320, 1.378, 0.004

0, 11, 22, 1, 64.1762, 21.4029, 0.220, 1.406, 0.004

1, 11, 23, 1, 64.1762, 21.4029, 0.310, 1.384, 0.004

0, 11, 22, 2, 64.1762, 21.4029, 0.220, 1.407, 0.004

1, 11, 23, 2, 64.1762, 21.4029, 0.300, 1.358, 0.004

0, 11, 22, 3, 64.1762, 21.4029, 0.220, 1.399, 0.004

1, 11, 23, 3, 64.1762, 21.4029, 0.300, 1.374, 0.004

0, 11, 22, 4, 64.1762, 21.4029, 0.220, 1.405, 0.004

1, 11, 23, 4, 64.1762, 21.4029, 0.310, 1.367, 0.004

0, 11, 22, 0, 64.1762, 21.6529, 0.220, 1.407, 0.004

1, 11, 23, 0, 64.1762, 21.6529, 0.300, 1.352, 0.004

0, 11, 22, 1, 64.1762, 21.6529, 0.220, 1.404, 0.004

1, 11, 23, 1, 64.1762, 21.6529, 0.290, 1.377, 0.004

0, 11, 22, 2, 64.1762, 21.6529, 0.220, 1.400, 0.004

1, 11, 23, 2, 64.1762, 21.6529, 0.290, 1.373, 0.004

0, 11, 22, 3, 64.1762, 21.6529, 0.220, 1.396, 0.004

1, 11, 23, 3, 64.1762, 21.6529, 0.300, 1.379, 0.004

0, 11, 22, 4, 64.1762, 21.6529, 0.220, 1.406, 0.004

1, 11, 23, 4, 64.1762, 21.6529, 0.300, 1.384, 0.004

0, 11, 22, 0, 64.1762, 21.9029, 0.220, 1.403, 0.004

1, 11, 23, 0, 64.1762, 21.9029, 0.280, 1.374, 0.004

0, 11, 22, 1, 64.1762, 21.9029, 0.220, 1.404, 0.004

1, 11, 23, 1, 64.1762, 21.9029, 0.280, 1.371, 0.004

0, 11, 22, 2, 64.1762, 21.9029, 0.220, 1.399, 0.004

1, 11, 23, 2, 64.1762, 21.9029, 0.290, 1.381, 0.004

0, 11, 22, 3, 64.1762, 21.9029, 0.220, 1.408, 0.004

1, 11, 23, 3, 64.1762, 21.9029, 0.280, 1.382, 0.004

0, 11, 22, 4, 64.1762, 21.9029, 0.220, 1.398, 0.004

1, 11, 23, 4, 64.1762, 21.9029, 0.280, 1.366, 0.004

0, 11, 22, 0, 64.1762, 22.1529, 0.220, 1.404, 0.004

1, 11, 23, 0, 64.1762, 22.1529, 0.270, 1.376, 0.004

0, 11, 22, 1, 64.1762, 22.1529, 0.220, 1.398, 0.004

1, 11, 23, 1, 64.1762, 22.1529, 0.280, 1.376, 0.004

0, 11, 22, 2, 64.1762, 22.1529, 0.220, 1.400, 0.004

1, 11, 23, 2, 64.1762, 22.1529, 0.280, 1.378, 0.004

0, 11, 22, 3, 64.1762, 22.1529, 0.220, 1.398, 0.004

1, 11, 23, 3, 64.1762, 22.1529, 0.280, 1.386, 0.004

0, 11, 22, 4, 64.1762, 22.1529, 0.220, 1.398, 0.004

1, 11, 23, 4, 64.1762, 22.1529, 0.270, 1.379, 0.004

0, 11, 22, 0, 64.1762, 22.4029, 0.220, 1.409, 0.004

1, 11, 23, 0, 64.1762, 22.4029, 0.270, 1.380, 0.004

0, 11, 22, 1, 64.1762, 22.4029, 0.220, 1.399, 0.004

1, 11, 23, 1, 64.1762, 22.4029, 0.270, 1.384, 0.004

0, 11, 22, 2, 64.1762, 22.4029, 0.220, 1.401, 0.004

1, 11, 23, 2, 64.1762, 22.4029, 0.280, 1.377, 0.004

0, 11, 22, 3, 64.1762, 22.4029, 0.220, 1.402, 0.004

1, 11, 23, 3, 64.1762, 22.4029, 0.270, 1.382, 0.004

0, 11, 22, 4, 64.1762, 22.4029, 0.220, 1.405, 0.004

1, 11, 23, 4, 64.1762, 22.4029, 0.280, 1.377, 0.004

0, 11, 22, 0, 64.1762, 22.6529, 0.220, 1.402, 0.004

1, 11, 23, 0, 64.1762, 22.6529, 0.280, 1.372, 0.004

0, 11, 22, 1, 64.1762, 22.6529, 0.220, 1.404, 0.004

1, 11, 23, 1, 64.1762, 22.6529, 0.280, 1.369, 0.004

0, 11, 22, 2, 64.1762, 22.6529, 0.220, 1.399, 0.004

1, 11, 23, 2, 64.1762, 22.6529, 0.270, 1.372, 0.004

0, 11, 22, 3, 64.1762, 22.6529, 0.230, 1.394, 0.004

1, 11, 23, 3, 64.1762, 22.6529, 0.280, 1.371, 0.004

0, 11, 22, 4, 64.1762, 22.6529, 0.220, 1.408, 0.004

1, 11, 23, 4, 64.1762, 22.6529, 0.280, 1.382, 0.004

0, 11, 22, 0, 64.1762, 22.9029, 0.220, 1.393, 0.004

1, 11, 23, 0, 64.1762, 22.9029, 0.250, 1.372, 0.004

0, 11, 22, 1, 64.1762, 22.9029, 0.220, 1.404, 0.004

1, 11, 23, 1, 64.1762, 22.9029, 0.250, 1.374, 0.004

0, 11, 22, 2, 64.1762, 22.9029, 0.220, 1.408, 0.004

1, 11, 23, 2, 64.1762, 22.9029, 0.260, 1.376, 0.004

0, 11, 22, 3, 64.1762, 22.9029, 0.220, 1.403, 0.004

1, 11, 23, 3, 64.1762, 22.9029, 0.250, 1.379, 0.004

0, 11, 22, 4, 64.1762, 22.9029, 0.220, 1.403, 0.004

1, 11, 23, 4, 64.1762, 22.9029, 0.260, 1.378, 0.004

0, 11, 22, 0, 64.1762, 23.1529, 0.220, 1.407, 0.004

1, 11, 23, 0, 64.1762, 23.1529, 0.230, 1.370, 0.004

0, 11, 22, 1, 64.1762, 23.1529, 0.220, 1.400, 0.004

1, 11, 23, 1, 64.1762, 23.1529, 0.230, 1.373, 0.004

0, 11, 22, 2, 64.1762, 23.1529, 0.220, 1.399, 0.004

1, 11, 23, 2, 64.1762, 23.1529, 0.230, 1.372, 0.004

0, 11, 22, 3, 64.1762, 23.1529, 0.220, 1.405, 0.004

1, 11, 23, 3, 64.1762, 23.1529, 0.230, 1.378, 0.004

0, 11, 22, 4, 64.1762, 23.1529, 0.220, 1.400, 0.004

1, 11, 23, 4, 64.1762, 23.1529, 0.230, 1.371, 0.004

0, 11, 22, 0, 64.1762, 23.4029, 0.220, 1.400, 0.004

1, 11, 23, 0, 64.1762, 23.4029, 0.200, 1.373, 0.004

0, 11, 22, 1, 64.1762, 23.4029, 0.220, 1.404, 0.004

1, 11, 23, 1, 64.1762, 23.4029, 0.200, 1.374, 0.004

0, 11, 22, 2, 64.1762, 23.4029, 0.220, 1.390, 0.004

1, 11, 23, 2, 64.1762, 23.4029, 0.200, 1.370, 0.004

0, 11, 22, 3, 64.1762, 23.4029, 0.220, 1.410, 0.004

1, 11, 23, 3, 64.1762, 23.4029, 0.200, 1.364, 0.004

0, 11, 22, 4, 64.1762, 23.4029, 0.220, 1.402, 0.004

1, 11, 23, 4, 64.1762, 23.4029, 0.200, 1.383, 0.004

0, 11, 22, 0, 64.1762, 23.6529, 0.220, 1.406, 0.004

1, 11, 23, 0, 64.1762, 23.6529, 0.180, 1.383, 0.004

0, 11, 22, 1, 64.1762, 23.6529, 0.220, 1.404, 0.004

1, 11, 23, 1, 64.1762, 23.6529, 0.180, 1.381, 0.004

0, 11, 22, 2, 64.1762, 23.6529, 0.220, 1.400, 0.004

1, 11, 23, 2, 64.1762, 23.6529, 0.180, 1.371, 0.004

0, 11, 22, 3, 64.1762, 23.6529, 0.220, 1.401, 0.004

1, 11, 23, 3, 64.1762, 23.6529, 0.180, 1.374, 0.004

0, 11, 22, 4, 64.1762, 23.6529, 0.220, 1.403, 0.004

1, 11, 23, 4, 64.1762, 23.6529, 0.180, 1.383, 0.004

0, 11, 22, 0, 64.1762, 23.9029, 0.230, 1.403, 0.004

1, 11, 23, 0, 64.1762, 23.9029, 0.170, 1.374, 0.004

0, 11, 22, 1, 64.1762, 23.9029, 0.220, 1.398, 0.004

1, 11, 23, 1, 64.1762, 23.9029, 0.180, 1.372, 0.004

0, 11, 22, 2, 64.1762, 23.9029, 0.220, 1.401, 0.004

1, 11, 23, 2, 64.1762, 23.9029, 0.170, 1.377, 0.004

0, 11, 22, 3, 64.1762, 23.9029, 0.220, 1.400, 0.004

1, 11, 23, 3, 64.1762, 23.9029, 0.170, 1.375, 0.004

0, 11, 22, 4, 64.1762, 23.9029, 0.220, 1.392, 0.004

1, 11, 23, 4, 64.1762, 23.9029, 0.170, 1.380, 0.004

0, 11, 22, 0, 64.1762, 24.1529, 0.230, 1.398, 0.004

1, 11, 23, 0, 64.1762, 24.1529, 0.170, 1.380, 0.004

0, 11, 22, 1, 64.1762, 24.1529, 0.230, 1.399, 0.004

1, 11, 23, 1, 64.1762, 24.1529, 0.180, 1.376, 0.004

0, 11, 22, 2, 64.1762, 24.1529, 0.220, 1.394, 0.004

1, 11, 23, 2, 64.1762, 24.1529, 0.180, 1.386, 0.004

0, 11, 22, 3, 64.1762, 24.1529, 0.230, 1.402, 0.004

1, 11, 23, 3, 64.1762, 24.1529, 0.170, 1.381, 0.004

0, 11, 22, 4, 64.1762, 24.1529, 0.230, 1.394, 0.004

1, 11, 23, 4, 64.1762, 24.1529, 0.180, 1.382, 0.004

0, 11, 22, 0, 64.1762, 24.4029, 0.240, 1.400, 0.004

1, 11, 23, 0, 64.1762, 24.4029, 0.170, 1.380, 0.004

0, 11, 22, 1, 64.1762, 24.4029, 0.240, 1.397, 0.004

1, 11, 23, 1, 64.1762, 24.4029, 0.170, 1.382, 0.004

0, 11, 22, 2, 64.1762, 24.4029, 0.230, 1.401, 0.004

1, 11, 23, 2, 64.1762, 24.4029, 0.170, 1.381, 0.004

0, 11, 22, 3, 64.1762, 24.4029, 0.240, 1.396, 0.004

1, 11, 23, 3, 64.1762, 24.4029, 0.170, 1.383, 0.004

0, 11, 22, 4, 64.1762, 24.4029, 0.230, 1.402, 0.004

1, 11, 23, 4, 64.1762, 24.4029, 0.170, 1.376, 0.004

0, 11, 22, 0, 64.1762, 24.6529, 0.260, 1.401, 0.004

1, 11, 23, 0, 64.1762, 24.6529, 0.170, 1.368, 0.004

0, 11, 22, 1, 64.1762, 24.6529, 0.260, 1.395, 0.004

1, 11, 23, 1, 64.1762, 24.6529, 0.170, 1.377, 0.004

0, 11, 22, 2, 64.1762, 24.6529, 0.260, 1.400, 0.004

1, 11, 23, 2, 64.1762, 24.6529, 0.170, 1.371, 0.004

0, 11, 22, 3, 64.1762, 24.6529, 0.260, 1.395, 0.004

1, 11, 23, 3, 64.1762, 24.6529, 0.170, 1.388, 0.004

0, 11, 22, 4, 64.1762, 24.6529, 0.260, 1.398, 0.004

1, 11, 23, 4, 64.1762, 24.6529, 0.180, 1.377, 0.004

0, 11, 22, 0, 64.1762, 24.9029, 0.290, 1.396, 0.004

1, 11, 23, 0, 64.1762, 24.9029, 0.170, 1.382, 0.004

0, 11, 22, 1, 64.1762, 24.9029, 0.290, 1.402, 0.004

1, 11, 23, 1, 64.1762, 24.9029, 0.180, 1.385, 0.004

0, 11, 22, 2, 64.1762, 24.9029, 0.290, 1.400, 0.004

1, 11, 23, 2, 64.1762, 24.9029, 0.170, 1.377, 0.004

0, 11, 22, 3, 64.1762, 24.9029, 0.280, 1.398, 0.004

1, 11, 23, 3, 64.1762, 24.9029, 0.170, 1.381, 0.004

0, 11, 22, 4, 64.1762, 24.9029, 0.290, 1.398, 0.004

1, 11, 23, 4, 64.1762, 24.9029, 0.170, 1.382, 0.004

0, 11, 22, 0, 0, 0, 0.220, 1.396, 0.004

1, 11, 23, 0, 0, 0, 0.170, 1.374, 0.004

0, 11, 22, 1, 0, 0, 0.220, 1.401, 0.004

1, 11, 23, 1, 0, 0, 0.170, 1.370, 0.004

0, 11, 22, 2, 0, 0, 0.220, 1.396, 0.004

1, 11, 23, 2, 0, 0, 0.170, 1.370, 0.004

0, 11, 22, 3, 0, 0, 0.210, 1.401, 0.004

1, 11, 23, 3, 0, 0, 0.170, 1.378, 0.004

0, 11, 22, 4, 0, 0, 0.220, 1.397, 0.004

1, 11, 23, 4, 0, 0, 0.170, 1.374, 0.004

0, 11, 22, 0, 64.1762, 25.1529, 0.310, 1.394, 0.004

1, 11, 23, 0, 64.1762, 25.1529, 0.170, 1.378, 0.004

0, 11, 22, 1, 64.1762, 25.1529, 0.320, 1.407, 0.004

1, 11, 23, 1, 64.1762, 25.1529, 0.170, 1.384, 0.004

0, 11, 22, 2, 64.1762, 25.1529, 0.310, 1.403, 0.004

1, 11, 23, 2, 64.1762, 25.1529, 0.180, 1.380, 0.004

0, 11, 22, 3, 64.1762, 25.1529, 0.310, 1.402, 0.004

1, 11, 23, 3, 64.1762, 25.1529, 0.170, 1.377, 0.004

0, 11, 22, 4, 64.1762, 25.1529, 0.310, 1.393, 0.004

1, 11, 23, 4, 64.1762, 25.1529, 0.170, 1.382, 0.004

0, 11, 22, 0, 64.1762, 25.4029, 0.310, 1.405, 0.004

1, 11, 23, 0, 64.1762, 25.4029, 0.170, 1.374, 0.004

0, 11, 22, 1, 64.1762, 25.4029, 0.310, 1.392, 0.004

1, 11, 23, 1, 64.1762, 25.4029, 0.170, 1.378, 0.004

0, 11, 22, 2, 64.1762, 25.4029, 0.310, 1.396, 0.004

1, 11, 23, 2, 64.1762, 25.4029, 0.170, 1.377, 0.004

0, 11, 22, 3, 64.1762, 25.4029, 0.310, 1.403, 0.004

1, 11, 23, 3, 64.1762, 25.4029, 0.170, 1.377, 0.004

0, 11, 22, 4, 64.1762, 25.4029, 0.310, 1.404, 0.004

1, 11, 23, 4, 64.1762, 25.4029, 0.170, 1.370, 0.004

0, 11, 22, 0, 64.1762, 25.6529, 0.310, 1.408, 0.004

1, 11, 23, 0, 64.1762, 25.6529, 0.170, 1.385, 0.004

0, 11, 22, 1, 64.1762, 25.6529, 0.310, 1.393, 0.004

1, 11, 23, 1, 64.1762, 25.6529, 0.170, 1.368, 0.004

0, 11, 22, 2, 64.1762, 25.6529, 0.290, 1.404, 0.004

1, 11, 23, 2, 64.1762, 25.6529, 0.170, 1.374, 0.004

0, 11, 22, 3, 64.1762, 25.6529, 0.310, 1.392, 0.004

1, 11, 23, 3, 64.1762, 25.6529, 0.180, 1.377, 0.004

0, 11, 22, 4, 64.1762, 25.6529, 0.300, 1.394, 0.004

1, 11, 23, 4, 64.1762, 25.6529, 0.170, 1.362, 0.004

0, 11, 22, 0, 64.1762, 25.9029, 0.300, 1.402, 0.004

1, 11, 23, 0, 64.1762, 25.9029, 0.170, 1.373, 0.004

0, 11, 22, 1, 64.1762, 25.9029, 0.310, 1.396, 0.004

1, 11, 23, 1, 64.1762, 25.9029, 0.170, 1.387, 0.004

0, 11, 22, 2, 64.1762, 25.9029, 0.300, 1.387, 0.004

1, 11, 23, 2, 64.1762, 25.9029, 0.170, 1.372, 0.004

0, 11, 22, 3, 64.1762, 25.9029, 0.310, 1.398, 0.004

1, 11, 23, 3, 64.1762, 25.9029, 0.170, 1.377, 0.004

0, 11, 22, 4, 64.1762, 25.9029, 0.310, 1.404, 0.004

1, 11, 23, 4, 64.1762, 25.9029, 0.170, 1.373, 0.004

0, 11, 22, 0, 64.1762, 26.1529, 0.320, 1.397, 0.004

1, 11, 23, 0, 64.1762, 26.1529, 0.170, 1.383, 0.004

0, 11, 22, 1, 64.1762, 26.1529, 0.320, 1.398, 0.004

1, 11, 23, 1, 64.1762, 26.1529, 0.170, 1.378, 0.004

0, 11, 22, 2, 64.1762, 26.1529, 0.320, 1.398, 0.004

1, 11, 23, 2, 64.1762, 26.1529, 0.180, 1.382, 0.004

0, 11, 22, 3, 64.1762, 26.1529, 0.320, 1.402, 0.004

1, 11, 23, 3, 64.1762, 26.1529, 0.170, 1.376, 0.004

0, 11, 22, 4, 64.1762, 26.1529, 0.320, 1.393, 0.004

1, 11, 23, 4, 64.1762, 26.1529, 0.170, 1.376, 0.004

0, 11, 22, 0, 64.1762, 26.4029, 0.320, 1.413, 0.004

1, 11, 23, 0, 64.1762, 26.4029, 0.170, 1.382, 0.004

0, 11, 22, 1, 64.1762, 26.4029, 0.330, 1.402, 0.004

1, 11, 23, 1, 64.1762, 26.4029, 0.180, 1.371, 0.004

0, 11, 22, 2, 64.1762, 26.4029, 0.330, 1.385, 0.004

1, 11, 23, 2, 64.1762, 26.4029, 0.170, 1.380, 0.004

0, 11, 22, 3, 64.1762, 26.4029, 0.330, 1.403, 0.004

1, 11, 23, 3, 64.1762, 26.4029, 0.170, 1.375, 0.004

0, 11, 22, 4, 64.1762, 26.4029, 0.330, 1.399, 0.004

1, 11, 23, 4, 64.1762, 26.4029, 0.170, 1.377, 0.004

0, 11, 22, 0, 64.1762, 26.6529, 0.330, 1.400, 0.004

1, 11, 23, 0, 64.1762, 26.6529, 0.170, 1.381, 0.004

0, 11, 22, 1, 64.1762, 26.6529, 0.330, 1.413, 0.004

1, 11, 23, 1, 64.1762, 26.6529, 0.170, 1.378, 0.004

0, 11, 22, 2, 64.1762, 26.6529, 0.330, 1.386, 0.004

1, 11, 23, 2, 64.1762, 26.6529, 0.170, 1.371, 0.004

0, 11, 22, 3, 64.1762, 26.6529, 0.330, 1.404, 0.004

1, 11, 23, 3, 64.1762, 26.6529, 0.170, 1.376, 0.004

0, 11, 22, 4, 64.1762, 26.6529, 0.330, 1.397, 0.004

1, 11, 23, 4, 64.1762, 26.6529, 0.170, 1.366, 0.004

0, 11, 22, 0, 64.1762, 26.9029, 0.330, 1.393, 0.004

1, 11, 23, 0, 64.1762, 26.9029, 0.170, 1.382, 0.004

0, 11, 22, 1, 64.1762, 26.9029, 0.360, 1.405, 0.004

1, 11, 23, 1, 64.1762, 26.9029, 0.170, 1.375, 0.004

0, 11, 22, 2, 64.1762, 26.9029, 0.330, 1.401, 0.004

1, 11, 23, 2, 64.1762, 26.9029, 0.170, 1.378, 0.004

0, 11, 22, 3, 64.1762, 26.9029, 0.340, 1.405, 0.004

1, 11, 23, 3, 64.1762, 26.9029, 0.170, 1.383, 0.004

0, 11, 22, 4, 64.1762, 26.9029, 0.340, 1.398, 0.004

1, 11, 23, 4, 64.1762, 26.9029, 0.170, 1.374, 0.004

0, 11, 22, 0, 64.1762, 27.1529, 0.330, 1.408, 0.004

1, 11, 23, 0, 64.1762, 27.1529, 0.170, 1.374, 0.004

0, 11, 22, 1, 64.1762, 27.1529, 0.330, 1.400, 0.004

1, 11, 23, 1, 64.1762, 27.1529, 0.170, 1.372, 0.004

0, 11, 22, 2, 64.1762, 27.1529, 0.330, 1.398, 0.004

1, 11, 23, 2, 64.1762, 27.1529, 0.170, 1.374, 0.004

0, 11, 22, 3, 64.1762, 27.1529, 0.320, 1.410, 0.004

1, 11, 23, 3, 64.1762, 27.1529, 0.180, 1.383, 0.004

0, 11, 22, 4, 64.1762, 27.1529, 0.330, 1.401, 0.004

1, 11, 23, 4, 64.1762, 27.1529, 0.170, 1.381, 0.004

0, 11, 22, 0, 64.1762, 27.4029, 0.320, 1.403, 0.004

1, 11, 23, 0, 64.1762, 27.4029, 0.170, 1.372, 0.004

0, 11, 22, 1, 64.1762, 27.4029, 0.330, 1.393, 0.004

1, 11, 23, 1, 64.1762, 27.4029, 0.170, 1.386, 0.004

0, 11, 22, 2, 64.1762, 27.4029, 0.340, 1.399, 0.004

1, 11, 23, 2, 64.1762, 27.4029, 0.170, 1.381, 0.004

0, 11, 22, 3, 64.1762, 27.4029, 0.330, 1.409, 0.004

1, 11, 23, 3, 64.1762, 27.4029, 0.170, 1.376, 0.004

0, 11, 22, 4, 64.1762, 27.4029, 0.330, 1.403, 0.004

1, 11, 23, 4, 64.1762, 27.4029, 0.170, 1.378, 0.004

0, 11, 22, 0, 64.1762, 27.6529, 0.340, 1.394, 0.004

1, 11, 23, 0, 64.1762, 27.6529, 0.170, 1.381, 0.004

0, 11, 22, 1, 64.1762, 27.6529, 0.330, 1.400, 0.004

1, 11, 23, 1, 64.1762, 27.6529, 0.180, 1.378, 0.004

0, 11, 22, 2, 64.1762, 27.6529, 0.330, 1.404, 0.004

1, 11, 23, 2, 64.1762, 27.6529, 0.170, 1.372, 0.004

0, 11, 22, 3, 64.1762, 27.6529, 0.340, 1.374, 0.004

1, 11, 23, 3, 64.1762, 27.6529, 0.180, 1.383, 0.004

0, 11, 22, 4, 64.1762, 27.6529, 0.330, 1.401, 0.004

1, 11, 23, 4, 64.1762, 27.6529, 0.170, 1.371, 0.004

0, 11, 22, 0, 64.1762, 27.9029, 0.340, 1.399, 0.004

1, 11, 23, 0, 64.1762, 27.9029, 0.170, 1.378, 0.004

0, 11, 22, 1, 64.1762, 27.9029, 0.330, 1.394, 0.004

1, 11, 23, 1, 64.1762, 27.9029, 0.170, 1.377, 0.004

0, 11, 22, 2, 64.1762, 27.9029, 0.340, 1.402, 0.004

1, 11, 23, 2, 64.1762, 27.9029, 0.170, 1.375, 0.004

0, 11, 22, 3, 64.1762, 27.9029, 0.330, 1.401, 0.004

1, 11, 23, 3, 64.1762, 27.9029, 0.170, 1.374, 0.004

0, 11, 22, 4, 64.1762, 27.9029, 0.330, 1.408, 0.004

1, 11, 23, 4, 64.1762, 27.9029, 0.170, 1.371, 0.004

0, 11, 22, 0, 64.1762, 28.1529, 0.340, 1.404, 0.004

1, 11, 23, 0, 64.1762, 28.1529, 0.170, 1.377, 0.004

0, 11, 22, 1, 64.1762, 28.1529, 0.330, 1.399, 0.004

1, 11, 23, 1, 64.1762, 28.1529, 0.170, 1.376, 0.004

0, 11, 22, 2, 64.1762, 28.1529, 0.340, 1.386, 0.004

1, 11, 23, 2, 64.1762, 28.1529, 0.170, 1.383, 0.004

0, 11, 22, 3, 64.1762, 28.1529, 0.340, 1.388, 0.004

1, 11, 23, 3, 64.1762, 28.1529, 0.170, 1.381, 0.004

0, 11, 22, 4, 64.1762, 28.1529, 0.330, 1.397, 0.004

1, 11, 23, 4, 64.1762, 28.1529, 0.170, 1.368, 0.004

0, 11, 22, 0, 64.1762, 28.4029, 0.340, 1.403, 0.004

1, 11, 23, 0, 64.1762, 28.4029, 0.170, 1.377, 0.004

0, 11, 22, 1, 64.1762, 28.4029, 0.340, 1.405, 0.004

1, 11, 23, 1, 64.1762, 28.4029, 0.170, 1.372, 0.004

0, 11, 22, 2, 64.1762, 28.4029, 0.330, 1.401, 0.004

1, 11, 23, 2, 64.1762, 28.4029, 0.170, 1.380, 0.004

0, 11, 22, 3, 64.1762, 28.4029, 0.330, 1.409, 0.004

1, 11, 23, 3, 64.1762, 28.4029, 0.170, 1.387, 0.004

0, 11, 22, 4, 64.1762, 28.4029, 0.330, 1.404, 0.004

1, 11, 23, 4, 64.1762, 28.4029, 0.170, 1.381, 0.004

0, 11, 22, 0, 64.1762, 28.6529, 0.330, 1.406, 0.004

1, 11, 23, 0, 64.1762, 28.6529, 0.170, 1.378, 0.004

0, 11, 22, 1, 64.1762, 28.6529, 0.340, 1.402, 0.004

1, 11, 23, 1, 64.1762, 28.6529, 0.170, 1.381, 0.004

0, 11, 22, 2, 64.1762, 28.6529, 0.330, 1.414, 0.004

1, 11, 23, 2, 64.1762, 28.6529, 0.170, 1.369, 0.004

0, 11, 22, 3, 64.1762, 28.6529, 0.340, 1.407, 0.004

1, 11, 23, 3, 64.1762, 28.6529, 0.170, 1.381, 0.004

0, 11, 22, 4, 64.1762, 28.6529, 0.340, 1.371, 0.004

1, 11, 23, 4, 64.1762, 28.6529, 0.170, 1.382, 0.004

0, 11, 22, 0, 64.1762, 28.9029, 0.330, 1.396, 0.004

1, 11, 23, 0, 64.1762, 28.9029, 0.170, 1.375, 0.004

0, 11, 22, 1, 64.1762, 28.9029, 0.330, 1.398, 0.004

1, 11, 23, 1, 64.1762, 28.9029, 0.170, 1.377, 0.004

0, 11, 22, 2, 64.1762, 28.9029, 0.330, 1.406, 0.004

1, 11, 23, 2, 64.1762, 28.9029, 0.170, 1.380, 0.004

0, 11, 22, 3, 64.1762, 28.9029, 0.330, 1.385, 0.004

1, 11, 23, 3, 64.1762, 28.9029, 0.170, 1.381, 0.004

0, 11, 22, 4, 64.1762, 28.9029, 0.340, 1.398, 0.004

1, 11, 23, 4, 64.1762, 28.9029, 0.170, 1.371, 0.004

0, 11, 22, 0, 64.1762, 29.1529, 0.340, 1.406, 0.004

1, 11, 23, 0, 64.1762, 29.1529, 0.170, 1.375, 0.004

0, 11, 22, 1, 64.1762, 29.1529, 0.340, 1.403, 0.004

1, 11, 23, 1, 64.1762, 29.1529, 0.170, 1.367, 0.004

0, 11, 22, 2, 64.1762, 29.1529, 0.330, 1.391, 0.004

1, 11, 23, 2, 64.1762, 29.1529, 0.170, 1.384, 0.004

0, 11, 22, 3, 64.1762, 29.1529, 0.340, 1.396, 0.004

1, 11, 23, 3, 64.1762, 29.1529, 0.170, 1.381, 0.004

0, 11, 22, 4, 64.1762, 29.1529, 0.330, 1.404, 0.004

1, 11, 23, 4, 64.1762, 29.1529, 0.170, 1.378, 0.004

0, 11, 22, 0, 64.1762, 29.4029, 0.340, 1.401, 0.004

1, 11, 23, 0, 64.1762, 29.4029, 0.170, 1.367, 0.004

0, 11, 22, 1, 64.1762, 29.4029, 0.340, 1.398, 0.004

1, 11, 23, 1, 64.1762, 29.4029, 0.170, 1.374, 0.004

0, 11, 22, 2, 64.1762, 29.4029, 0.330, 1.402, 0.004

1, 11, 23, 2, 64.1762, 29.4029, 0.170, 1.382, 0.004

0, 11, 22, 3, 64.1762, 29.4029, 0.330, 1.397, 0.004

1, 11, 23, 3, 64.1762, 29.4029, 0.170, 1.374, 0.004

0, 11, 22, 4, 64.1762, 29.4029, 0.340, 1.401, 0.004

1, 11, 23, 4, 64.1762, 29.4029, 0.170, 1.380, 0.004

0, 11, 22, 0, 64.1762, 29.6529, 0.330, 1.398, 0.004

1, 11, 23, 0, 64.1762, 29.6529, 0.170, 1.378, 0.004

0, 11, 22, 1, 64.1762, 29.6529, 0.340, 1.413, 0.004

1, 11, 23, 1, 64.1762, 29.6529, 0.170, 1.380, 0.004

0, 11, 22, 2, 64.1762, 29.6529, 0.340, 1.386, 0.004

1, 11, 23, 2, 64.1762, 29.6529, 0.170, 1.381, 0.004

0, 11, 22, 3, 64.1762, 29.6529, 0.340, 1.401, 0.004

1, 11, 23, 3, 64.1762, 29.6529, 0.170, 1.378, 0.004

0, 11, 22, 4, 64.1762, 29.6529, 0.340, 1.399, 0.004

1, 11, 23, 4, 64.1762, 29.6529, 0.170, 1.377, 0.004

0, 11, 22, 0, 64.1762, 29.9029, 0.330, 1.401, 0.004

1, 11, 23, 0, 64.1762, 29.9029, 0.170, 1.386, 0.004

0, 11, 22, 1, 64.1762, 29.9029, 0.340, 1.397, 0.004

1, 11, 23, 1, 64.1762, 29.9029, 0.170, 1.375, 0.004

0, 11, 22, 2, 64.1762, 29.9029, 0.340, 1.405, 0.004

1, 11, 23, 2, 64.1762, 29.9029, 0.180, 1.375, 0.004

0, 11, 22, 3, 64.1762, 29.9029, 0.340, 1.394, 0.004

1, 11, 23, 3, 64.1762, 29.9029, 0.170, 1.379, 0.004

0, 11, 22, 4, 64.1762, 29.9029, 0.330, 1.397, 0.004

1, 11, 23, 4, 64.1762, 29.9029, 0.170, 1.378, 0.004

0, 11, 22, 0, 0, 0, 0.220, 1.401, 0.004

1, 11, 23, 0, 0, 0, 0.170, 1.377, 0.004

0, 11, 22, 1, 0, 0, 0.220, 1.400, 0.004

1, 11, 23, 1, 0, 0, 0.170, 1.370, 0.004

0, 11, 22, 2, 0, 0, 0.220, 1.399, 0.004

1, 11, 23, 2, 0, 0, 0.170, 1.379, 0.004

0, 11, 22, 3, 0, 0, 0.220, 1.391, 0.004

1, 11, 23, 3, 0, 0, 0.170, 1.379, 0.004

0, 11, 22, 4, 0, 0, 0.220, 1.398, 0.004

1, 11, 23, 4, 0, 0, 0.170, 1.374, 0.004

0, 11, 22, 0, 64.1762, 30.1529, 0.340, 1.418, 0.004

1, 11, 23, 0, 64.1762, 30.1529, 0.170, 1.381, 0.004

0, 11, 22, 1, 64.1762, 30.1529, 0.350, 1.402, 0.004

1, 11, 23, 1, 64.1762, 30.1529, 0.170, 1.376, 0.004

0, 11, 22, 2, 64.1762, 30.1529, 0.340, 1.401, 0.004

1, 11, 23, 2, 64.1762, 30.1529, 0.170, 1.370, 0.004

0, 11, 22, 3, 64.1762, 30.1529, 0.340, 1.404, 0.004

1, 11, 23, 3, 64.1762, 30.1529, 0.170, 1.382, 0.004

0, 11, 22, 4, 64.1762, 30.1529, 0.330, 1.409, 0.004

1, 11, 23, 4, 64.1762, 30.1529, 0.180, 1.380, 0.004

0, 11, 22, 0, 64.1762, 30.4029, 0.340, 1.402, 0.004

1, 11, 23, 0, 64.1762, 30.4029, 0.170, 1.370, 0.004

0, 11, 22, 1, 64.1762, 30.4029, 0.350, 1.402, 0.004

1, 11, 23, 1, 64.1762, 30.4029, 0.170, 1.372, 0.004

0, 11, 22, 2, 64.1762, 30.4029, 0.340, 1.396, 0.004

1, 11, 23, 2, 64.1762, 30.4029, 0.170, 1.376, 0.004

0, 11, 22, 3, 64.1762, 30.4029, 0.330, 1.402, 0.004

1, 11, 23, 3, 64.1762, 30.4029, 0.170, 1.382, 0.004

0, 11, 22, 4, 64.1762, 30.4029, 0.330, 1.399, 0.004

1, 11, 23, 4, 64.1762, 30.4029, 0.170, 1.377, 0.004

0, 11, 22, 0, 64.1762, 30.6529, 0.330, 1.398, 0.004

1, 11, 23, 0, 64.1762, 30.6529, 0.170, 1.380, 0.004

0, 11, 22, 1, 64.1762, 30.6529, 0.330, 1.400, 0.004

1, 11, 23, 1, 64.1762, 30.6529, 0.170, 1.373, 0.004

0, 11, 22, 2, 64.1762, 30.6529, 0.330, 1.403, 0.004

1, 11, 23, 2, 64.1762, 30.6529, 0.170, 1.381, 0.004

0, 11, 22, 3, 64.1762, 30.6529, 0.340, 1.400, 0.004

1, 11, 23, 3, 64.1762, 30.6529, 0.170, 1.379, 0.004

0, 11, 22, 4, 64.1762, 30.6529, 0.330, 1.403, 0.004

1, 11, 23, 4, 64.1762, 30.6529, 0.170, 1.372, 0.004

0, 11, 22, 0, 64.1762, 30.9029, 0.330, 1.401, 0.004

1, 11, 23, 0, 64.1762, 30.9029, 0.170, 1.374, 0.004

0, 11, 22, 1, 64.1762, 30.9029, 0.340, 1.408, 0.004

1, 11, 23, 1, 64.1762, 30.9029, 0.170, 1.382, 0.004

0, 11, 22, 2, 64.1762, 30.9029, 0.340, 1.400, 0.004

1, 11, 23, 2, 64.1762, 30.9029, 0.170, 1.372, 0.004

0, 11, 22, 3, 64.1762, 30.9029, 0.330, 1.395, 0.004

1, 11, 23, 3, 64.1762, 30.9029, 0.170, 1.368, 0.004

0, 11, 22, 4, 64.1762, 30.9029, 0.340, 1.399, 0.004

1, 11, 23, 4, 64.1762, 30.9029, 0.170, 1.379, 0.004

0, 11, 22, 0, 64.1762, 31.1529, 0.340, 1.407, 0.004

1, 11, 23, 0, 64.1762, 31.1529, 0.170, 1.377, 0.004

0, 11, 22, 1, 64.1762, 31.1529, 0.330, 1.401, 0.004

1, 11, 23, 1, 64.1762, 31.1529, 0.180, 1.373, 0.004

0, 11, 22, 2, 64.1762, 31.1529, 0.330, 1.397, 0.004

1, 11, 23, 2, 64.1762, 31.1529, 0.170, 1.381, 0.004

0, 11, 22, 3, 64.1762, 31.1529, 0.330, 1.401, 0.004

1, 11, 23, 3, 64.1762, 31.1529, 0.170, 1.376, 0.004

0, 11, 22, 4, 64.1762, 31.1529, 0.340, 1.390, 0.004

1, 11, 23, 4, 64.1762, 31.1529, 0.170, 1.376, 0.004

0, 11, 22, 0, 64.1762, 31.4029, 0.340, 1.410, 0.004

1, 11, 23, 0, 64.1762, 31.4029, 0.170, 1.377, 0.004

0, 11, 22, 1, 64.1762, 31.4029, 0.330, 1.396, 0.004

1, 11, 23, 1, 64.1762, 31.4029, 0.170, 1.375, 0.004

0, 11, 22, 2, 64.1762, 31.4029, 0.330, 1.402, 0.004

1, 11, 23, 2, 64.1762, 31.4029, 0.170, 1.380, 0.004

0, 11, 22, 3, 64.1762, 31.4029, 0.340, 1.390, 0.004

1, 11, 23, 3, 64.1762, 31.4029, 0.170, 1.371, 0.004

0, 11, 22, 4, 64.1762, 31.4029, 0.350, 1.405, 0.004

1, 11, 23, 4, 64.1762, 31.4029, 0.170, 1.377, 0.004

0, 11, 22, 0, 64.1762, 31.6529, 0.340, 1.403, 0.004

1, 11, 23, 0, 64.1762, 31.6529, 0.170, 1.374, 0.004

0, 11, 22, 1, 64.1762, 31.6529, 0.330, 1.399, 0.004

1, 11, 23, 1, 64.1762, 31.6529, 0.170, 1.381, 0.004

0, 11, 22, 2, 64.1762, 31.6529, 0.330, 1.403, 0.004

1, 11, 23, 2, 64.1762, 31.6529, 0.180, 1.375, 0.004

0, 11, 22, 3, 64.1762, 31.6529, 0.330, 1.397, 0.004

1, 11, 23, 3, 64.1762, 31.6529, 0.170, 1.379, 0.004

0, 11, 22, 4, 64.1762, 31.6529, 0.340, 1.400, 0.004

1, 11, 23, 4, 64.1762, 31.6529, 0.170, 1.389, 0.004

0, 11, 22, 0, 64.1762, 31.9029, 0.340, 1.396, 0.004

1, 11, 23, 0, 64.1762, 31.9029, 0.170, 1.379, 0.004

0, 11, 22, 1, 64.1762, 31.9029, 0.340, 1.397, 0.004

1, 11, 23, 1, 64.1762, 31.9029, 0.170, 1.381, 0.004

0, 11, 22, 2, 64.1762, 31.9029, 0.330, 1.401, 0.004

1, 11, 23, 2, 64.1762, 31.9029, 0.170, 1.374, 0.004

0, 11, 22, 3, 64.1762, 31.9029, 0.340, 1.394, 0.004

1, 11, 23, 3, 64.1762, 31.9029, 0.170, 1.385, 0.004

0, 11, 22, 4, 64.1762, 31.9029, 0.330, 1.408, 0.004

1, 11, 23, 4, 64.1762, 31.9029, 0.170, 1.374, 0.004

0, 11, 22, 0, 64.1762, 32.1529, 0.330, 1.399, 0.004

1, 11, 23, 0, 64.1762, 32.1529, 0.170, 1.375, 0.004

0, 11, 22, 1, 64.1762, 32.1529, 0.330, 1.387, 0.004

1, 11, 23, 1, 64.1762, 32.1529, 0.170, 1.379, 0.004

0, 11, 22, 2, 64.1762, 32.1529, 0.340, 1.395, 0.004

1, 11, 23, 2, 64.1762, 32.1529, 0.170, 1.378, 0.004

0, 11, 22, 3, 64.1762, 32.1529, 0.330, 1.399, 0.004

1, 11, 23, 3, 64.1762, 32.1529, 0.170, 1.381, 0.004

0, 11, 22, 4, 64.1762, 32.1529, 0.340, 1.397, 0.004

1, 11, 23, 4, 64.1762, 32.1529, 0.170, 1.380, 0.004

0, 11, 22, 0, 64.1762, 32.4029, 0.330, 1.402, 0.004

1, 11, 23, 0, 64.1762, 32.4029, 0.180, 1.372, 0.004

0, 11, 22, 1, 64.1762, 32.4029, 0.330, 1.393, 0.004

1, 11, 23, 1, 64.1762, 32.4029, 0.170, 1.376, 0.004

0, 11, 22, 2, 64.1762, 32.4029, 0.330, 1.392, 0.004

1, 11, 23, 2, 64.1762, 32.4029, 0.170, 1.385, 0.004

0, 11, 22, 3, 64.1762, 32.4029, 0.330, 1.399, 0.004

1, 11, 23, 3, 64.1762, 32.4029, 0.170, 1.372, 0.004

0, 11, 22, 4, 64.1762, 32.4029, 0.340, 1.382, 0.004

1, 11, 23, 4, 64.1762, 32.4029, 0.170, 1.378, 0.004

0, 11, 22, 0, 64.1762, 32.6529, 0.340, 1.410, 0.004

1, 11, 23, 0, 64.1762, 32.6529, 0.170, 1.382, 0.004

0, 11, 22, 1, 64.1762, 32.6529, 0.330, 1.397, 0.004

1, 11, 23, 1, 64.1762, 32.6529, 0.170, 1.378, 0.004

0, 11, 22, 2, 64.1762, 32.6529, 0.330, 1.396, 0.004

1, 11, 23, 2, 64.1762, 32.6529, 0.170, 1.382, 0.004

0, 11, 22, 3, 64.1762, 32.6529, 0.330, 1.400, 0.004

1, 11, 23, 3, 64.1762, 32.6529, 0.170, 1.376, 0.004

0, 11, 22, 4, 64.1762, 32.6529, 0.340, 1.399, 0.004

1, 11, 23, 4, 64.1762, 32.6529, 0.170, 1.377, 0.004

0, 11, 22, 0, 64.1762, 32.9029, 0.340, 1.413, 0.004

1, 11, 23, 0, 64.1762, 32.9029, 0.170, 1.379, 0.004

0, 11, 22, 1, 64.1762, 32.9029, 0.340, 1.404, 0.004

1, 11, 23, 1, 64.1762, 32.9029, 0.170, 1.378, 0.004

0, 11, 22, 2, 64.1762, 32.9029, 0.340, 1.397, 0.004

1, 11, 23, 2, 64.1762, 32.9029, 0.170, 1.384, 0.004

0, 11, 22, 3, 64.1762, 32.9029, 0.340, 1.408, 0.004

1, 11, 23, 3, 64.1762, 32.9029, 0.170, 1.375, 0.004

0, 11, 22, 4, 64.1762, 32.9029, 0.330, 1.409, 0.004

1, 11, 23, 4, 64.1762, 32.9029, 0.170, 1.375, 0.004

0, 11, 22, 0, 64.1762, 33.1529, 0.330, 1.402, 0.004

1, 11, 23, 0, 64.1762, 33.1529, 0.170, 1.377, 0.004

0, 11, 22, 1, 64.1762, 33.1529, 0.340, 1.402, 0.004

1, 11, 23, 1, 64.1762, 33.1529, 0.170, 1.378, 0.004

0, 11, 22, 2, 64.1762, 33.1529, 0.330, 1.401, 0.004

1, 11, 23, 2, 64.1762, 33.1529, 0.170, 1.375, 0.004

0, 11, 22, 3, 64.1762, 33.1529, 0.330, 1.400, 0.004

1, 11, 23, 3, 64.1762, 33.1529, 0.170, 1.372, 0.004

0, 11, 22, 4, 64.1762, 33.1529, 0.340, 1.402, 0.004

1, 11, 23, 4, 64.1762, 33.1529, 0.170, 1.381, 0.004

0, 11, 22, 0, 64.1762, 33.4029, 0.330, 1.396, 0.004

1, 11, 23, 0, 64.1762, 33.4029, 0.170, 1.377, 0.004

0, 11, 22, 1, 64.1762, 33.4029, 0.330, 1.401, 0.004

1, 11, 23, 1, 64.1762, 33.4029, 0.170, 1.374, 0.004

0, 11, 22, 2, 64.1762, 33.4029, 0.330, 1.401, 0.004

1, 11, 23, 2, 64.1762, 33.4029, 0.170, 1.376, 0.004

0, 11, 22, 3, 64.1762, 33.4029, 0.330, 1.373, 0.004

1, 11, 23, 3, 64.1762, 33.4029, 0.170, 1.384, 0.004

0, 11, 22, 4, 64.1762, 33.4029, 0.330, 1.402, 0.004

1, 11, 23, 4, 64.1762, 33.4029, 0.170, 1.371, 0.004

0, 11, 22, 0, 64.1762, 33.6529, 0.330, 1.400, 0.004

1, 11, 23, 0, 64.1762, 33.6529, 0.170, 1.376, 0.004

0, 11, 22, 1, 64.1762, 33.6529, 0.330, 1.405, 0.004

1, 11, 23, 1, 64.1762, 33.6529, 0.170, 1.376, 0.004

0, 11, 22, 2, 64.1762, 33.6529, 0.330, 1.402, 0.004

1, 11, 23, 2, 64.1762, 33.6529, 0.170, 1.381, 0.004

0, 11, 22, 3, 64.1762, 33.6529, 0.330, 1.409, 0.004

1, 11, 23, 3, 64.1762, 33.6529, 0.170, 1.373, 0.004

0, 11, 22, 4, 64.1762, 33.6529, 0.340, 1.394, 0.004

1, 11, 23, 4, 64.1762, 33.6529, 0.170, 1.374, 0.004

0, 11, 22, 0, 64.1762, 33.9029, 0.330, 1.401, 0.004

1, 11, 23, 0, 64.1762, 33.9029, 0.170, 1.379, 0.004

0, 11, 22, 1, 64.1762, 33.9029, 0.330, 1.402, 0.004

1, 11, 23, 1, 64.1762, 33.9029, 0.170, 1.374, 0.004

0, 11, 22, 2, 64.1762, 33.9029, 0.330, 1.402, 0.004

1, 11, 23, 2, 64.1762, 33.9029, 0.170, 1.377, 0.004

0, 11, 22, 3, 64.1762, 33.9029, 0.330, 1.395, 0.004

1, 11, 23, 3, 64.1762, 33.9029, 0.170, 1.376, 0.004

0, 11, 22, 4, 64.1762, 33.9029, 0.330, 1.402, 0.004

1, 11, 23, 4, 64.1762, 33.9029, 0.170, 1.380, 0.004

0, 11, 22, 0, 64.1762, 34.1529, 0.330, 1.403, 0.004

1, 11, 23, 0, 64.1762, 34.1529, 0.170, 1.379, 0.004

0, 11, 22, 1, 64.1762, 34.1529, 0.330, 1.405, 0.004

1, 11, 23, 1, 64.1762, 34.1529, 0.170, 1.380, 0.004

0, 11, 22, 2, 64.1762, 34.1529, 0.340, 1.375, 0.004

1, 11, 23, 2, 64.1762, 34.1529, 0.170, 1.380, 0.004

0, 11, 22, 3, 64.1762, 34.1529, 0.340, 1.409, 0.004

1, 11, 23, 3, 64.1762, 34.1529, 0.170, 1.377, 0.004

0, 11, 22, 4, 64.1762, 34.1529, 0.330, 1.395, 0.004

1, 11, 23, 4, 64.1762, 34.1529, 0.170, 1.379, 0.004

0, 11, 22, 0, 64.1762, 34.4029, 0.340, 1.398, 0.004

1, 11, 23, 0, 64.1762, 34.4029, 0.180, 1.375, 0.004

0, 11, 22, 1, 64.1762, 34.4029, 0.330, 1.405, 0.004

1, 11, 23, 1, 64.1762, 34.4029, 0.170, 1.375, 0.004

0, 11, 22, 2, 64.1762, 34.4029, 0.330, 1.399, 0.004

1, 11, 23, 2, 64.1762, 34.4029, 0.170, 1.377, 0.004

0, 11, 22, 3, 64.1762, 34.4029, 0.330, 1.393, 0.004

1, 11, 23, 3, 64.1762, 34.4029, 0.170, 1.374, 0.004

0, 11, 22, 4, 64.1762, 34.4029, 0.330, 1.392, 0.004

1, 11, 23, 4, 64.1762, 34.4029, 0.170, 1.354, 0.004

0, 11, 22, 0, 64.1762, 34.6529, 0.330, 1.396, 0.004

1, 11, 23, 0, 64.1762, 34.6529, 0.170, 1.372, 0.004

0, 11, 22, 1, 64.1762, 34.6529, 0.330, 1.396, 0.004

1, 11, 23, 1, 64.1762, 34.6529, 0.170, 1.378, 0.004

0, 11, 22, 2, 64.1762, 34.6529, 0.340, 1.374, 0.004

1, 11, 23, 2, 64.1762, 34.6529, 0.180, 1.366, 0.004

0, 11, 22, 3, 64.1762, 34.6529, 0.330, 1.400, 0.004

1, 11, 23, 3, 64.1762, 34.6529, 0.170, 1.377, 0.004

0, 11, 22, 4, 64.1762, 34.6529, 0.330, 1.400, 0.004

1, 11, 23, 4, 64.1762, 34.6529, 0.170, 1.382, 0.004

0, 11, 22, 0, 64.1762, 34.9029, 0.330, 1.378, 0.004

1, 11, 23, 0, 64.1762, 34.9029, 0.170, 1.372, 0.004

0, 11, 22, 1, 64.1762, 34.9029, 0.330, 1.393, 0.004

1, 11, 23, 1, 64.1762, 34.9029, 0.170, 1.377, 0.004

0, 11, 22, 2, 64.1762, 34.9029, 0.320, 1.399, 0.004

1, 11, 23, 2, 64.1762, 34.9029, 0.170, 1.376, 0.004

0, 11, 22, 3, 64.1762, 34.9029, 0.330, 1.408, 0.004

1, 11, 23, 3, 64.1762, 34.9029, 0.170, 1.377, 0.004

0, 11, 22, 4, 64.1762, 34.9029, 0.340, 1.400, 0.004

1, 11, 23, 4, 64.1762, 34.9029, 0.170, 1.378, 0.004

0, 11, 22, 0, 0, 0, 0.220, 1.404, 0.004

1, 11, 23, 0, 0, 0, 0.170, 1.380, 0.004

0, 11, 22, 1, 0, 0, 0.220, 1.396, 0.004

1, 11, 23, 1, 0, 0, 0.170, 1.372, 0.004

0, 11, 22, 2, 0, 0, 0.220, 1.394, 0.004

1, 11, 23, 2, 0, 0, 0.170, 1.378, 0.004

0, 11, 22, 3, 0, 0, 0.220, 1.401, 0.004

1, 11, 23, 3, 0, 0, 0.170, 1.383, 0.004

0, 11, 22, 4, 0, 0, 0.220, 1.396, 0.004

1, 11, 23, 4, 0, 0, 0.170, 1.375, 0.004

0, 11, 22, 0, 64.1762, 35.1529, 0.330, 1.400, 0.004

1, 11, 23, 0, 64.1762, 35.1529, 0.170, 1.378, 0.004

0, 11, 22, 1, 64.1762, 35.1529, 0.330, 1.397, 0.004

1, 11, 23, 1, 64.1762, 35.1529, 0.170, 1.375, 0.004

0, 11, 22, 2, 64.1762, 35.1529, 0.320, 1.402, 0.004

1, 11, 23, 2, 64.1762, 35.1529, 0.170, 1.370, 0.004

0, 11, 22, 3, 64.1762, 35.1529, 0.340, 1.397, 0.004

1, 11, 23, 3, 64.1762, 35.1529, 0.170, 1.374, 0.004

0, 11, 22, 4, 64.1762, 35.1529, 0.330, 1.395, 0.004

1, 11, 23, 4, 64.1762, 35.1529, 0.180, 1.381, 0.004

0, 11, 22, 0, 64.1762, 35.4029, 0.320, 1.405, 0.004

1, 11, 23, 0, 64.1762, 35.4029, 0.170, 1.375, 0.004

0, 11, 22, 1, 64.1762, 35.4029, 0.330, 1.395, 0.004

1, 11, 23, 1, 64.1762, 35.4029, 0.170, 1.376, 0.004

0, 11, 22, 2, 64.1762, 35.4029, 0.330, 1.405, 0.004

1, 11, 23, 2, 64.1762, 35.4029, 0.170, 1.378, 0.004

0, 11, 22, 3, 64.1762, 35.4029, 0.330, 1.404, 0.004

1, 11, 23, 3, 64.1762, 35.4029, 0.170, 1.377, 0.004

0, 11, 22, 4, 64.1762, 35.4029, 0.330, 1.384, 0.004

1, 11, 23, 4, 64.1762, 35.4029, 0.170, 1.379, 0.004

0, 11, 22, 0, 64.1762, 35.6529, 0.320, 1.401, 0.004

1, 11, 23, 0, 64.1762, 35.6529, 0.170, 1.375, 0.004

0, 11, 22, 1, 64.1762, 35.6529, 0.330, 1.398, 0.004

1, 11, 23, 1, 64.1762, 35.6529, 0.170, 1.384, 0.004

0, 11, 22, 2, 64.1762, 35.6529, 0.330, 1.396, 0.004

1, 11, 23, 2, 64.1762, 35.6529, 0.170, 1.377, 0.004

0, 11, 22, 3, 64.1762, 35.6529, 0.320, 1.421, 0.004

1, 11, 23, 3, 64.1762, 35.6529, 0.170, 1.368, 0.004

0, 11, 22, 4, 64.1762, 35.6529, 0.330, 1.400, 0.004

1, 11, 23, 4, 64.1762, 35.6529, 0.170, 1.383, 0.004

0, 11, 22, 0, 64.1762, 35.9029, 0.330, 1.402, 0.004

1, 11, 23, 0, 64.1762, 35.9029, 0.180, 1.373, 0.004

0, 11, 22, 1, 64.1762, 35.9029, 0.320, 1.404, 0.004

1, 11, 23, 1, 64.1762, 35.9029, 0.170, 1.381, 0.004

0, 11, 22, 2, 64.1762, 35.9029, 0.320, 1.399, 0.004

1, 11, 23, 2, 64.1762, 35.9029, 0.170, 1.369, 0.004

0, 11, 22, 3, 64.1762, 35.9029, 0.320, 1.399, 0.004

1, 11, 23, 3, 64.1762, 35.9029, 0.170, 1.379, 0.004

0, 11, 22, 4, 64.1762, 35.9029, 0.330, 1.402, 0.004

1, 11, 23, 4, 64.1762, 35.9029, 0.170, 1.380, 0.004

0, 11, 22, 0, 64.1762, 36.1529, 0.330, 1.403, 0.004

1, 11, 23, 0, 64.1762, 36.1529, 0.170, 1.377, 0.004

0, 11, 22, 1, 64.1762, 36.1529, 0.310, 1.398, 0.004

1, 11, 23, 1, 64.1762, 36.1529, 0.170, 1.376, 0.004

0, 11, 22, 2, 64.1762, 36.1529, 0.320, 1.405, 0.004

1, 11, 23, 2, 64.1762, 36.1529, 0.170, 1.382, 0.004

0, 11, 22, 3, 64.1762, 36.1529, 0.320, 1.416, 0.004

1, 11, 23, 3, 64.1762, 36.1529, 0.170, 1.383, 0.004

0, 11, 22, 4, 64.1762, 36.1529, 0.330, 1.400, 0.004

1, 11, 23, 4, 64.1762, 36.1529, 0.180, 1.382, 0.004

0, 11, 22, 0, 64.1762, 36.4029, 0.320, 1.407, 0.004

1, 11, 23, 0, 64.1762, 36.4029, 0.170, 1.368, 0.004

0, 11, 22, 1, 64.1762, 36.4029, 0.320, 1.411, 0.004

1, 11, 23, 1, 64.1762, 36.4029, 0.170, 1.379, 0.004

0, 11, 22, 2, 64.1762, 36.4029, 0.320, 1.400, 0.004

1, 11, 23, 2, 64.1762, 36.4029, 0.170, 1.376, 0.004

0, 11, 22, 3, 64.1762, 36.4029, 0.320, 1.392, 0.004

1, 11, 23, 3, 64.1762, 36.4029, 0.170, 1.384, 0.004

0, 11, 22, 4, 64.1762, 36.4029, 0.320, 1.395, 0.004

1, 11, 23, 4, 64.1762, 36.4029, 0.170, 1.386, 0.004

0, 11, 22, 0, 64.1762, 36.6529, 0.310, 1.403, 0.004

1, 11, 23, 0, 64.1762, 36.6529, 0.170, 1.383, 0.004

0, 11, 22, 1, 64.1762, 36.6529, 0.320, 1.403, 0.004

1, 11, 23, 1, 64.1762, 36.6529, 0.170, 1.391, 0.004

0, 11, 22, 2, 64.1762, 36.6529, 0.310, 1.390, 0.004

1, 11, 23, 2, 64.1762, 36.6529, 0.170, 1.377, 0.004

0, 11, 22, 3, 64.1762, 36.6529, 0.320, 1.401, 0.004

1, 11, 23, 3, 64.1762, 36.6529, 0.170, 1.384, 0.004

0, 11, 22, 4, 64.1762, 36.6529, 0.310, 1.395, 0.004

1, 11, 23, 4, 64.1762, 36.6529, 0.170, 1.385, 0.004

0, 11, 22, 0, 64.1762, 36.9029, 0.310, 1.403, 0.004

1, 11, 23, 0, 64.1762, 36.9029, 0.170, 1.371, 0.004

0, 11, 22, 1, 64.1762, 36.9029, 0.320, 1.403, 0.004

1, 11, 23, 1, 64.1762, 36.9029, 0.170, 1.358, 0.004

0, 11, 22, 2, 64.1762, 36.9029, 0.310, 1.400, 0.004

1, 11, 23, 2, 64.1762, 36.9029, 0.170, 1.373, 0.004

0, 11, 22, 3, 64.1762, 36.9029, 0.320, 1.399, 0.004

1, 11, 23, 3, 64.1762, 36.9029, 0.170, 1.375, 0.004

0, 11, 22, 4, 64.1762, 36.9029, 0.310, 1.400, 0.004

1, 11, 23, 4, 64.1762, 36.9029, 0.170, 1.374, 0.004

0, 11, 22, 0, 64.1762, 37.1529, 0.310, 1.400, 0.004

1, 11, 23, 0, 64.1762, 37.1529, 0.170, 1.375, 0.004

0, 11, 22, 1, 64.1762, 37.1529, 0.320, 1.397, 0.004

1, 11, 23, 1, 64.1762, 37.1529, 0.170, 1.370, 0.004

0, 11, 22, 2, 64.1762, 37.1529, 0.310, 1.392, 0.004

1, 11, 23, 2, 64.1762, 37.1529, 0.170, 1.376, 0.004

0, 11, 22, 3, 64.1762, 37.1529, 0.320, 1.401, 0.004

1, 11, 23, 3, 64.1762, 37.1529, 0.170, 1.377, 0.004

0, 11, 22, 4, 64.1762, 37.1529, 0.310, 1.404, 0.004

1, 11, 23, 4, 64.1762, 37.1529, 0.180, 1.385, 0.004

0, 11, 22, 0, 64.1762, 37.4029, 0.310, 1.407, 0.004

1, 11, 23, 0, 64.1762, 37.4029, 0.170, 1.385, 0.004

0, 11, 22, 1, 64.1762, 37.4029, 0.310, 1.400, 0.004

1, 11, 23, 1, 64.1762, 37.4029, 0.170, 1.382, 0.004

0, 11, 22, 2, 64.1762, 37.4029, 0.300, 1.395, 0.004

1, 11, 23, 2, 64.1762, 37.4029, 0.170, 1.380, 0.004

0, 11, 22, 3, 64.1762, 37.4029, 0.310, 1.406, 0.004

1, 11, 23, 3, 64.1762, 37.4029, 0.170, 1.372, 0.004

0, 11, 22, 4, 64.1762, 37.4029, 0.310, 1.398, 0.004

1, 11, 23, 4, 64.1762, 37.4029, 0.170, 1.374, 0.004

0, 11, 22, 0, 64.1762, 37.6529, 0.310, 1.398, 0.004

1, 11, 23, 0, 64.1762, 37.6529, 0.170, 1.378, 0.004

0, 11, 22, 1, 64.1762, 37.6529, 0.310, 1.393, 0.004

1, 11, 23, 1, 64.1762, 37.6529, 0.170, 1.382, 0.004

0, 11, 22, 2, 64.1762, 37.6529, 0.310, 1.401, 0.004

1, 11, 23, 2, 64.1762, 37.6529, 0.170, 1.380, 0.004

0, 11, 22, 3, 64.1762, 37.6529, 0.310, 1.397, 0.004

1, 11, 23, 3, 64.1762, 37.6529, 0.170, 1.377, 0.004

0, 11, 22, 4, 64.1762, 37.6529, 0.310, 1.399, 0.004

1, 11, 23, 4, 64.1762, 37.6529, 0.170, 1.375, 0.004

0, 11, 22, 0, 64.1762, 37.9029, 0.310, 1.396, 0.004

1, 11, 23, 0, 64.1762, 37.9029, 0.180, 1.380, 0.004

0, 11, 22, 1, 64.1762, 37.9029, 0.300, 1.398, 0.004

1, 11, 23, 1, 64.1762, 37.9029, 0.170, 1.370, 0.004

0, 11, 22, 2, 64.1762, 37.9029, 0.310, 1.394, 0.004

1, 11, 23, 2, 64.1762, 37.9029, 0.170, 1.368, 0.004

0, 11, 22, 3, 64.1762, 37.9029, 0.310, 1.402, 0.004

1, 11, 23, 3, 64.1762, 37.9029, 0.170, 1.383, 0.004

0, 11, 22, 4, 64.1762, 37.9029, 0.310, 1.394, 0.004

1, 11, 23, 4, 64.1762, 37.9029, 0.170, 1.372, 0.004

0, 11, 22, 0, 64.1762, 38.1529, 0.300, 1.405, 0.004

1, 11, 23, 0, 64.1762, 38.1529, 0.180, 1.372, 0.004

0, 11, 22, 1, 64.1762, 38.1529, 0.300, 1.405, 0.004

1, 11, 23, 1, 64.1762, 38.1529, 0.170, 1.379, 0.004

0, 11, 22, 2, 64.1762, 38.1529, 0.300, 1.399, 0.004

1, 11, 23, 2, 64.1762, 38.1529, 0.170, 1.373, 0.004

0, 11, 22, 3, 64.1762, 38.1529, 0.300, 1.405, 0.004

1, 11, 23, 3, 64.1762, 38.1529, 0.170, 1.379, 0.004

0, 11, 22, 4, 64.1762, 38.1529, 0.300, 1.403, 0.004

1, 11, 23, 4, 64.1762, 38.1529, 0.170, 1.375, 0.004

0, 11, 22, 0, 64.1762, 38.4029, 0.300, 1.394, 0.004

1, 11, 23, 0, 64.1762, 38.4029, 0.170, 1.379, 0.004

0, 11, 22, 1, 64.1762, 38.4029, 0.300, 1.395, 0.004

1, 11, 23, 1, 64.1762, 38.4029, 0.160, 1.379, 0.004

0, 11, 22, 2, 64.1762, 38.4029, 0.300, 1.406, 0.004

1, 11, 23, 2, 64.1762, 38.4029, 0.170, 1.376, 0.004

0, 11, 22, 3, 64.1762, 38.4029, 0.300, 1.410, 0.004

1, 11, 23, 3, 64.1762, 38.4029, 0.180, 1.369, 0.004

0, 11, 22, 4, 64.1762, 38.4029, 0.300, 1.391, 0.004

1, 11, 23, 4, 64.1762, 38.4029, 0.170, 1.377, 0.004

0, 11, 22, 0, 64.1762, 38.6529, 0.300, 1.401, 0.004

1, 11, 23, 0, 64.1762, 38.6529, 0.170, 1.371, 0.004

0, 11, 22, 1, 64.1762, 38.6529, 0.300, 1.397, 0.004

1, 11, 23, 1, 64.1762, 38.6529, 0.170, 1.379, 0.004

0, 11, 22, 2, 64.1762, 38.6529, 0.300, 1.398, 0.004

1, 11, 23, 2, 64.1762, 38.6529, 0.170, 1.379, 0.004

0, 11, 22, 3, 64.1762, 38.6529, 0.290, 1.400, 0.004

1, 11, 23, 3, 64.1762, 38.6529, 0.170, 1.379, 0.004

0, 11, 22, 4, 64.1762, 38.6529, 0.290, 1.400, 0.004

1, 11, 23, 4, 64.1762, 38.6529, 0.170, 1.388, 0.004

0, 11, 22, 0, 64.1762, 38.9029, 0.300, 1.401, 0.004

1, 11, 23, 0, 64.1762, 38.9029, 0.170, 1.378, 0.004

0, 11, 22, 1, 64.1762, 38.9029, 0.300, 1.400, 0.004

1, 11, 23, 1, 64.1762, 38.9029, 0.170, 1.379, 0.004

0, 11, 22, 2, 64.1762, 38.9029, 0.300, 1.404, 0.004

1, 11, 23, 2, 64.1762, 38.9029, 0.170, 1.378, 0.004

0, 11, 22, 3, 64.1762, 38.9029, 0.300, 1.403, 0.004

1, 11, 23, 3, 64.1762, 38.9029, 0.170, 1.376, 0.004

0, 11, 22, 4, 64.1762, 38.9029, 0.300, 1.396, 0.004

1, 11, 23, 4, 64.1762, 38.9029, 0.170, 1.377, 0.004

0, 11, 22, 0, 64.1762, 39.1529, 0.290, 1.417, 0.004

1, 11, 23, 0, 64.1762, 39.1529, 0.170, 1.373, 0.004

0, 11, 22, 1, 64.1762, 39.1529, 0.310, 1.396, 0.004

1, 11, 23, 1, 64.1762, 39.1529, 0.170, 1.378, 0.004

0, 11, 22, 2, 64.1762, 39.1529, 0.300, 1.402, 0.004

1, 11, 23, 2, 64.1762, 39.1529, 0.170, 1.381, 0.004

0, 11, 22, 3, 64.1762, 39.1529, 0.300, 1.401, 0.004

1, 11, 23, 3, 64.1762, 39.1529, 0.170, 1.371, 0.004

0, 11, 22, 4, 64.1762, 39.1529, 0.300, 1.396, 0.004

1, 11, 23, 4, 64.1762, 39.1529, 0.170, 1.371, 0.004

0, 11, 22, 0, 64.1762, 39.4029, 0.300, 1.404, 0.004

1, 11, 23, 0, 64.1762, 39.4029, 0.170, 1.378, 0.004

0, 11, 22, 1, 64.1762, 39.4029, 0.300, 1.390, 0.004

1, 11, 23, 1, 64.1762, 39.4029, 0.170, 1.383, 0.004

0, 11, 22, 2, 64.1762, 39.4029, 0.300, 1.400, 0.004

1, 11, 23, 2, 64.1762, 39.4029, 0.170, 1.379, 0.004

0, 11, 22, 3, 64.1762, 39.4029, 0.300, 1.397, 0.004

1, 11, 23, 3, 64.1762, 39.4029, 0.170, 1.379, 0.004

0, 11, 22, 4, 64.1762, 39.4029, 0.310, 1.401, 0.004

1, 11, 23, 4, 64.1762, 39.4029, 0.170, 1.377, 0.004

0, 11, 22, 0, 64.1762, 39.6529, 0.300, 1.389, 0.004

1, 11, 23, 0, 64.1762, 39.6529, 0.170, 1.384, 0.004

0, 11, 22, 1, 64.1762, 39.6529, 0.310, 1.399, 0.004

1, 11, 23, 1, 64.1762, 39.6529, 0.170, 1.381, 0.004

0, 11, 22, 2, 64.1762, 39.6529, 0.300, 1.397, 0.004

1, 11, 23, 2, 64.1762, 39.6529, 0.170, 1.379, 0.004

0, 11, 22, 3, 64.1762, 39.6529, 0.300, 1.406, 0.004

1, 11, 23, 3, 64.1762, 39.6529, 0.170, 1.375, 0.004

0, 11, 22, 4, 64.1762, 39.6529, 0.300, 1.394, 0.004

1, 11, 23, 4, 64.1762, 39.6529, 0.180, 1.383, 0.004

0, 11, 22, 0, 64.1762, 39.9029, 0.300, 1.393, 0.004

1, 11, 23, 0, 64.1762, 39.9029, 0.170, 1.375, 0.004

0, 11, 22, 1, 64.1762, 39.9029, 0.300, 1.403, 0.004

1, 11, 23, 1, 64.1762, 39.9029, 0.170, 1.384, 0.004

0, 11, 22, 2, 64.1762, 39.9029, 0.300, 1.405, 0.004

1, 11, 23, 2, 64.1762, 39.9029, 0.170, 1.379, 0.004

0, 11, 22, 3, 64.1762, 39.9029, 0.290, 1.407, 0.004

1, 11, 23, 3, 64.1762, 39.9029, 0.170, 1.379, 0.004

0, 11, 22, 4, 64.1762, 39.9029, 0.290, 1.401, 0.004

1, 11, 23, 4, 64.1762, 39.9029, 0.170, 1.374, 0.004

0, 11, 22, 0, 0, 0, 0.220, 1.396, 0.004

1, 11, 23, 0, 0, 0, 0.170, 1.379, 0.004

0, 11, 22, 1, 0, 0, 0.220, 1.395, 0.004

1, 11, 23, 1, 0, 0, 0.170, 1.383, 0.004

0, 11, 22, 2, 0, 0, 0.220, 1.397, 0.004

1, 11, 23, 2, 0, 0, 0.170, 1.379, 0.004

0, 11, 22, 3, 0, 0, 0.220, 1.406, 0.004

1, 11, 23, 3, 0, 0, 0.170, 1.378, 0.004

0, 11, 22, 4, 0, 0, 0.220, 1.393, 0.004

1, 11, 23, 4, 0, 0, 0.170, 1.378, 0.004

0, 11, 22, 0, 64.1762, 40.1529, 0.290, 1.406, 0.004

1, 11, 23, 0, 64.1762, 40.1529, 0.170, 1.371, 0.004

0, 11, 22, 1, 64.1762, 40.1529, 0.290, 1.391, 0.004

1, 11, 23, 1, 64.1762, 40.1529, 0.170, 1.375, 0.004

0, 11, 22, 2, 64.1762, 40.1529, 0.300, 1.406, 0.004

1, 11, 23, 2, 64.1762, 40.1529, 0.170, 1.376, 0.004

0, 11, 22, 3, 64.1762, 40.1529, 0.300, 1.399, 0.004

1, 11, 23, 3, 64.1762, 40.1529, 0.170, 1.376, 0.004

0, 11, 22, 4, 64.1762, 40.1529, 0.300, 1.396, 0.004

1, 11, 23, 4, 64.1762, 40.1529, 0.170, 1.370, 0.004

0, 11, 22, 0, 64.1762, 40.4029, 0.290, 1.396, 0.004

1, 11, 23, 0, 64.1762, 40.4029, 0.170, 1.385, 0.004

0, 11, 22, 1, 64.1762, 40.4029, 0.290, 1.407, 0.004

1, 11, 23, 1, 64.1762, 40.4029, 0.170, 1.376, 0.004

0, 11, 22, 2, 64.1762, 40.4029, 0.300, 1.400, 0.004

1, 11, 23, 2, 64.1762, 40.4029, 0.170, 1.372, 0.004

0, 11, 22, 3, 64.1762, 40.4029, 0.290, 1.392, 0.004

1, 11, 23, 3, 64.1762, 40.4029, 0.170, 1.378, 0.004

0, 11, 22, 4, 64.1762, 40.4029, 0.290, 1.402, 0.004

1, 11, 23, 4, 64.1762, 40.4029, 0.170, 1.381, 0.004

0, 11, 22, 0, 64.1762, 40.6529, 0.290, 1.382, 0.004

1, 11, 23, 0, 64.1762, 40.6529, 0.180, 1.373, 0.004

0, 11, 22, 1, 64.1762, 40.6529, 0.290, 1.373, 0.004

1, 11, 23, 1, 64.1762, 40.6529, 0.170, 1.376, 0.004

0, 11, 22, 2, 64.1762, 40.6529, 0.290, 1.399, 0.004

1, 11, 23, 2, 64.1762, 40.6529, 0.170, 1.372, 0.004

0, 11, 22, 3, 64.1762, 40.6529, 0.280, 1.420, 0.004

1, 11, 23, 3, 64.1762, 40.6529, 0.170, 1.379, 0.004

0, 11, 22, 4, 64.1762, 40.6529, 0.290, 1.399, 0.004

1, 11, 23, 4, 64.1762, 40.6529, 0.170, 1.384, 0.004

0, 11, 22, 0, 64.1762, 40.9029, 0.280, 1.403, 0.004

1, 11, 23, 0, 64.1762, 40.9029, 0.180, 1.374, 0.004

0, 11, 22, 1, 64.1762, 40.9029, 0.270, 1.405, 0.004

1, 11, 23, 1, 64.1762, 40.9029, 0.170, 1.375, 0.004

0, 11, 22, 2, 64.1762, 40.9029, 0.280, 1.393, 0.004

1, 11, 23, 2, 64.1762, 40.9029, 0.170, 1.377, 0.004

0, 11, 22, 3, 64.1762, 40.9029, 0.280, 1.391, 0.004

1, 11, 23, 3, 64.1762, 40.9029, 0.170, 1.382, 0.004

0, 11, 22, 4, 64.1762, 40.9029, 0.280, 1.400, 0.004

1, 11, 23, 4, 64.1762, 40.9029, 0.170, 1.371, 0.004

0, 11, 22, 0, 64.1762, 41.1529, 0.250, 1.399, 0.004

1, 11, 23, 0, 64.1762, 41.1529, 0.170, 1.374, 0.004

0, 11, 22, 1, 64.1762, 41.1529, 0.260, 1.399, 0.004

1, 11, 23, 1, 64.1762, 41.1529, 0.170, 1.379, 0.004

0, 11, 22, 2, 64.1762, 41.1529, 0.250, 1.400, 0.004

1, 11, 23, 2, 64.1762, 41.1529, 0.170, 1.377, 0.004

0, 11, 22, 3, 64.1762, 41.1529, 0.260, 1.396, 0.004

1, 11, 23, 3, 64.1762, 41.1529, 0.170, 1.372, 0.004

0, 11, 22, 4, 64.1762, 41.1529, 0.250, 1.392, 0.004

1, 11, 23, 4, 64.1762, 41.1529, 0.170, 1.371, 0.004

0, 11, 22, 0, 64.1762, 41.4029, 0.230, 1.400, 0.004

1, 11, 23, 0, 64.1762, 41.4029, 0.170, 1.373, 0.004

0, 11, 22, 1, 64.1762, 41.4029, 0.230, 1.397, 0.004

1, 11, 23, 1, 64.1762, 41.4029, 0.170, 1.369, 0.004

0, 11, 22, 2, 64.1762, 41.4029, 0.240, 1.399, 0.004

1, 11, 23, 2, 64.1762, 41.4029, 0.170, 1.376, 0.004

0, 11, 22, 3, 64.1762, 41.4029, 0.230, 1.394, 0.004

1, 11, 23, 3, 64.1762, 41.4029, 0.170, 1.379, 0.004

0, 11, 22, 4, 64.1762, 41.4029, 0.230, 1.404, 0.004

1, 11, 23, 4, 64.1762, 41.4029, 0.170, 1.381, 0.004

0, 11, 22, 0, 64.1762, 41.6529, 0.220, 1.403, 0.004

1, 11, 23, 0, 64.1762, 41.6529, 0.170, 1.372, 0.004

0, 11, 22, 1, 64.1762, 41.6529, 0.230, 1.395, 0.004

1, 11, 23, 1, 64.1762, 41.6529, 0.170, 1.379, 0.004

0, 11, 22, 2, 64.1762, 41.6529, 0.230, 1.408, 0.004

1, 11, 23, 2, 64.1762, 41.6529, 0.170, 1.365, 0.004

0, 11, 22, 3, 64.1762, 41.6529, 0.230, 1.409, 0.004

1, 11, 23, 3, 64.1762, 41.6529, 0.180, 1.373, 0.004

0, 11, 22, 4, 64.1762, 41.6529, 0.230, 1.402, 0.004

1, 11, 23, 4, 64.1762, 41.6529, 0.170, 1.383, 0.004

0, 11, 22, 0, 64.1762, 41.9029, 0.220, 1.402, 0.004

1, 11, 23, 0, 64.1762, 41.9029, 0.170, 1.378, 0.004

0, 11, 22, 1, 64.1762, 41.9029, 0.220, 1.398, 0.004

1, 11, 23, 1, 64.1762, 41.9029, 0.170, 1.378, 0.004

0, 11, 22, 2, 64.1762, 41.9029, 0.220, 1.407, 0.004

1, 11, 23, 2, 64.1762, 41.9029, 0.170, 1.377, 0.004

0, 11, 22, 3, 64.1762, 41.9029, 0.220, 1.400, 0.004

1, 11, 23, 3, 64.1762, 41.9029, 0.170, 1.374, 0.004

0, 11, 22, 4, 64.1762, 41.9029, 0.220, 1.408, 0.004

1, 11, 23, 4, 64.1762, 41.9029, 0.170, 1.373, 0.004

0, 11, 22, 0, 64.1762, 42.1529, 0.220, 1.401, 0.004

1, 11, 23, 0, 64.1762, 42.1529, 0.170, 1.376, 0.004

0, 11, 22, 1, 64.1762, 42.1529, 0.220, 1.404, 0.004

1, 11, 23, 1, 64.1762, 42.1529, 0.170, 1.379, 0.004

0, 11, 22, 2, 64.1762, 42.1529, 0.220, 1.399, 0.004

1, 11, 23, 2, 64.1762, 42.1529, 0.170, 1.380, 0.004

0, 11, 22, 3, 64.1762, 42.1529, 0.220, 1.400, 0.004

1, 11, 23, 3, 64.1762, 42.1529, 0.170, 1.364, 0.004

0, 11, 22, 4, 64.1762, 42.1529, 0.220, 1.401, 0.004

1, 11, 23, 4, 64.1762, 42.1529, 0.170, 1.380, 0.004

0, 11, 22, 0, 64.1762, 42.4029, 0.220, 1.408, 0.004

1, 11, 23, 0, 64.1762, 42.4029, 0.170, 1.377, 0.004

0, 11, 22, 1, 64.1762, 42.4029, 0.230, 1.398, 0.004

1, 11, 23, 1, 64.1762, 42.4029, 0.170, 1.370, 0.004

0, 11, 22, 2, 64.1762, 42.4029, 0.220, 1.405, 0.004

1, 11, 23, 2, 64.1762, 42.4029, 0.170, 1.378, 0.004

0, 11, 22, 3, 64.1762, 42.4029, 0.220, 1.392, 0.004

1, 11, 23, 3, 64.1762, 42.4029, 0.170, 1.377, 0.004

0, 11, 22, 4, 64.1762, 42.4029, 0.220, 1.397, 0.004

1, 11, 23, 4, 64.1762, 42.4029, 0.170, 1.379, 0.004

0, 11, 22, 0, 64.1762, 42.6529, 0.220, 1.398, 0.004

1, 11, 23, 0, 64.1762, 42.6529, 0.170, 1.383, 0.004

0, 11, 22, 1, 64.1762, 42.6529, 0.220, 1.407, 0.004

1, 11, 23, 1, 64.1762, 42.6529, 0.170, 1.372, 0.004

0, 11, 22, 2, 64.1762, 42.6529, 0.220, 1.402, 0.004

1, 11, 23, 2, 64.1762, 42.6529, 0.170, 1.368, 0.004

0, 11, 22, 3, 64.1762, 42.6529, 0.220, 1.410, 0.004

1, 11, 23, 3, 64.1762, 42.6529, 0.170, 1.374, 0.004

0, 11, 22, 4, 64.1762, 42.6529, 0.220, 1.397, 0.004

1, 11, 23, 4, 64.1762, 42.6529, 0.170, 1.368, 0.004

