Test Sector:
Device ID, Channel, Tile ID, trial, x, y, temp, temp_control, IMON, RMON, VCOMP
xorigincm, xfinalcm, xsteplengthcm, xsteps = 47.6118, 47.6118, 0, 117
yorigincm, yfinalcm, ysteplengthcm, nRepeat = 9.26425, 38.7357, 0.25, 5
0, 8, 16, 0, 0, 0, 26.17, 25.68, 0.270, 1.401, 0.004

1, 8, 17, 0, 0, 0, 27.15, 25.68, 0.300, 1.392, 0.004

0, 8, 16, 1, 0, 0, 26.17, 25.68, 0.270, 1.396, 0.004

1, 8, 17, 1, 0, 0, 27.15, 25.68, 0.270, 1.380, 0.004

0, 8, 16, 2, 0, 0, 26.17, 25.68, 0.270, 1.401, 0.004

1, 8, 17, 2, 0, 0, 27.15, 25.68, 0.270, 1.388, 0.004

0, 8, 16, 3, 0, 0, 26.17, 25.68, 0.270, 1.399, 0.004

1, 8, 17, 3, 0, 0, 27.15, 25.68, 0.270, 1.385, 0.004

0, 8, 16, 4, 0, 0, 26.17, 25.68, 0.270, 1.397, 0.004

1, 8, 17, 4, 0, 0, 27.15, 25.68, 0.270, 1.387, 0.004

0, 8, 16, 0, 47.6118, 9.26425, 24.22, 25.20, 0.270, 1.406, 0.004

1, 8, 17, 0, 47.6118, 9.26425, 25.68, 25.20, 0.280, 1.385, 0.004

0, 8, 16, 1, 47.6118, 9.26425, 24.22, 25.20, 0.270, 1.388, 0.004

1, 8, 17, 1, 47.6118, 9.26425, 25.68, 25.20, 0.310, 1.383, 0.004

0, 8, 16, 2, 47.6118, 9.26425, 24.22, 25.20, 0.270, 1.396, 0.004

1, 8, 17, 2, 47.6118, 9.26425, 25.68, 25.20, 0.280, 1.381, 0.004

0, 8, 16, 3, 47.6118, 9.26425, 24.22, 25.20, 0.270, 1.397, 0.004

1, 8, 17, 3, 47.6118, 9.26425, 25.68, 25.20, 0.310, 1.374, 0.004

0, 8, 16, 4, 47.6118, 9.26425, 24.22, 25.20, 0.270, 1.407, 0.004

1, 8, 17, 4, 47.6118, 9.26425, 25.68, 25.20, 0.310, 1.382, 0.004

0, 8, 16, 0, 47.6118, 9.51425, 25.20, 26.17, 0.270, 1.399, 0.004

1, 8, 17, 0, 47.6118, 9.51425, 26.66, 26.17, 0.310, 1.378, 0.004

0, 8, 16, 1, 47.6118, 9.51425, 25.20, 26.17, 0.270, 1.398, 0.004

1, 8, 17, 1, 47.6118, 9.51425, 26.66, 26.17, 0.280, 1.383, 0.004

0, 8, 16, 2, 47.6118, 9.51425, 25.20, 26.17, 0.270, 1.387, 0.004

1, 8, 17, 2, 47.6118, 9.51425, 26.66, 26.17, 0.310, 1.381, 0.004

0, 8, 16, 3, 47.6118, 9.51425, 25.20, 26.17, 0.270, 1.400, 0.004

1, 8, 17, 3, 47.6118, 9.51425, 26.66, 26.17, 0.310, 1.381, 0.004

0, 8, 16, 4, 47.6118, 9.51425, 25.20, 26.17, 0.270, 1.393, 0.004

1, 8, 17, 4, 47.6118, 9.51425, 26.66, 26.17, 0.280, 1.389, 0.004

0, 8, 16, 0, 47.6118, 9.76425, 25.68, 24.71, 0.270, 1.408, 0.004

1, 8, 17, 0, 47.6118, 9.76425, 26.17, 24.71, 0.280, 1.381, 0.004

0, 8, 16, 1, 47.6118, 9.76425, 25.68, 24.71, 0.270, 1.399, 0.004

1, 8, 17, 1, 47.6118, 9.76425, 26.17, 24.71, 0.280, 1.383, 0.004

0, 8, 16, 2, 47.6118, 9.76425, 25.68, 24.71, 0.270, 1.401, 0.004

1, 8, 17, 2, 47.6118, 9.76425, 26.17, 24.71, 0.310, 1.387, 0.004

0, 8, 16, 3, 47.6118, 9.76425, 25.68, 24.71, 0.260, 1.393, 0.004

1, 8, 17, 3, 47.6118, 9.76425, 26.17, 24.71, 0.280, 1.379, 0.004

0, 8, 16, 4, 47.6118, 9.76425, 25.68, 24.71, 0.270, 1.400, 0.004

1, 8, 17, 4, 47.6118, 9.76425, 26.17, 24.71, 0.280, 1.378, 0.004

0, 8, 16, 0, 47.6118, 10.0143, 24.71, 25.20, 0.270, 1.392, 0.004

1, 8, 17, 0, 47.6118, 10.0143, 26.66, 25.20, 0.310, 1.367, 0.004

0, 8, 16, 1, 47.6118, 10.0143, 24.71, 25.20, 0.270, 1.393, 0.004

1, 8, 17, 1, 47.6118, 10.0143, 26.66, 25.20, 0.280, 1.381, 0.004

0, 8, 16, 2, 47.6118, 10.0143, 24.71, 25.20, 0.270, 1.404, 0.004

1, 8, 17, 2, 47.6118, 10.0143, 26.66, 25.20, 0.310, 1.382, 0.004

0, 8, 16, 3, 47.6118, 10.0143, 24.71, 25.20, 0.270, 1.389, 0.004

1, 8, 17, 3, 47.6118, 10.0143, 26.66, 25.20, 0.280, 1.373, 0.004

0, 8, 16, 4, 47.6118, 10.0143, 24.71, 25.20, 0.270, 1.393, 0.004

1, 8, 17, 4, 47.6118, 10.0143, 26.66, 25.20, 0.290, 1.387, 0.004

0, 8, 16, 0, 47.6118, 10.2643, 24.71, 25.20, 0.270, 1.398, 0.004

1, 8, 17, 0, 47.6118, 10.2643, 25.68, 25.20, 0.280, 1.379, 0.004

0, 8, 16, 1, 47.6118, 10.2643, 24.71, 25.20, 0.270, 1.396, 0.004

1, 8, 17, 1, 47.6118, 10.2643, 25.68, 25.20, 0.280, 1.388, 0.004

0, 8, 16, 2, 47.6118, 10.2643, 24.71, 25.20, 0.270, 1.401, 0.004

1, 8, 17, 2, 47.6118, 10.2643, 25.68, 25.20, 0.280, 1.384, 0.004

0, 8, 16, 3, 47.6118, 10.2643, 24.71, 25.20, 0.270, 1.400, 0.004

1, 8, 17, 3, 47.6118, 10.2643, 25.68, 25.20, 0.290, 1.391, 0.004

0, 8, 16, 4, 47.6118, 10.2643, 24.71, 25.20, 0.260, 1.392, 0.004

1, 8, 17, 4, 47.6118, 10.2643, 25.68, 25.20, 0.290, 1.382, 0.004

0, 8, 16, 0, 47.6118, 10.5143, 25.68, 25.68, 0.270, 1.404, 0.004

1, 8, 17, 0, 47.6118, 10.5143, 25.68, 25.68, 0.290, 1.385, 0.004

0, 8, 16, 1, 47.6118, 10.5143, 25.68, 25.68, 0.270, 1.393, 0.004

1, 8, 17, 1, 47.6118, 10.5143, 25.68, 25.68, 0.310, 1.381, 0.004

0, 8, 16, 2, 47.6118, 10.5143, 25.68, 25.68, 0.270, 1.396, 0.004

1, 8, 17, 2, 47.6118, 10.5143, 25.68, 25.68, 0.300, 1.387, 0.004

0, 8, 16, 3, 47.6118, 10.5143, 25.68, 25.68, 0.270, 1.398, 0.004

1, 8, 17, 3, 47.6118, 10.5143, 25.68, 25.68, 0.290, 1.381, 0.004

0, 8, 16, 4, 47.6118, 10.5143, 25.68, 25.68, 0.270, 1.408, 0.004

1, 8, 17, 4, 47.6118, 10.5143, 25.68, 25.68, 0.300, 1.384, 0.004

0, 8, 16, 0, 47.6118, 10.7643, 26.66, 26.66, 0.270, 1.394, 0.004

1, 8, 17, 0, 47.6118, 10.7643, 26.17, 26.66, 0.310, 1.375, 0.004

0, 8, 16, 1, 47.6118, 10.7643, 26.66, 26.66, 0.270, 1.394, 0.004

1, 8, 17, 1, 47.6118, 10.7643, 26.17, 26.66, 0.310, 1.382, 0.004

0, 8, 16, 2, 47.6118, 10.7643, 26.66, 26.66, 0.270, 1.402, 0.004

1, 8, 17, 2, 47.6118, 10.7643, 26.17, 26.66, 0.310, 1.375, 0.004

0, 8, 16, 3, 47.6118, 10.7643, 26.66, 26.66, 0.270, 1.405, 0.004

1, 8, 17, 3, 47.6118, 10.7643, 26.17, 26.66, 0.310, 1.384, 0.004

0, 8, 16, 4, 47.6118, 10.7643, 26.66, 26.66, 0.270, 1.402, 0.004

1, 8, 17, 4, 47.6118, 10.7643, 26.17, 26.66, 0.300, 1.383, 0.004

0, 8, 16, 0, 47.6118, 11.0143, 23.73, 23.24, 0.270, 1.395, 0.004

1, 8, 17, 0, 47.6118, 11.0143, 26.66, 23.24, 0.310, 1.382, 0.004

0, 8, 16, 1, 47.6118, 11.0143, 23.73, 23.24, 0.270, 1.396, 0.004

1, 8, 17, 1, 47.6118, 11.0143, 26.66, 23.24, 0.330, 1.379, 0.004

0, 8, 16, 2, 47.6118, 11.0143, 23.73, 23.24, 0.270, 1.399, 0.004

1, 8, 17, 2, 47.6118, 11.0143, 26.66, 23.24, 0.310, 1.385, 0.004

0, 8, 16, 3, 47.6118, 11.0143, 23.73, 23.24, 0.270, 1.409, 0.004

1, 8, 17, 3, 47.6118, 11.0143, 26.66, 23.24, 0.310, 1.384, 0.004

0, 8, 16, 4, 47.6118, 11.0143, 23.73, 23.24, 0.270, 1.407, 0.004

1, 8, 17, 4, 47.6118, 11.0143, 26.66, 23.24, 0.320, 1.386, 0.004

0, 8, 16, 0, 47.6118, 11.2643, 24.71, 24.22, 0.270, 1.393, 0.004

1, 8, 17, 0, 47.6118, 11.2643, 25.68, 24.22, 0.360, 1.381, 0.004

0, 8, 16, 1, 47.6118, 11.2643, 24.71, 24.22, 0.270, 1.399, 0.004

1, 8, 17, 1, 47.6118, 11.2643, 25.68, 24.22, 0.360, 1.391, 0.004

0, 8, 16, 2, 47.6118, 11.2643, 24.71, 24.22, 0.270, 1.399, 0.004

1, 8, 17, 2, 47.6118, 11.2643, 25.68, 24.22, 0.360, 1.385, 0.004

0, 8, 16, 3, 47.6118, 11.2643, 24.71, 24.22, 0.270, 1.395, 0.004

1, 8, 17, 3, 47.6118, 11.2643, 25.68, 24.22, 0.350, 1.387, 0.004

0, 8, 16, 4, 47.6118, 11.2643, 24.71, 24.22, 0.260, 1.401, 0.004

1, 8, 17, 4, 47.6118, 11.2643, 25.68, 24.22, 0.370, 1.382, 0.004

0, 8, 16, 0, 47.6118, 11.5143, 26.17, 25.68, 0.270, 1.396, 0.004

1, 8, 17, 0, 47.6118, 11.5143, 26.17, 25.68, 0.370, 1.387, 0.004

0, 8, 16, 1, 47.6118, 11.5143, 26.17, 25.68, 0.270, 1.399, 0.004

1, 8, 17, 1, 47.6118, 11.5143, 26.17, 25.68, 0.370, 1.369, 0.004

0, 8, 16, 2, 47.6118, 11.5143, 26.17, 25.68, 0.270, 1.394, 0.004

1, 8, 17, 2, 47.6118, 11.5143, 26.17, 25.68, 0.380, 1.391, 0.004

0, 8, 16, 3, 47.6118, 11.5143, 26.17, 25.68, 0.270, 1.402, 0.004

1, 8, 17, 3, 47.6118, 11.5143, 26.17, 25.68, 0.390, 1.380, 0.004

0, 8, 16, 4, 47.6118, 11.5143, 26.17, 25.68, 0.270, 1.398, 0.004

1, 8, 17, 4, 47.6118, 11.5143, 26.17, 25.68, 0.380, 1.379, 0.004

0, 8, 16, 0, 47.6118, 11.7643, 25.20, 24.71, 0.270, 1.390, 0.004

1, 8, 17, 0, 47.6118, 11.7643, 26.17, 24.71, 0.400, 1.392, 0.004

0, 8, 16, 1, 47.6118, 11.7643, 25.20, 24.71, 0.270, 1.397, 0.004

1, 8, 17, 1, 47.6118, 11.7643, 26.17, 24.71, 0.400, 1.386, 0.004

0, 8, 16, 2, 47.6118, 11.7643, 25.20, 24.71, 0.270, 1.403, 0.004

1, 8, 17, 2, 47.6118, 11.7643, 26.17, 24.71, 0.390, 1.369, 0.004

0, 8, 16, 3, 47.6118, 11.7643, 25.20, 24.71, 0.270, 1.395, 0.004

1, 8, 17, 3, 47.6118, 11.7643, 26.17, 24.71, 0.380, 1.387, 0.004

0, 8, 16, 4, 47.6118, 11.7643, 25.20, 24.71, 0.270, 1.399, 0.004

1, 8, 17, 4, 47.6118, 11.7643, 26.17, 24.71, 0.380, 1.380, 0.004

0, 8, 16, 0, 47.6118, 12.0143, 26.17, 23.73, 0.270, 1.397, 0.004

1, 8, 17, 0, 47.6118, 12.0143, 26.66, 23.73, 0.400, 1.372, 0.004

0, 8, 16, 1, 47.6118, 12.0143, 26.17, 23.73, 0.270, 1.403, 0.004

1, 8, 17, 1, 47.6118, 12.0143, 26.66, 23.73, 0.390, 1.382, 0.004

0, 8, 16, 2, 47.6118, 12.0143, 26.17, 23.73, 0.270, 1.398, 0.004

1, 8, 17, 2, 47.6118, 12.0143, 26.66, 23.73, 0.380, 1.381, 0.004

0, 8, 16, 3, 47.6118, 12.0143, 26.17, 23.73, 0.270, 1.399, 0.004

1, 8, 17, 3, 47.6118, 12.0143, 26.66, 23.73, 0.390, 1.380, 0.004

0, 8, 16, 4, 47.6118, 12.0143, 26.17, 23.73, 0.270, 1.400, 0.004

1, 8, 17, 4, 47.6118, 12.0143, 26.66, 23.73, 0.400, 1.381, 0.004

0, 8, 16, 0, 47.6118, 12.2643, 23.73, 25.68, 0.270, 1.395, 0.004

1, 8, 17, 0, 47.6118, 12.2643, 26.17, 25.68, 0.390, 1.381, 0.004

0, 8, 16, 1, 47.6118, 12.2643, 23.73, 25.68, 0.270, 1.388, 0.004

1, 8, 17, 1, 47.6118, 12.2643, 26.17, 25.68, 0.400, 1.383, 0.004

0, 8, 16, 2, 47.6118, 12.2643, 23.73, 25.68, 0.270, 1.400, 0.004

1, 8, 17, 2, 47.6118, 12.2643, 26.17, 25.68, 0.380, 1.383, 0.004

0, 8, 16, 3, 47.6118, 12.2643, 23.73, 25.68, 0.270, 1.396, 0.004

1, 8, 17, 3, 47.6118, 12.2643, 26.17, 25.68, 0.380, 1.385, 0.004

0, 8, 16, 4, 47.6118, 12.2643, 23.73, 25.68, 0.270, 1.399, 0.004

1, 8, 17, 4, 47.6118, 12.2643, 26.17, 25.68, 0.390, 1.377, 0.004

0, 8, 16, 0, 47.6118, 12.5143, 26.17, 25.20, 0.270, 1.398, 0.004

1, 8, 17, 0, 47.6118, 12.5143, 26.17, 25.20, 0.400, 1.382, 0.004

0, 8, 16, 1, 47.6118, 12.5143, 26.17, 25.20, 0.270, 1.399, 0.004

1, 8, 17, 1, 47.6118, 12.5143, 26.17, 25.20, 0.390, 1.387, 0.004

0, 8, 16, 2, 47.6118, 12.5143, 26.17, 25.20, 0.270, 1.397, 0.004

1, 8, 17, 2, 47.6118, 12.5143, 26.17, 25.20, 0.400, 1.376, 0.004

0, 8, 16, 3, 47.6118, 12.5143, 26.17, 25.20, 0.270, 1.396, 0.004

1, 8, 17, 3, 47.6118, 12.5143, 26.17, 25.20, 0.390, 1.383, 0.004

0, 8, 16, 4, 47.6118, 12.5143, 26.17, 25.20, 0.270, 1.396, 0.004

1, 8, 17, 4, 47.6118, 12.5143, 26.17, 25.20, 0.390, 1.379, 0.004

0, 8, 16, 0, 47.6118, 12.7643, 25.20, 25.68, 0.270, 1.400, 0.004

1, 8, 17, 0, 47.6118, 12.7643, 26.17, 25.68, 0.390, 1.373, 0.004

0, 8, 16, 1, 47.6118, 12.7643, 25.20, 25.68, 0.270, 1.397, 0.004

1, 8, 17, 1, 47.6118, 12.7643, 26.17, 25.68, 0.400, 1.377, 0.004

0, 8, 16, 2, 47.6118, 12.7643, 25.20, 25.68, 0.270, 1.399, 0.004

1, 8, 17, 2, 47.6118, 12.7643, 26.17, 25.68, 0.400, 1.381, 0.004

0, 8, 16, 3, 47.6118, 12.7643, 25.20, 25.68, 0.270, 1.405, 0.004

1, 8, 17, 3, 47.6118, 12.7643, 26.17, 25.68, 0.380, 1.375, 0.004

0, 8, 16, 4, 47.6118, 12.7643, 25.20, 25.68, 0.270, 1.394, 0.004

1, 8, 17, 4, 47.6118, 12.7643, 26.17, 25.68, 0.410, 1.378, 0.004

0, 8, 16, 0, 47.6118, 13.0143, 25.20, 25.20, 0.270, 1.403, 0.004

1, 8, 17, 0, 47.6118, 13.0143, 27.64, 25.20, 0.380, 1.382, 0.004

0, 8, 16, 1, 47.6118, 13.0143, 25.20, 25.20, 0.270, 1.398, 0.004

1, 8, 17, 1, 47.6118, 13.0143, 27.64, 25.20, 0.370, 1.377, 0.004

0, 8, 16, 2, 47.6118, 13.0143, 25.20, 25.20, 0.270, 1.393, 0.004

1, 8, 17, 2, 47.6118, 13.0143, 27.64, 25.20, 0.390, 1.383, 0.004

0, 8, 16, 3, 47.6118, 13.0143, 25.20, 25.20, 0.270, 1.397, 0.004

1, 8, 17, 3, 47.6118, 13.0143, 27.64, 25.20, 0.390, 1.379, 0.004

0, 8, 16, 4, 47.6118, 13.0143, 25.20, 25.20, 0.270, 1.400, 0.004

1, 8, 17, 4, 47.6118, 13.0143, 27.64, 25.20, 0.380, 1.392, 0.004

0, 8, 16, 0, 47.6118, 13.2643, 25.68, 25.68, 0.270, 1.397, 0.004

1, 8, 17, 0, 47.6118, 13.2643, 27.64, 25.68, 0.380, 1.387, 0.004

0, 8, 16, 1, 47.6118, 13.2643, 25.68, 25.68, 0.270, 1.401, 0.004

1, 8, 17, 1, 47.6118, 13.2643, 27.64, 25.68, 0.380, 1.385, 0.004

0, 8, 16, 2, 47.6118, 13.2643, 25.68, 25.68, 0.270, 1.401, 0.004

1, 8, 17, 2, 47.6118, 13.2643, 27.64, 25.68, 0.380, 1.381, 0.004

0, 8, 16, 3, 47.6118, 13.2643, 25.68, 25.68, 0.270, 1.403, 0.004

1, 8, 17, 3, 47.6118, 13.2643, 27.64, 25.68, 0.380, 1.372, 0.004

0, 8, 16, 4, 47.6118, 13.2643, 25.68, 25.68, 0.270, 1.397, 0.004

1, 8, 17, 4, 47.6118, 13.2643, 27.64, 25.68, 0.380, 1.379, 0.004

0, 8, 16, 0, 0, 0, 23.24, 26.66, 0.270, 1.398, 0.004

1, 8, 17, 0, 0, 0, 26.66, 26.66, 0.280, 1.380, 0.004

0, 8, 16, 1, 0, 0, 23.24, 26.66, 0.270, 1.396, 0.004

1, 8, 17, 1, 0, 0, 26.66, 26.66, 0.290, 1.382, 0.004

0, 8, 16, 2, 0, 0, 23.24, 26.66, 0.270, 1.401, 0.004

1, 8, 17, 2, 0, 0, 26.66, 26.66, 0.280, 1.381, 0.004

0, 8, 16, 3, 0, 0, 23.24, 26.66, 0.270, 1.393, 0.004

1, 8, 17, 3, 0, 0, 26.66, 26.66, 0.290, 1.374, 0.004

0, 8, 16, 4, 0, 0, 23.24, 26.66, 0.270, 1.394, 0.004

1, 8, 17, 4, 0, 0, 26.66, 26.66, 0.290, 1.379, 0.004

0, 8, 16, 0, 47.6118, 13.5143, 25.20, 26.17, 0.270, 1.399, 0.004

1, 8, 17, 0, 47.6118, 13.5143, 25.20, 26.17, 0.380, 1.384, 0.004

0, 8, 16, 1, 47.6118, 13.5143, 25.20, 26.17, 0.270, 1.391, 0.004

1, 8, 17, 1, 47.6118, 13.5143, 25.20, 26.17, 0.380, 1.383, 0.004

0, 8, 16, 2, 47.6118, 13.5143, 25.20, 26.17, 0.270, 1.402, 0.004

1, 8, 17, 2, 47.6118, 13.5143, 25.20, 26.17, 0.380, 1.387, 0.004

0, 8, 16, 3, 47.6118, 13.5143, 25.20, 26.17, 0.270, 1.399, 0.004

1, 8, 17, 3, 47.6118, 13.5143, 25.20, 26.17, 0.380, 1.389, 0.004

0, 8, 16, 4, 47.6118, 13.5143, 25.20, 26.17, 0.270, 1.393, 0.004

1, 8, 17, 4, 47.6118, 13.5143, 25.20, 26.17, 0.380, 1.381, 0.004

0, 8, 16, 0, 47.6118, 13.7643, 23.24, 25.68, 0.270, 1.396, 0.004

1, 8, 17, 0, 47.6118, 13.7643, 25.20, 25.68, 0.410, 1.384, 0.004

0, 8, 16, 1, 47.6118, 13.7643, 23.24, 25.68, 0.270, 1.397, 0.004

1, 8, 17, 1, 47.6118, 13.7643, 25.20, 25.68, 0.420, 1.347, 0.004

0, 8, 16, 2, 47.6118, 13.7643, 23.24, 25.68, 0.270, 1.393, 0.004

1, 8, 17, 2, 47.6118, 13.7643, 25.20, 25.68, 0.390, 1.382, 0.004

0, 8, 16, 3, 47.6118, 13.7643, 23.24, 25.68, 0.260, 1.403, 0.004

1, 8, 17, 3, 47.6118, 13.7643, 25.20, 25.68, 0.390, 1.381, 0.004

0, 8, 16, 4, 47.6118, 13.7643, 23.24, 25.68, 0.270, 1.403, 0.004

1, 8, 17, 4, 47.6118, 13.7643, 25.20, 25.68, 0.420, 1.379, 0.004

0, 8, 16, 0, 47.6118, 14.0143, 23.73, 24.22, 0.270, 1.397, 0.004

1, 8, 17, 0, 47.6118, 14.0143, 26.17, 24.22, 0.420, 1.393, 0.004

0, 8, 16, 1, 47.6118, 14.0143, 23.73, 24.22, 0.260, 1.400, 0.004

1, 8, 17, 1, 47.6118, 14.0143, 26.17, 24.22, 0.420, 1.381, 0.004

0, 8, 16, 2, 47.6118, 14.0143, 23.73, 24.22, 0.270, 1.401, 0.004

1, 8, 17, 2, 47.6118, 14.0143, 26.17, 24.22, 0.420, 1.375, 0.004

0, 8, 16, 3, 47.6118, 14.0143, 23.73, 24.22, 0.270, 1.397, 0.004

1, 8, 17, 3, 47.6118, 14.0143, 26.17, 24.22, 0.390, 1.382, 0.004

0, 8, 16, 4, 47.6118, 14.0143, 23.73, 24.22, 0.270, 1.394, 0.004

1, 8, 17, 4, 47.6118, 14.0143, 26.17, 24.22, 0.380, 1.386, 0.004

0, 8, 16, 0, 47.6118, 14.2643, 26.17, 25.68, 0.270, 1.398, 0.004

1, 8, 17, 0, 47.6118, 14.2643, 25.68, 25.68, 0.410, 1.357, 0.004

0, 8, 16, 1, 47.6118, 14.2643, 26.17, 25.68, 0.270, 1.398, 0.004

1, 8, 17, 1, 47.6118, 14.2643, 25.68, 25.68, 0.390, 1.374, 0.004

0, 8, 16, 2, 47.6118, 14.2643, 26.17, 25.68, 0.270, 1.390, 0.004

1, 8, 17, 2, 47.6118, 14.2643, 25.68, 25.68, 0.420, 1.383, 0.004

0, 8, 16, 3, 47.6118, 14.2643, 26.17, 25.68, 0.270, 1.398, 0.004

1, 8, 17, 3, 47.6118, 14.2643, 25.68, 25.68, 0.410, 1.377, 0.004

0, 8, 16, 4, 47.6118, 14.2643, 26.17, 25.68, 0.270, 1.399, 0.004

1, 8, 17, 4, 47.6118, 14.2643, 25.68, 25.68, 0.410, 1.390, 0.004

0, 8, 16, 0, 47.6118, 14.5143, 26.17, 25.68, 0.270, 1.398, 0.004

1, 8, 17, 0, 47.6118, 14.5143, 26.17, 25.68, 0.410, 1.381, 0.004

0, 8, 16, 1, 47.6118, 14.5143, 26.17, 25.68, 0.270, 1.399, 0.004

1, 8, 17, 1, 47.6118, 14.5143, 26.17, 25.68, 0.400, 1.388, 0.004

0, 8, 16, 2, 47.6118, 14.5143, 26.17, 25.68, 0.270, 1.402, 0.004

1, 8, 17, 2, 47.6118, 14.5143, 26.17, 25.68, 0.410, 1.381, 0.004

0, 8, 16, 3, 47.6118, 14.5143, 26.17, 25.68, 0.270, 1.401, 0.004

1, 8, 17, 3, 47.6118, 14.5143, 26.17, 25.68, 0.400, 1.384, 0.004

0, 8, 16, 4, 47.6118, 14.5143, 26.17, 25.68, 0.270, 1.396, 0.004

1, 8, 17, 4, 47.6118, 14.5143, 26.17, 25.68, 0.410, 1.388, 0.004

0, 8, 16, 0, 47.6118, 14.7643, 24.22, 24.22, 0.270, 1.396, 0.004

1, 8, 17, 0, 47.6118, 14.7643, 26.66, 24.22, 0.390, 1.386, 0.004

0, 8, 16, 1, 47.6118, 14.7643, 24.22, 24.22, 0.270, 1.398, 0.004

1, 8, 17, 1, 47.6118, 14.7643, 26.66, 24.22, 0.400, 1.377, 0.004

0, 8, 16, 2, 47.6118, 14.7643, 24.22, 24.22, 0.270, 1.395, 0.004

1, 8, 17, 2, 47.6118, 14.7643, 26.66, 24.22, 0.400, 1.372, 0.004

0, 8, 16, 3, 47.6118, 14.7643, 24.22, 24.22, 0.270, 1.402, 0.004

1, 8, 17, 3, 47.6118, 14.7643, 26.66, 24.22, 0.390, 1.377, 0.004

0, 8, 16, 4, 47.6118, 14.7643, 24.22, 24.22, 0.270, 1.396, 0.004

1, 8, 17, 4, 47.6118, 14.7643, 26.66, 24.22, 0.390, 1.382, 0.004

0, 8, 16, 0, 47.6118, 15.0143, 29.59, 26.17, 0.270, 1.399, 0.004

1, 8, 17, 0, 47.6118, 15.0143, 26.66, 26.17, 0.410, 1.376, 0.004

0, 8, 16, 1, 47.6118, 15.0143, 29.59, 26.17, 0.270, 1.404, 0.004

1, 8, 17, 1, 47.6118, 15.0143, 26.66, 26.17, 0.400, 1.381, 0.004

0, 8, 16, 2, 47.6118, 15.0143, 29.59, 26.17, 0.270, 1.403, 0.004

1, 8, 17, 2, 47.6118, 15.0143, 26.66, 26.17, 0.400, 1.383, 0.004

0, 8, 16, 3, 47.6118, 15.0143, 29.59, 26.17, 0.270, 1.402, 0.004

1, 8, 17, 3, 47.6118, 15.0143, 26.66, 26.17, 0.410, 1.384, 0.004

0, 8, 16, 4, 47.6118, 15.0143, 29.59, 26.17, 0.270, 1.401, 0.004

1, 8, 17, 4, 47.6118, 15.0143, 26.66, 26.17, 0.410, 1.376, 0.004

0, 8, 16, 0, 47.6118, 15.2643, 25.68, 24.22, 0.270, 1.391, 0.004

1, 8, 17, 0, 47.6118, 15.2643, 26.66, 24.22, 0.390, 1.387, 0.004

0, 8, 16, 1, 47.6118, 15.2643, 25.68, 24.22, 0.270, 1.402, 0.004

1, 8, 17, 1, 47.6118, 15.2643, 26.66, 24.22, 0.400, 1.378, 0.004

0, 8, 16, 2, 47.6118, 15.2643, 25.68, 24.22, 0.270, 1.397, 0.004

1, 8, 17, 2, 47.6118, 15.2643, 26.66, 24.22, 0.400, 1.376, 0.004

0, 8, 16, 3, 47.6118, 15.2643, 25.68, 24.22, 0.270, 1.396, 0.004

1, 8, 17, 3, 47.6118, 15.2643, 26.66, 24.22, 0.400, 1.379, 0.004

0, 8, 16, 4, 47.6118, 15.2643, 25.68, 24.22, 0.270, 1.403, 0.004

1, 8, 17, 4, 47.6118, 15.2643, 26.66, 24.22, 0.390, 1.376, 0.004

0, 8, 16, 0, 47.6118, 15.5143, 25.20, 25.68, 0.270, 1.388, 0.004

1, 8, 17, 0, 47.6118, 15.5143, 25.20, 25.68, 0.400, 1.378, 0.004

0, 8, 16, 1, 47.6118, 15.5143, 25.20, 25.68, 0.270, 1.395, 0.004

1, 8, 17, 1, 47.6118, 15.5143, 25.20, 25.68, 0.400, 1.380, 0.004

0, 8, 16, 2, 47.6118, 15.5143, 25.20, 25.68, 0.270, 1.399, 0.004

1, 8, 17, 2, 47.6118, 15.5143, 25.20, 25.68, 0.400, 1.385, 0.004

0, 8, 16, 3, 47.6118, 15.5143, 25.20, 25.68, 0.270, 1.405, 0.004

1, 8, 17, 3, 47.6118, 15.5143, 25.20, 25.68, 0.390, 1.388, 0.004

0, 8, 16, 4, 47.6118, 15.5143, 25.20, 25.68, 0.270, 1.404, 0.004

1, 8, 17, 4, 47.6118, 15.5143, 25.20, 25.68, 0.400, 1.379, 0.004

0, 8, 16, 0, 47.6118, 15.7643, 24.71, 26.17, 0.270, 1.395, 0.004

1, 8, 17, 0, 47.6118, 15.7643, 26.66, 26.17, 0.410, 1.379, 0.004

0, 8, 16, 1, 47.6118, 15.7643, 24.71, 26.17, 0.270, 1.398, 0.004

1, 8, 17, 1, 47.6118, 15.7643, 26.66, 26.17, 0.400, 1.381, 0.004

0, 8, 16, 2, 47.6118, 15.7643, 24.71, 26.17, 0.270, 1.399, 0.004

1, 8, 17, 2, 47.6118, 15.7643, 26.66, 26.17, 0.390, 1.382, 0.004

0, 8, 16, 3, 47.6118, 15.7643, 24.71, 26.17, 0.270, 1.399, 0.004

1, 8, 17, 3, 47.6118, 15.7643, 26.66, 26.17, 0.390, 1.378, 0.004

0, 8, 16, 4, 47.6118, 15.7643, 24.71, 26.17, 0.270, 1.396, 0.004

1, 8, 17, 4, 47.6118, 15.7643, 26.66, 26.17, 0.400, 1.383, 0.004

0, 8, 16, 0, 47.6118, 16.0143, 25.20, 24.71, 0.260, 1.400, 0.004

1, 8, 17, 0, 47.6118, 16.0143, 26.17, 24.71, 0.410, 1.395, 0.004

0, 8, 16, 1, 47.6118, 16.0143, 25.20, 24.71, 0.270, 1.401, 0.004

1, 8, 17, 1, 47.6118, 16.0143, 26.17, 24.71, 0.410, 1.382, 0.004

0, 8, 16, 2, 47.6118, 16.0143, 25.20, 24.71, 0.270, 1.394, 0.004

1, 8, 17, 2, 47.6118, 16.0143, 26.17, 24.71, 0.400, 1.378, 0.004

0, 8, 16, 3, 47.6118, 16.0143, 25.20, 24.71, 0.270, 1.402, 0.004

1, 8, 17, 3, 47.6118, 16.0143, 26.17, 24.71, 0.400, 1.381, 0.004

0, 8, 16, 4, 47.6118, 16.0143, 25.20, 24.71, 0.270, 1.396, 0.004

1, 8, 17, 4, 47.6118, 16.0143, 26.17, 24.71, 0.400, 1.383, 0.004

0, 8, 16, 0, 47.6118, 16.2643, 23.24, 25.68, 0.270, 1.397, 0.004

1, 8, 17, 0, 47.6118, 16.2643, 25.68, 25.68, 0.390, 1.396, 0.004

0, 8, 16, 1, 47.6118, 16.2643, 23.24, 25.68, 0.270, 1.403, 0.004

1, 8, 17, 1, 47.6118, 16.2643, 25.68, 25.68, 0.410, 1.388, 0.004

0, 8, 16, 2, 47.6118, 16.2643, 23.24, 25.68, 0.270, 1.397, 0.004

1, 8, 17, 2, 47.6118, 16.2643, 25.68, 25.68, 0.420, 1.391, 0.004

0, 8, 16, 3, 47.6118, 16.2643, 23.24, 25.68, 0.270, 1.398, 0.004

1, 8, 17, 3, 47.6118, 16.2643, 25.68, 25.68, 0.410, 1.382, 0.004

0, 8, 16, 4, 47.6118, 16.2643, 23.24, 25.68, 0.270, 1.401, 0.004

1, 8, 17, 4, 47.6118, 16.2643, 25.68, 25.68, 0.390, 1.374, 0.004

0, 8, 16, 0, 47.6118, 16.5143, 25.20, 25.68, 0.270, 1.399, 0.004

1, 8, 17, 0, 47.6118, 16.5143, 26.17, 25.68, 0.420, 1.386, 0.004

0, 8, 16, 1, 47.6118, 16.5143, 25.20, 25.68, 0.270, 1.400, 0.004

1, 8, 17, 1, 47.6118, 16.5143, 26.17, 25.68, 0.390, 1.383, 0.004

0, 8, 16, 2, 47.6118, 16.5143, 25.20, 25.68, 0.270, 1.403, 0.004

1, 8, 17, 2, 47.6118, 16.5143, 26.17, 25.68, 0.420, 1.381, 0.004

0, 8, 16, 3, 47.6118, 16.5143, 25.20, 25.68, 0.270, 1.397, 0.004

1, 8, 17, 3, 47.6118, 16.5143, 26.17, 25.68, 0.400, 1.382, 0.004

0, 8, 16, 4, 47.6118, 16.5143, 25.20, 25.68, 0.270, 1.403, 0.004

1, 8, 17, 4, 47.6118, 16.5143, 26.17, 25.68, 0.400, 1.378, 0.004

0, 8, 16, 0, 47.6118, 16.7643, 25.68, 25.20, 0.260, 1.399, 0.004

1, 8, 17, 0, 47.6118, 16.7643, 26.17, 25.20, 0.420, 1.380, 0.004

0, 8, 16, 1, 47.6118, 16.7643, 25.68, 25.20, 0.270, 1.397, 0.004

1, 8, 17, 1, 47.6118, 16.7643, 26.17, 25.20, 0.400, 1.370, 0.004

0, 8, 16, 2, 47.6118, 16.7643, 25.68, 25.20, 0.270, 1.398, 0.004

1, 8, 17, 2, 47.6118, 16.7643, 26.17, 25.20, 0.400, 1.386, 0.004

0, 8, 16, 3, 47.6118, 16.7643, 25.68, 25.20, 0.270, 1.406, 0.004

1, 8, 17, 3, 47.6118, 16.7643, 26.17, 25.20, 0.420, 1.376, 0.004

0, 8, 16, 4, 47.6118, 16.7643, 25.68, 25.20, 0.270, 1.398, 0.004

1, 8, 17, 4, 47.6118, 16.7643, 26.17, 25.20, 0.410, 1.377, 0.004

0, 8, 16, 0, 47.6118, 17.0143, 24.71, 25.20, 0.270, 1.403, 0.004

1, 8, 17, 0, 47.6118, 17.0143, 25.20, 25.20, 0.410, 1.384, 0.004

0, 8, 16, 1, 47.6118, 17.0143, 24.71, 25.20, 0.270, 1.403, 0.004

1, 8, 17, 1, 47.6118, 17.0143, 25.20, 25.20, 0.410, 1.382, 0.004

0, 8, 16, 2, 47.6118, 17.0143, 24.71, 25.20, 0.270, 1.392, 0.004

1, 8, 17, 2, 47.6118, 17.0143, 25.20, 25.20, 0.400, 1.378, 0.004

0, 8, 16, 3, 47.6118, 17.0143, 24.71, 25.20, 0.270, 1.401, 0.004

1, 8, 17, 3, 47.6118, 17.0143, 25.20, 25.20, 0.410, 1.387, 0.004

0, 8, 16, 4, 47.6118, 17.0143, 24.71, 25.20, 0.270, 1.393, 0.004

1, 8, 17, 4, 47.6118, 17.0143, 25.20, 25.20, 0.400, 1.387, 0.004

0, 8, 16, 0, 47.6118, 17.2643, 24.22, 25.20, 0.270, 1.402, 0.004

1, 8, 17, 0, 47.6118, 17.2643, 25.20, 25.20, 0.410, 1.378, 0.004

0, 8, 16, 1, 47.6118, 17.2643, 24.22, 25.20, 0.270, 1.399, 0.004

1, 8, 17, 1, 47.6118, 17.2643, 25.20, 25.20, 0.390, 1.391, 0.004

0, 8, 16, 2, 47.6118, 17.2643, 24.22, 25.20, 0.270, 1.396, 0.004

1, 8, 17, 2, 47.6118, 17.2643, 25.20, 25.20, 0.400, 1.386, 0.004

0, 8, 16, 3, 47.6118, 17.2643, 24.22, 25.20, 0.270, 1.397, 0.004

1, 8, 17, 3, 47.6118, 17.2643, 25.20, 25.20, 0.400, 1.383, 0.004

0, 8, 16, 4, 47.6118, 17.2643, 24.22, 25.20, 0.270, 1.404, 0.004

1, 8, 17, 4, 47.6118, 17.2643, 25.20, 25.20, 0.390, 1.383, 0.004

0, 8, 16, 0, 0, 0, 26.17, 25.68, 0.270, 1.403, 0.004

1, 8, 17, 0, 0, 0, 27.15, 25.68, 0.280, 1.389, 0.004

0, 8, 16, 1, 0, 0, 26.17, 25.68, 0.270, 1.403, 0.004

1, 8, 17, 1, 0, 0, 27.15, 25.68, 0.310, 1.390, 0.004

0, 8, 16, 2, 0, 0, 26.17, 25.68, 0.270, 1.390, 0.004

1, 8, 17, 2, 0, 0, 27.15, 25.68, 0.280, 1.390, 0.004

0, 8, 16, 3, 0, 0, 26.17, 25.68, 0.270, 1.401, 0.004

1, 8, 17, 3, 0, 0, 27.15, 25.68, 0.300, 1.397, 0.004

0, 8, 16, 4, 0, 0, 26.17, 25.68, 0.270, 1.399, 0.004

1, 8, 17, 4, 0, 0, 27.15, 25.68, 0.280, 1.383, 0.004

0, 8, 16, 0, 47.6118, 17.5143, 25.68, 25.68, 0.270, 1.398, 0.004

1, 8, 17, 0, 47.6118, 17.5143, 26.17, 25.68, 0.400, 1.380, 0.004

0, 8, 16, 1, 47.6118, 17.5143, 25.68, 25.68, 0.270, 1.397, 0.004

1, 8, 17, 1, 47.6118, 17.5143, 26.17, 25.68, 0.420, 1.380, 0.004

0, 8, 16, 2, 47.6118, 17.5143, 25.68, 25.68, 0.270, 1.401, 0.004

1, 8, 17, 2, 47.6118, 17.5143, 26.17, 25.68, 0.410, 1.385, 0.004

0, 8, 16, 3, 47.6118, 17.5143, 25.68, 25.68, 0.270, 1.398, 0.004

1, 8, 17, 3, 47.6118, 17.5143, 26.17, 25.68, 0.410, 1.371, 0.004

0, 8, 16, 4, 47.6118, 17.5143, 25.68, 25.68, 0.270, 1.398, 0.004

1, 8, 17, 4, 47.6118, 17.5143, 26.17, 25.68, 0.410, 1.386, 0.004

0, 8, 16, 0, 47.6118, 17.7643, 25.20, 24.71, 0.270, 1.399, 0.004

1, 8, 17, 0, 47.6118, 17.7643, 25.68, 24.71, 0.400, 1.375, 0.004

0, 8, 16, 1, 47.6118, 17.7643, 25.20, 24.71, 0.270, 1.399, 0.004

1, 8, 17, 1, 47.6118, 17.7643, 25.68, 24.71, 0.400, 1.387, 0.004

0, 8, 16, 2, 47.6118, 17.7643, 25.20, 24.71, 0.270, 1.397, 0.004

1, 8, 17, 2, 47.6118, 17.7643, 25.68, 24.71, 0.410, 1.388, 0.004

0, 8, 16, 3, 47.6118, 17.7643, 25.20, 24.71, 0.270, 1.397, 0.004

1, 8, 17, 3, 47.6118, 17.7643, 25.68, 24.71, 0.410, 1.378, 0.004

0, 8, 16, 4, 47.6118, 17.7643, 25.20, 24.71, 0.270, 1.398, 0.004

1, 8, 17, 4, 47.6118, 17.7643, 25.68, 24.71, 0.410, 1.380, 0.004

0, 8, 16, 0, 47.6118, 18.0143, 25.20, 26.66, 0.270, 1.399, 0.004

1, 8, 17, 0, 47.6118, 18.0143, 28.12, 26.66, 0.420, 1.394, 0.004

0, 8, 16, 1, 47.6118, 18.0143, 25.20, 26.66, 0.270, 1.393, 0.004

1, 8, 17, 1, 47.6118, 18.0143, 28.12, 26.66, 0.410, 1.380, 0.004

0, 8, 16, 2, 47.6118, 18.0143, 25.20, 26.66, 0.270, 1.402, 0.004

1, 8, 17, 2, 47.6118, 18.0143, 28.12, 26.66, 0.400, 1.359, 0.004

0, 8, 16, 3, 47.6118, 18.0143, 25.20, 26.66, 0.270, 1.390, 0.004

1, 8, 17, 3, 47.6118, 18.0143, 28.12, 26.66, 0.400, 1.376, 0.004

0, 8, 16, 4, 47.6118, 18.0143, 25.20, 26.66, 0.270, 1.398, 0.004

1, 8, 17, 4, 47.6118, 18.0143, 28.12, 26.66, 0.420, 1.376, 0.004

0, 8, 16, 0, 47.6118, 18.2643, 25.68, 26.66, 0.270, 1.397, 0.004

1, 8, 17, 0, 47.6118, 18.2643, 26.17, 26.66, 0.410, 1.377, 0.004

0, 8, 16, 1, 47.6118, 18.2643, 25.68, 26.66, 0.270, 1.397, 0.004

1, 8, 17, 1, 47.6118, 18.2643, 26.17, 26.66, 0.410, 1.340, 0.004

0, 8, 16, 2, 47.6118, 18.2643, 25.68, 26.66, 0.270, 1.397, 0.004

1, 8, 17, 2, 47.6118, 18.2643, 26.17, 26.66, 0.400, 1.368, 0.004

0, 8, 16, 3, 47.6118, 18.2643, 25.68, 26.66, 0.270, 1.390, 0.004

1, 8, 17, 3, 47.6118, 18.2643, 26.17, 26.66, 0.410, 1.381, 0.004

0, 8, 16, 4, 47.6118, 18.2643, 25.68, 26.66, 0.280, 1.406, 0.004

1, 8, 17, 4, 47.6118, 18.2643, 26.17, 26.66, 0.410, 1.380, 0.004

0, 8, 16, 0, 47.6118, 18.5143, 25.20, 25.20, 0.270, 1.393, 0.004

1, 8, 17, 0, 47.6118, 18.5143, 26.17, 25.20, 0.410, 1.383, 0.004

0, 8, 16, 1, 47.6118, 18.5143, 25.20, 25.20, 0.270, 1.402, 0.004

1, 8, 17, 1, 47.6118, 18.5143, 26.17, 25.20, 0.410, 1.378, 0.004

0, 8, 16, 2, 47.6118, 18.5143, 25.20, 25.20, 0.270, 1.402, 0.004

1, 8, 17, 2, 47.6118, 18.5143, 26.17, 25.20, 0.410, 1.371, 0.004

0, 8, 16, 3, 47.6118, 18.5143, 25.20, 25.20, 0.270, 1.400, 0.004

1, 8, 17, 3, 47.6118, 18.5143, 26.17, 25.20, 0.410, 1.381, 0.004

0, 8, 16, 4, 47.6118, 18.5143, 25.20, 25.20, 0.270, 1.400, 0.004

1, 8, 17, 4, 47.6118, 18.5143, 26.17, 25.20, 0.410, 1.379, 0.004

0, 8, 16, 0, 47.6118, 18.7643, 25.20, 23.73, 0.270, 1.390, 0.004

1, 8, 17, 0, 47.6118, 18.7643, 28.61, 23.73, 0.410, 1.388, 0.004

0, 8, 16, 1, 47.6118, 18.7643, 25.20, 23.73, 0.270, 1.397, 0.004

1, 8, 17, 1, 47.6118, 18.7643, 28.61, 23.73, 0.410, 1.390, 0.004

0, 8, 16, 2, 47.6118, 18.7643, 25.20, 23.73, 0.270, 1.397, 0.004

1, 8, 17, 2, 47.6118, 18.7643, 28.61, 23.73, 0.410, 1.383, 0.004

0, 8, 16, 3, 47.6118, 18.7643, 25.20, 23.73, 0.270, 1.398, 0.004

1, 8, 17, 3, 47.6118, 18.7643, 28.61, 23.73, 0.410, 1.383, 0.004

0, 8, 16, 4, 47.6118, 18.7643, 25.20, 23.73, 0.270, 1.399, 0.004

1, 8, 17, 4, 47.6118, 18.7643, 28.61, 23.73, 0.410, 1.387, 0.004

0, 8, 16, 0, 47.6118, 19.0143, 25.20, 24.71, 0.270, 1.401, 0.004

1, 8, 17, 0, 47.6118, 19.0143, 26.17, 24.71, 0.410, 1.378, 0.004

0, 8, 16, 1, 47.6118, 19.0143, 25.20, 24.71, 0.270, 1.396, 0.004

1, 8, 17, 1, 47.6118, 19.0143, 26.17, 24.71, 0.420, 1.373, 0.004

0, 8, 16, 2, 47.6118, 19.0143, 25.20, 24.71, 0.270, 1.401, 0.004

1, 8, 17, 2, 47.6118, 19.0143, 26.17, 24.71, 0.410, 1.383, 0.004

0, 8, 16, 3, 47.6118, 19.0143, 25.20, 24.71, 0.270, 1.396, 0.004

1, 8, 17, 3, 47.6118, 19.0143, 26.17, 24.71, 0.420, 1.379, 0.004

0, 8, 16, 4, 47.6118, 19.0143, 25.20, 24.71, 0.270, 1.397, 0.004

1, 8, 17, 4, 47.6118, 19.0143, 26.17, 24.71, 0.410, 1.383, 0.004

0, 8, 16, 0, 47.6118, 19.2643, 26.66, 24.71, 0.270, 1.403, 0.004

1, 8, 17, 0, 47.6118, 19.2643, 26.17, 24.71, 0.410, 1.370, 0.004

0, 8, 16, 1, 47.6118, 19.2643, 26.66, 24.71, 0.270, 1.398, 0.004

1, 8, 17, 1, 47.6118, 19.2643, 26.17, 24.71, 0.400, 1.369, 0.004

0, 8, 16, 2, 47.6118, 19.2643, 26.66, 24.71, 0.270, 1.402, 0.004

1, 8, 17, 2, 47.6118, 19.2643, 26.17, 24.71, 0.400, 1.375, 0.004

0, 8, 16, 3, 47.6118, 19.2643, 26.66, 24.71, 0.270, 1.398, 0.004

1, 8, 17, 3, 47.6118, 19.2643, 26.17, 24.71, 0.390, 1.377, 0.004

0, 8, 16, 4, 47.6118, 19.2643, 26.66, 24.71, 0.270, 1.401, 0.004

1, 8, 17, 4, 47.6118, 19.2643, 26.17, 24.71, 0.390, 1.372, 0.004

0, 8, 16, 0, 47.6118, 19.5143, 24.71, 26.17, 0.270, 1.392, 0.004

1, 8, 17, 0, 47.6118, 19.5143, 26.17, 26.17, 0.420, 1.383, 0.004

0, 8, 16, 1, 47.6118, 19.5143, 24.71, 26.17, 0.270, 1.399, 0.004

1, 8, 17, 1, 47.6118, 19.5143, 26.17, 26.17, 0.400, 1.373, 0.004

0, 8, 16, 2, 47.6118, 19.5143, 24.71, 26.17, 0.270, 1.404, 0.004

1, 8, 17, 2, 47.6118, 19.5143, 26.17, 26.17, 0.390, 1.358, 0.004

0, 8, 16, 3, 47.6118, 19.5143, 24.71, 26.17, 0.270, 1.400, 0.004

1, 8, 17, 3, 47.6118, 19.5143, 26.17, 26.17, 0.410, 1.382, 0.004

0, 8, 16, 4, 47.6118, 19.5143, 24.71, 26.17, 0.270, 1.395, 0.004

1, 8, 17, 4, 47.6118, 19.5143, 26.17, 26.17, 0.410, 1.373, 0.004

0, 8, 16, 0, 47.6118, 19.7643, 24.22, 25.20, 0.270, 1.403, 0.004

1, 8, 17, 0, 47.6118, 19.7643, 25.68, 25.20, 0.400, 1.381, 0.004

0, 8, 16, 1, 47.6118, 19.7643, 24.22, 25.20, 0.270, 1.395, 0.004

1, 8, 17, 1, 47.6118, 19.7643, 25.68, 25.20, 0.410, 1.384, 0.004

0, 8, 16, 2, 47.6118, 19.7643, 24.22, 25.20, 0.270, 1.400, 0.004

1, 8, 17, 2, 47.6118, 19.7643, 25.68, 25.20, 0.410, 1.373, 0.004

0, 8, 16, 3, 47.6118, 19.7643, 24.22, 25.20, 0.270, 1.401, 0.004

1, 8, 17, 3, 47.6118, 19.7643, 25.68, 25.20, 0.400, 1.381, 0.004

0, 8, 16, 4, 47.6118, 19.7643, 24.22, 25.20, 0.270, 1.401, 0.004

1, 8, 17, 4, 47.6118, 19.7643, 25.68, 25.20, 0.410, 1.375, 0.004

0, 8, 16, 0, 47.6118, 20.0143, 24.22, 25.68, 0.270, 1.406, 0.004

1, 8, 17, 0, 47.6118, 20.0143, 25.68, 25.68, 0.410, 1.384, 0.004

0, 8, 16, 1, 47.6118, 20.0143, 24.22, 25.68, 0.270, 1.394, 0.004

1, 8, 17, 1, 47.6118, 20.0143, 25.68, 25.68, 0.410, 1.386, 0.004

0, 8, 16, 2, 47.6118, 20.0143, 24.22, 25.68, 0.270, 1.401, 0.004

1, 8, 17, 2, 47.6118, 20.0143, 25.68, 25.68, 0.420, 1.376, 0.004

0, 8, 16, 3, 47.6118, 20.0143, 24.22, 25.68, 0.270, 1.396, 0.004

1, 8, 17, 3, 47.6118, 20.0143, 25.68, 25.68, 0.410, 1.381, 0.004

0, 8, 16, 4, 47.6118, 20.0143, 24.22, 25.68, 0.270, 1.399, 0.004

1, 8, 17, 4, 47.6118, 20.0143, 25.68, 25.68, 0.400, 1.388, 0.004

0, 8, 16, 0, 47.6118, 20.2643, 24.22, 23.73, 0.270, 1.394, 0.004

1, 8, 17, 0, 47.6118, 20.2643, 26.66, 23.73, 0.400, 1.385, 0.004

0, 8, 16, 1, 47.6118, 20.2643, 24.22, 23.73, 0.270, 1.399, 0.004

1, 8, 17, 1, 47.6118, 20.2643, 26.66, 23.73, 0.400, 1.374, 0.004

0, 8, 16, 2, 47.6118, 20.2643, 24.22, 23.73, 0.270, 1.398, 0.004

1, 8, 17, 2, 47.6118, 20.2643, 26.66, 23.73, 0.400, 1.376, 0.004

0, 8, 16, 3, 47.6118, 20.2643, 24.22, 23.73, 0.270, 1.400, 0.004

1, 8, 17, 3, 47.6118, 20.2643, 26.66, 23.73, 0.400, 1.386, 0.004

0, 8, 16, 4, 47.6118, 20.2643, 24.22, 23.73, 0.270, 1.400, 0.004

1, 8, 17, 4, 47.6118, 20.2643, 26.66, 23.73, 0.400, 1.381, 0.004

0, 8, 16, 0, 47.6118, 20.5143, 28.12, 26.17, 0.270, 1.396, 0.004

1, 8, 17, 0, 47.6118, 20.5143, 27.15, 26.17, 0.390, 1.382, 0.004

0, 8, 16, 1, 47.6118, 20.5143, 28.12, 26.17, 0.270, 1.398, 0.004

1, 8, 17, 1, 47.6118, 20.5143, 27.15, 26.17, 0.410, 1.380, 0.004

0, 8, 16, 2, 47.6118, 20.5143, 28.12, 26.17, 0.270, 1.396, 0.004

1, 8, 17, 2, 47.6118, 20.5143, 27.15, 26.17, 0.410, 1.385, 0.004

0, 8, 16, 3, 47.6118, 20.5143, 28.12, 26.17, 0.270, 1.401, 0.004

1, 8, 17, 3, 47.6118, 20.5143, 27.15, 26.17, 0.410, 1.377, 0.004

0, 8, 16, 4, 47.6118, 20.5143, 28.12, 26.17, 0.270, 1.396, 0.004

1, 8, 17, 4, 47.6118, 20.5143, 27.15, 26.17, 0.410, 1.380, 0.004

0, 8, 16, 0, 47.6118, 20.7643, 24.71, 24.71, 0.270, 1.396, 0.004

1, 8, 17, 0, 47.6118, 20.7643, 26.17, 24.71, 0.390, 1.366, 0.004

0, 8, 16, 1, 47.6118, 20.7643, 24.71, 24.71, 0.270, 1.402, 0.004

1, 8, 17, 1, 47.6118, 20.7643, 26.17, 24.71, 0.390, 1.385, 0.004

0, 8, 16, 2, 47.6118, 20.7643, 24.71, 24.71, 0.270, 1.402, 0.004

1, 8, 17, 2, 47.6118, 20.7643, 26.17, 24.71, 0.380, 1.382, 0.004

0, 8, 16, 3, 47.6118, 20.7643, 24.71, 24.71, 0.270, 1.399, 0.004

1, 8, 17, 3, 47.6118, 20.7643, 26.17, 24.71, 0.390, 1.383, 0.004

0, 8, 16, 4, 47.6118, 20.7643, 24.71, 24.71, 0.270, 1.402, 0.004

1, 8, 17, 4, 47.6118, 20.7643, 26.17, 24.71, 0.380, 1.381, 0.004

0, 8, 16, 0, 47.6118, 21.0143, 25.68, 24.71, 0.270, 1.396, 0.004

1, 8, 17, 0, 47.6118, 21.0143, 26.17, 24.71, 0.390, 1.374, 0.004

0, 8, 16, 1, 47.6118, 21.0143, 25.68, 24.71, 0.270, 1.394, 0.004

1, 8, 17, 1, 47.6118, 21.0143, 26.17, 24.71, 0.390, 1.381, 0.004

0, 8, 16, 2, 47.6118, 21.0143, 25.68, 24.71, 0.270, 1.396, 0.004

1, 8, 17, 2, 47.6118, 21.0143, 26.17, 24.71, 0.390, 1.384, 0.004

0, 8, 16, 3, 47.6118, 21.0143, 25.68, 24.71, 0.270, 1.398, 0.004

1, 8, 17, 3, 47.6118, 21.0143, 26.17, 24.71, 0.390, 1.383, 0.004

0, 8, 16, 4, 47.6118, 21.0143, 25.68, 24.71, 0.270, 1.399, 0.004

1, 8, 17, 4, 47.6118, 21.0143, 26.17, 24.71, 0.380, 1.385, 0.004

0, 8, 16, 0, 47.6118, 21.2643, 26.17, 25.20, 0.270, 1.400, 0.004

1, 8, 17, 0, 47.6118, 21.2643, 25.68, 25.20, 0.390, 1.370, 0.004

0, 8, 16, 1, 47.6118, 21.2643, 26.17, 25.20, 0.270, 1.398, 0.004

1, 8, 17, 1, 47.6118, 21.2643, 25.68, 25.20, 0.390, 1.383, 0.004

0, 8, 16, 2, 47.6118, 21.2643, 26.17, 25.20, 0.270, 1.396, 0.004

1, 8, 17, 2, 47.6118, 21.2643, 25.68, 25.20, 0.390, 1.382, 0.004

0, 8, 16, 3, 47.6118, 21.2643, 26.17, 25.20, 0.270, 1.397, 0.004

1, 8, 17, 3, 47.6118, 21.2643, 25.68, 25.20, 0.390, 1.375, 0.004

0, 8, 16, 4, 47.6118, 21.2643, 26.17, 25.20, 0.270, 1.400, 0.004

1, 8, 17, 4, 47.6118, 21.2643, 25.68, 25.20, 0.390, 1.381, 0.004

0, 8, 16, 0, 0, 0, 25.68, 26.66, 0.270, 1.400, 0.004

1, 8, 17, 0, 0, 0, 27.15, 26.66, 0.280, 1.381, 0.004

0, 8, 16, 1, 0, 0, 25.68, 26.66, 0.270, 1.398, 0.004

1, 8, 17, 1, 0, 0, 27.15, 26.66, 0.280, 1.378, 0.004

0, 8, 16, 2, 0, 0, 25.68, 26.66, 0.270, 1.409, 0.004

1, 8, 17, 2, 0, 0, 27.15, 26.66, 0.280, 1.381, 0.004

0, 8, 16, 3, 0, 0, 25.68, 26.66, 0.270, 1.401, 0.004

1, 8, 17, 3, 0, 0, 27.15, 26.66, 0.280, 1.382, 0.004

0, 8, 16, 4, 0, 0, 25.68, 26.66, 0.270, 1.397, 0.004

1, 8, 17, 4, 0, 0, 27.15, 26.66, 0.280, 1.384, 0.004

0, 8, 16, 0, 47.6118, 21.5143, 29.10, 26.17, 0.270, 1.409, 0.004

1, 8, 17, 0, 47.6118, 21.5143, 26.66, 26.17, 0.410, 1.378, 0.004

0, 8, 16, 1, 47.6118, 21.5143, 29.10, 26.17, 0.270, 1.402, 0.004

1, 8, 17, 1, 47.6118, 21.5143, 26.66, 26.17, 0.400, 1.392, 0.004

0, 8, 16, 2, 47.6118, 21.5143, 29.10, 26.17, 0.270, 1.399, 0.004

1, 8, 17, 2, 47.6118, 21.5143, 26.66, 26.17, 0.420, 1.381, 0.004

0, 8, 16, 3, 47.6118, 21.5143, 29.10, 26.17, 0.270, 1.395, 0.004

1, 8, 17, 3, 47.6118, 21.5143, 26.66, 26.17, 0.390, 1.380, 0.004

0, 8, 16, 4, 47.6118, 21.5143, 29.10, 26.17, 0.270, 1.398, 0.004

1, 8, 17, 4, 47.6118, 21.5143, 26.66, 26.17, 0.400, 1.380, 0.004

0, 8, 16, 0, 47.6118, 21.7643, 25.68, 25.20, 0.270, 1.399, 0.004

1, 8, 17, 0, 47.6118, 21.7643, 25.68, 25.20, 0.390, 1.375, 0.004

0, 8, 16, 1, 47.6118, 21.7643, 25.68, 25.20, 0.270, 1.407, 0.004

1, 8, 17, 1, 47.6118, 21.7643, 25.68, 25.20, 0.410, 1.387, 0.004

0, 8, 16, 2, 47.6118, 21.7643, 25.68, 25.20, 0.270, 1.402, 0.004

1, 8, 17, 2, 47.6118, 21.7643, 25.68, 25.20, 0.390, 1.384, 0.004

0, 8, 16, 3, 47.6118, 21.7643, 25.68, 25.20, 0.270, 1.399, 0.004

1, 8, 17, 3, 47.6118, 21.7643, 25.68, 25.20, 0.410, 1.378, 0.004

0, 8, 16, 4, 47.6118, 21.7643, 25.68, 25.20, 0.270, 1.402, 0.004

1, 8, 17, 4, 47.6118, 21.7643, 25.68, 25.20, 0.390, 1.384, 0.004

0, 8, 16, 0, 47.6118, 22.0143, 25.68, 25.68, 0.270, 1.393, 0.004

1, 8, 17, 0, 47.6118, 22.0143, 26.17, 25.68, 0.390, 1.383, 0.004

0, 8, 16, 1, 47.6118, 22.0143, 25.68, 25.68, 0.270, 1.407, 0.004

1, 8, 17, 1, 47.6118, 22.0143, 26.17, 25.68, 0.380, 1.385, 0.004

0, 8, 16, 2, 47.6118, 22.0143, 25.68, 25.68, 0.270, 1.400, 0.004

1, 8, 17, 2, 47.6118, 22.0143, 26.17, 25.68, 0.390, 1.382, 0.004

0, 8, 16, 3, 47.6118, 22.0143, 25.68, 25.68, 0.270, 1.398, 0.004

1, 8, 17, 3, 47.6118, 22.0143, 26.17, 25.68, 0.390, 1.381, 0.004

0, 8, 16, 4, 47.6118, 22.0143, 25.68, 25.68, 0.270, 1.390, 0.004

1, 8, 17, 4, 47.6118, 22.0143, 26.17, 25.68, 0.390, 1.384, 0.004

0, 8, 16, 0, 47.6118, 22.2643, 24.22, 26.17, 0.270, 1.403, 0.004

1, 8, 17, 0, 47.6118, 22.2643, 26.17, 26.17, 0.370, 1.378, 0.004

0, 8, 16, 1, 47.6118, 22.2643, 24.22, 26.17, 0.270, 1.403, 0.004

1, 8, 17, 1, 47.6118, 22.2643, 26.17, 26.17, 0.370, 1.402, 0.004

0, 8, 16, 2, 47.6118, 22.2643, 24.22, 26.17, 0.270, 1.394, 0.004

1, 8, 17, 2, 47.6118, 22.2643, 26.17, 26.17, 0.360, 1.386, 0.004

0, 8, 16, 3, 47.6118, 22.2643, 24.22, 26.17, 0.270, 1.403, 0.004

1, 8, 17, 3, 47.6118, 22.2643, 26.17, 26.17, 0.360, 1.375, 0.004

0, 8, 16, 4, 47.6118, 22.2643, 24.22, 26.17, 0.270, 1.396, 0.004

1, 8, 17, 4, 47.6118, 22.2643, 26.17, 26.17, 0.370, 1.382, 0.004

0, 8, 16, 0, 47.6118, 22.5143, 24.22, 24.22, 0.270, 1.398, 0.004

1, 8, 17, 0, 47.6118, 22.5143, 26.17, 24.22, 0.370, 1.379, 0.004

0, 8, 16, 1, 47.6118, 22.5143, 24.22, 24.22, 0.280, 1.399, 0.004

1, 8, 17, 1, 47.6118, 22.5143, 26.17, 24.22, 0.370, 1.382, 0.004

0, 8, 16, 2, 47.6118, 22.5143, 24.22, 24.22, 0.270, 1.394, 0.004

1, 8, 17, 2, 47.6118, 22.5143, 26.17, 24.22, 0.390, 1.382, 0.004

0, 8, 16, 3, 47.6118, 22.5143, 24.22, 24.22, 0.270, 1.405, 0.004

1, 8, 17, 3, 47.6118, 22.5143, 26.17, 24.22, 0.360, 1.389, 0.004

0, 8, 16, 4, 47.6118, 22.5143, 24.22, 24.22, 0.270, 1.412, 0.004

1, 8, 17, 4, 47.6118, 22.5143, 26.17, 24.22, 0.360, 1.387, 0.004

0, 8, 16, 0, 47.6118, 22.7643, 25.68, 27.15, 0.270, 1.399, 0.004

1, 8, 17, 0, 47.6118, 22.7643, 29.10, 27.15, 0.400, 1.385, 0.004

0, 8, 16, 1, 47.6118, 22.7643, 25.68, 27.15, 0.270, 1.398, 0.004

1, 8, 17, 1, 47.6118, 22.7643, 29.10, 27.15, 0.380, 1.369, 0.004

0, 8, 16, 2, 47.6118, 22.7643, 25.68, 27.15, 0.270, 1.397, 0.004

1, 8, 17, 2, 47.6118, 22.7643, 29.10, 27.15, 0.400, 1.385, 0.004

0, 8, 16, 3, 47.6118, 22.7643, 25.68, 27.15, 0.270, 1.400, 0.004

1, 8, 17, 3, 47.6118, 22.7643, 29.10, 27.15, 0.390, 1.375, 0.004

0, 8, 16, 4, 47.6118, 22.7643, 25.68, 27.15, 0.270, 1.406, 0.004

1, 8, 17, 4, 47.6118, 22.7643, 29.10, 27.15, 0.370, 1.382, 0.004

0, 8, 16, 0, 47.6118, 23.0143, 25.20, 25.68, 0.270, 1.406, 0.004

1, 8, 17, 0, 47.6118, 23.0143, 26.66, 25.68, 0.350, 1.397, 0.004

0, 8, 16, 1, 47.6118, 23.0143, 25.20, 25.68, 0.270, 1.405, 0.004

1, 8, 17, 1, 47.6118, 23.0143, 26.66, 25.68, 0.360, 1.384, 0.004

0, 8, 16, 2, 47.6118, 23.0143, 25.20, 25.68, 0.270, 1.399, 0.004

1, 8, 17, 2, 47.6118, 23.0143, 26.66, 25.68, 0.350, 1.387, 0.004

0, 8, 16, 3, 47.6118, 23.0143, 25.20, 25.68, 0.270, 1.399, 0.004

1, 8, 17, 3, 47.6118, 23.0143, 26.66, 25.68, 0.370, 1.381, 0.004

0, 8, 16, 4, 47.6118, 23.0143, 25.20, 25.68, 0.270, 1.396, 0.004

1, 8, 17, 4, 47.6118, 23.0143, 26.66, 25.68, 0.360, 1.389, 0.004

0, 8, 16, 0, 47.6118, 23.2643, 25.68, 25.68, 0.270, 1.395, 0.004

1, 8, 17, 0, 47.6118, 23.2643, 25.68, 25.68, 0.320, 1.380, 0.004

0, 8, 16, 1, 47.6118, 23.2643, 25.68, 25.68, 0.270, 1.398, 0.004

1, 8, 17, 1, 47.6118, 23.2643, 25.68, 25.68, 0.330, 1.374, 0.004

0, 8, 16, 2, 47.6118, 23.2643, 25.68, 25.68, 0.270, 1.400, 0.004

1, 8, 17, 2, 47.6118, 23.2643, 25.68, 25.68, 0.320, 1.385, 0.004

0, 8, 16, 3, 47.6118, 23.2643, 25.68, 25.68, 0.270, 1.403, 0.004

1, 8, 17, 3, 47.6118, 23.2643, 25.68, 25.68, 0.320, 1.386, 0.004

0, 8, 16, 4, 47.6118, 23.2643, 25.68, 25.68, 0.270, 1.399, 0.004

1, 8, 17, 4, 47.6118, 23.2643, 25.68, 25.68, 0.340, 1.376, 0.004

0, 8, 16, 0, 47.6118, 23.5143, 25.68, 24.71, 0.270, 1.401, 0.004

1, 8, 17, 0, 47.6118, 23.5143, 26.66, 24.71, 0.310, 1.385, 0.004

0, 8, 16, 1, 47.6118, 23.5143, 25.68, 24.71, 0.270, 1.397, 0.004

1, 8, 17, 1, 47.6118, 23.5143, 26.66, 24.71, 0.290, 1.381, 0.004

0, 8, 16, 2, 47.6118, 23.5143, 25.68, 24.71, 0.270, 1.397, 0.004

1, 8, 17, 2, 47.6118, 23.5143, 26.66, 24.71, 0.310, 1.379, 0.004

0, 8, 16, 3, 47.6118, 23.5143, 25.68, 24.71, 0.270, 1.392, 0.004

1, 8, 17, 3, 47.6118, 23.5143, 26.66, 24.71, 0.290, 1.376, 0.004

0, 8, 16, 4, 47.6118, 23.5143, 25.68, 24.71, 0.270, 1.402, 0.004

1, 8, 17, 4, 47.6118, 23.5143, 26.66, 24.71, 0.290, 1.383, 0.004

0, 8, 16, 0, 47.6118, 23.7643, 24.22, 24.71, 0.270, 1.396, 0.004

1, 8, 17, 0, 47.6118, 23.7643, 26.66, 24.71, 0.280, 1.373, 0.004

0, 8, 16, 1, 47.6118, 23.7643, 24.22, 24.71, 0.270, 1.392, 0.004

1, 8, 17, 1, 47.6118, 23.7643, 26.66, 24.71, 0.280, 1.385, 0.004

0, 8, 16, 2, 47.6118, 23.7643, 24.22, 24.71, 0.280, 1.399, 0.004

1, 8, 17, 2, 47.6118, 23.7643, 26.66, 24.71, 0.290, 1.382, 0.004

0, 8, 16, 3, 47.6118, 23.7643, 24.22, 24.71, 0.270, 1.400, 0.004

1, 8, 17, 3, 47.6118, 23.7643, 26.66, 24.71, 0.280, 1.382, 0.004

0, 8, 16, 4, 47.6118, 23.7643, 24.22, 24.71, 0.280, 1.401, 0.004

1, 8, 17, 4, 47.6118, 23.7643, 26.66, 24.71, 0.280, 1.376, 0.004

0, 8, 16, 0, 47.6118, 24.0143, 25.20, 25.68, 0.280, 1.397, 0.004

1, 8, 17, 0, 47.6118, 24.0143, 26.17, 25.68, 0.280, 1.390, 0.004

0, 8, 16, 1, 47.6118, 24.0143, 25.20, 25.68, 0.280, 1.397, 0.004

1, 8, 17, 1, 47.6118, 24.0143, 26.17, 25.68, 0.280, 1.386, 0.004

0, 8, 16, 2, 47.6118, 24.0143, 25.20, 25.68, 0.280, 1.400, 0.004

1, 8, 17, 2, 47.6118, 24.0143, 26.17, 25.68, 0.280, 1.389, 0.004

0, 8, 16, 3, 47.6118, 24.0143, 25.20, 25.68, 0.280, 1.394, 0.004

1, 8, 17, 3, 47.6118, 24.0143, 26.17, 25.68, 0.280, 1.381, 0.004

0, 8, 16, 4, 47.6118, 24.0143, 25.20, 25.68, 0.280, 1.399, 0.004

1, 8, 17, 4, 47.6118, 24.0143, 26.17, 25.68, 0.280, 1.381, 0.004

0, 8, 16, 0, 47.6118, 24.2643, 25.20, 26.17, 0.280, 1.402, 0.004

1, 8, 17, 0, 47.6118, 24.2643, 25.20, 26.17, 0.280, 1.374, 0.004

0, 8, 16, 1, 47.6118, 24.2643, 25.20, 26.17, 0.280, 1.396, 0.004

1, 8, 17, 1, 47.6118, 24.2643, 25.20, 26.17, 0.280, 1.385, 0.004

0, 8, 16, 2, 47.6118, 24.2643, 25.20, 26.17, 0.280, 1.395, 0.004

1, 8, 17, 2, 47.6118, 24.2643, 25.20, 26.17, 0.280, 1.383, 0.004

0, 8, 16, 3, 47.6118, 24.2643, 25.20, 26.17, 0.290, 1.398, 0.004

1, 8, 17, 3, 47.6118, 24.2643, 25.20, 26.17, 0.280, 1.388, 0.004

0, 8, 16, 4, 47.6118, 24.2643, 25.20, 26.17, 0.280, 1.396, 0.004

1, 8, 17, 4, 47.6118, 24.2643, 25.20, 26.17, 0.280, 1.388, 0.004

0, 8, 16, 0, 47.6118, 24.5143, 25.20, 25.20, 0.290, 1.392, 0.004

1, 8, 17, 0, 47.6118, 24.5143, 26.17, 25.20, 0.290, 1.387, 0.004

0, 8, 16, 1, 47.6118, 24.5143, 25.20, 25.20, 0.300, 1.395, 0.004

1, 8, 17, 1, 47.6118, 24.5143, 26.17, 25.20, 0.280, 1.385, 0.004

0, 8, 16, 2, 47.6118, 24.5143, 25.20, 25.20, 0.290, 1.397, 0.004

1, 8, 17, 2, 47.6118, 24.5143, 26.17, 25.20, 0.280, 1.382, 0.004

0, 8, 16, 3, 47.6118, 24.5143, 25.20, 25.20, 0.290, 1.402, 0.004

1, 8, 17, 3, 47.6118, 24.5143, 26.17, 25.20, 0.300, 1.385, 0.004

0, 8, 16, 4, 47.6118, 24.5143, 25.20, 25.20, 0.290, 1.397, 0.004

1, 8, 17, 4, 47.6118, 24.5143, 26.17, 25.20, 0.280, 1.385, 0.004

0, 8, 16, 0, 47.6118, 24.7643, 30.08, 24.71, 0.320, 1.396, 0.004

1, 8, 17, 0, 47.6118, 24.7643, 26.17, 24.71, 0.300, 1.380, 0.004

0, 8, 16, 1, 47.6118, 24.7643, 30.08, 24.71, 0.310, 1.397, 0.004

1, 8, 17, 1, 47.6118, 24.7643, 26.17, 24.71, 0.300, 1.393, 0.004

0, 8, 16, 2, 47.6118, 24.7643, 30.08, 24.71, 0.310, 1.392, 0.004

1, 8, 17, 2, 47.6118, 24.7643, 26.17, 24.71, 0.280, 1.379, 0.004

0, 8, 16, 3, 47.6118, 24.7643, 30.08, 24.71, 0.320, 1.400, 0.004

1, 8, 17, 3, 47.6118, 24.7643, 26.17, 24.71, 0.280, 1.375, 0.004

0, 8, 16, 4, 47.6118, 24.7643, 30.08, 24.71, 0.320, 1.383, 0.004

1, 8, 17, 4, 47.6118, 24.7643, 26.17, 24.71, 0.280, 1.387, 0.004

0, 8, 16, 0, 47.6118, 25.0143, 22.27, 25.68, 0.340, 1.414, 0.004

1, 8, 17, 0, 47.6118, 25.0143, 28.61, 25.68, 0.280, 1.378, 0.004

0, 8, 16, 1, 47.6118, 25.0143, 22.27, 25.68, 0.360, 1.402, 0.004

1, 8, 17, 1, 47.6118, 25.0143, 28.61, 25.68, 0.270, 1.388, 0.004

0, 8, 16, 2, 47.6118, 25.0143, 22.27, 25.68, 0.340, 1.400, 0.004

1, 8, 17, 2, 47.6118, 25.0143, 28.61, 25.68, 0.280, 1.381, 0.004

0, 8, 16, 3, 47.6118, 25.0143, 22.27, 25.68, 0.340, 1.399, 0.004

1, 8, 17, 3, 47.6118, 25.0143, 28.61, 25.68, 0.280, 1.385, 0.004

0, 8, 16, 4, 47.6118, 25.0143, 22.27, 25.68, 0.340, 1.401, 0.004

1, 8, 17, 4, 47.6118, 25.0143, 28.61, 25.68, 0.300, 1.379, 0.004

0, 8, 16, 0, 47.6118, 25.2643, 24.71, 25.20, 0.360, 1.398, 0.004

1, 8, 17, 0, 47.6118, 25.2643, 25.68, 25.20, 0.280, 1.379, 0.004

0, 8, 16, 1, 47.6118, 25.2643, 24.71, 25.20, 0.360, 1.393, 0.004

1, 8, 17, 1, 47.6118, 25.2643, 25.68, 25.20, 0.290, 1.384, 0.004

0, 8, 16, 2, 47.6118, 25.2643, 24.71, 25.20, 0.370, 1.395, 0.004

1, 8, 17, 2, 47.6118, 25.2643, 25.68, 25.20, 0.280, 1.379, 0.004

0, 8, 16, 3, 47.6118, 25.2643, 24.71, 25.20, 0.350, 1.407, 0.004

1, 8, 17, 3, 47.6118, 25.2643, 25.68, 25.20, 0.280, 1.384, 0.004

0, 8, 16, 4, 47.6118, 25.2643, 24.71, 25.20, 0.360, 1.400, 0.004

1, 8, 17, 4, 47.6118, 25.2643, 25.68, 25.20, 0.290, 1.390, 0.004

0, 8, 16, 0, 0, 0, 24.71, 26.17, 0.270, 1.400, 0.004

1, 8, 17, 0, 0, 0, 25.68, 26.17, 0.300, 1.392, 0.004

0, 8, 16, 1, 0, 0, 24.71, 26.17, 0.270, 1.403, 0.004

1, 8, 17, 1, 0, 0, 25.68, 26.17, 0.290, 1.380, 0.004

0, 8, 16, 2, 0, 0, 24.71, 26.17, 0.270, 1.393, 0.004

1, 8, 17, 2, 0, 0, 25.68, 26.17, 0.280, 1.382, 0.004

0, 8, 16, 3, 0, 0, 24.71, 26.17, 0.270, 1.394, 0.004

1, 8, 17, 3, 0, 0, 25.68, 26.17, 0.280, 1.381, 0.004

0, 8, 16, 4, 0, 0, 24.71, 26.17, 0.270, 1.399, 0.004

1, 8, 17, 4, 0, 0, 25.68, 26.17, 0.280, 1.378, 0.004

0, 8, 16, 0, 47.6118, 25.5143, 30.08, 26.17, 0.350, 1.396, 0.004

1, 8, 17, 0, 47.6118, 25.5143, 26.17, 26.17, 0.280, 1.375, 0.004

0, 8, 16, 1, 47.6118, 25.5143, 30.08, 26.17, 0.350, 1.395, 0.004

1, 8, 17, 1, 47.6118, 25.5143, 26.17, 26.17, 0.280, 1.379, 0.004

0, 8, 16, 2, 47.6118, 25.5143, 30.08, 26.17, 0.350, 1.399, 0.004

1, 8, 17, 2, 47.6118, 25.5143, 26.17, 26.17, 0.290, 1.378, 0.004

0, 8, 16, 3, 47.6118, 25.5143, 30.08, 26.17, 0.350, 1.398, 0.004

1, 8, 17, 3, 47.6118, 25.5143, 26.17, 26.17, 0.300, 1.384, 0.004

0, 8, 16, 4, 47.6118, 25.5143, 30.08, 26.17, 0.350, 1.389, 0.004

1, 8, 17, 4, 47.6118, 25.5143, 26.17, 26.17, 0.280, 1.386, 0.004

0, 8, 16, 0, 47.6118, 25.7643, 24.71, 25.20, 0.360, 1.400, 0.004

1, 8, 17, 0, 47.6118, 25.7643, 26.17, 25.20, 0.280, 1.380, 0.004

0, 8, 16, 1, 47.6118, 25.7643, 24.71, 25.20, 0.350, 1.397, 0.004

1, 8, 17, 1, 47.6118, 25.7643, 26.17, 25.20, 0.280, 1.386, 0.004

0, 8, 16, 2, 47.6118, 25.7643, 24.71, 25.20, 0.350, 1.395, 0.004

1, 8, 17, 2, 47.6118, 25.7643, 26.17, 25.20, 0.300, 1.386, 0.004

0, 8, 16, 3, 47.6118, 25.7643, 24.71, 25.20, 0.350, 1.398, 0.004

1, 8, 17, 3, 47.6118, 25.7643, 26.17, 25.20, 0.280, 1.383, 0.004

0, 8, 16, 4, 47.6118, 25.7643, 24.71, 25.20, 0.360, 1.394, 0.004

1, 8, 17, 4, 47.6118, 25.7643, 26.17, 25.20, 0.300, 1.387, 0.004

0, 8, 16, 0, 47.6118, 26.0143, 25.68, 25.20, 0.370, 1.400, 0.004

1, 8, 17, 0, 47.6118, 26.0143, 25.68, 25.20, 0.290, 1.380, 0.004

0, 8, 16, 1, 47.6118, 26.0143, 25.68, 25.20, 0.370, 1.393, 0.004

1, 8, 17, 1, 47.6118, 26.0143, 25.68, 25.20, 0.300, 1.386, 0.004

0, 8, 16, 2, 47.6118, 26.0143, 25.68, 25.20, 0.360, 1.394, 0.004

1, 8, 17, 2, 47.6118, 26.0143, 25.68, 25.20, 0.280, 1.379, 0.004

0, 8, 16, 3, 47.6118, 26.0143, 25.68, 25.20, 0.360, 1.402, 0.004

1, 8, 17, 3, 47.6118, 26.0143, 25.68, 25.20, 0.300, 1.383, 0.004

0, 8, 16, 4, 47.6118, 26.0143, 25.68, 25.20, 0.370, 1.383, 0.004

1, 8, 17, 4, 47.6118, 26.0143, 25.68, 25.20, 0.300, 1.386, 0.004

0, 8, 16, 0, 47.6118, 26.2643, 25.20, 25.68, 0.380, 1.407, 0.004

1, 8, 17, 0, 47.6118, 26.2643, 25.20, 25.68, 0.300, 1.379, 0.004

0, 8, 16, 1, 47.6118, 26.2643, 25.20, 25.68, 0.370, 1.387, 0.004

1, 8, 17, 1, 47.6118, 26.2643, 25.20, 25.68, 0.290, 1.382, 0.004

0, 8, 16, 2, 47.6118, 26.2643, 25.20, 25.68, 0.370, 1.395, 0.004

1, 8, 17, 2, 47.6118, 26.2643, 25.20, 25.68, 0.310, 1.374, 0.004

0, 8, 16, 3, 47.6118, 26.2643, 25.20, 25.68, 0.370, 1.381, 0.004

1, 8, 17, 3, 47.6118, 26.2643, 25.20, 25.68, 0.310, 1.381, 0.004

0, 8, 16, 4, 47.6118, 26.2643, 25.20, 25.68, 0.380, 1.390, 0.004

1, 8, 17, 4, 47.6118, 26.2643, 25.20, 25.68, 0.280, 1.383, 0.004

0, 8, 16, 0, 47.6118, 26.5143, 23.24, 25.20, 0.370, 1.394, 0.004

1, 8, 17, 0, 47.6118, 26.5143, 26.17, 25.20, 0.280, 1.388, 0.004

0, 8, 16, 1, 47.6118, 26.5143, 23.24, 25.20, 0.380, 1.406, 0.004

1, 8, 17, 1, 47.6118, 26.5143, 26.17, 25.20, 0.290, 1.377, 0.004

0, 8, 16, 2, 47.6118, 26.5143, 23.24, 25.20, 0.370, 1.394, 0.004

1, 8, 17, 2, 47.6118, 26.5143, 26.17, 25.20, 0.280, 1.390, 0.004

0, 8, 16, 3, 47.6118, 26.5143, 23.24, 25.20, 0.380, 1.398, 0.004

1, 8, 17, 3, 47.6118, 26.5143, 26.17, 25.20, 0.280, 1.382, 0.004

0, 8, 16, 4, 47.6118, 26.5143, 23.24, 25.20, 0.370, 1.372, 0.004

1, 8, 17, 4, 47.6118, 26.5143, 26.17, 25.20, 0.310, 1.376, 0.004

0, 8, 16, 0, 47.6118, 26.7643, 25.20, 27.64, 0.370, 1.401, 0.004

1, 8, 17, 0, 47.6118, 26.7643, 26.17, 27.64, 0.280, 1.388, 0.004

0, 8, 16, 1, 47.6118, 26.7643, 25.20, 27.64, 0.380, 1.391, 0.004

1, 8, 17, 1, 47.6118, 26.7643, 26.17, 27.64, 0.280, 1.383, 0.004

0, 8, 16, 2, 47.6118, 26.7643, 25.20, 27.64, 0.380, 1.401, 0.004

1, 8, 17, 2, 47.6118, 26.7643, 26.17, 27.64, 0.310, 1.388, 0.004

0, 8, 16, 3, 47.6118, 26.7643, 25.20, 27.64, 0.380, 1.393, 0.004

1, 8, 17, 3, 47.6118, 26.7643, 26.17, 27.64, 0.280, 1.390, 0.004

0, 8, 16, 4, 47.6118, 26.7643, 25.20, 27.64, 0.380, 1.393, 0.004

1, 8, 17, 4, 47.6118, 26.7643, 26.17, 27.64, 0.310, 1.379, 0.004

0, 8, 16, 0, 47.6118, 27.0143, 24.71, 25.68, 0.380, 1.404, 0.004

1, 8, 17, 0, 47.6118, 27.0143, 26.66, 25.68, 0.280, 1.384, 0.004

0, 8, 16, 1, 47.6118, 27.0143, 24.71, 25.68, 0.380, 1.392, 0.004

1, 8, 17, 1, 47.6118, 27.0143, 26.66, 25.68, 0.310, 1.371, 0.004

0, 8, 16, 2, 47.6118, 27.0143, 24.71, 25.68, 0.380, 1.389, 0.004

1, 8, 17, 2, 47.6118, 27.0143, 26.66, 25.68, 0.280, 1.381, 0.004

0, 8, 16, 3, 47.6118, 27.0143, 24.71, 25.68, 0.370, 1.393, 0.004

1, 8, 17, 3, 47.6118, 27.0143, 26.66, 25.68, 0.280, 1.381, 0.004

0, 8, 16, 4, 47.6118, 27.0143, 24.71, 25.68, 0.380, 1.393, 0.004

1, 8, 17, 4, 47.6118, 27.0143, 26.66, 25.68, 0.290, 1.379, 0.004

0, 8, 16, 0, 47.6118, 27.2643, 25.68, 25.68, 0.380, 1.393, 0.004

1, 8, 17, 0, 47.6118, 27.2643, 25.68, 25.68, 0.280, 1.388, 0.004

0, 8, 16, 1, 47.6118, 27.2643, 25.68, 25.68, 0.380, 1.395, 0.004

1, 8, 17, 1, 47.6118, 27.2643, 25.68, 25.68, 0.280, 1.380, 0.004

0, 8, 16, 2, 47.6118, 27.2643, 25.68, 25.68, 0.380, 1.400, 0.004

1, 8, 17, 2, 47.6118, 27.2643, 25.68, 25.68, 0.270, 1.380, 0.004

0, 8, 16, 3, 47.6118, 27.2643, 25.68, 25.68, 0.370, 1.388, 0.004

1, 8, 17, 3, 47.6118, 27.2643, 25.68, 25.68, 0.280, 1.387, 0.004

0, 8, 16, 4, 47.6118, 27.2643, 25.68, 25.68, 0.380, 1.400, 0.004

1, 8, 17, 4, 47.6118, 27.2643, 25.68, 25.68, 0.280, 1.388, 0.004

0, 8, 16, 0, 47.6118, 27.5143, 24.22, 24.22, 0.380, 1.393, 0.004

1, 8, 17, 0, 47.6118, 27.5143, 27.64, 24.22, 0.310, 1.383, 0.004

0, 8, 16, 1, 47.6118, 27.5143, 24.22, 24.22, 0.390, 1.394, 0.004

1, 8, 17, 1, 47.6118, 27.5143, 27.64, 24.22, 0.300, 1.385, 0.004

0, 8, 16, 2, 47.6118, 27.5143, 24.22, 24.22, 0.380, 1.401, 0.004

1, 8, 17, 2, 47.6118, 27.5143, 27.64, 24.22, 0.280, 1.378, 0.004

0, 8, 16, 3, 47.6118, 27.5143, 24.22, 24.22, 0.380, 1.394, 0.004

1, 8, 17, 3, 47.6118, 27.5143, 27.64, 24.22, 0.280, 1.380, 0.004

0, 8, 16, 4, 47.6118, 27.5143, 24.22, 24.22, 0.390, 1.405, 0.004

1, 8, 17, 4, 47.6118, 27.5143, 27.64, 24.22, 0.280, 1.385, 0.004

0, 8, 16, 0, 47.6118, 27.7643, 23.73, 26.17, 0.370, 1.403, 0.004

1, 8, 17, 0, 47.6118, 27.7643, 25.68, 26.17, 0.280, 1.384, 0.004

0, 8, 16, 1, 47.6118, 27.7643, 23.73, 26.17, 0.380, 1.385, 0.004

1, 8, 17, 1, 47.6118, 27.7643, 25.68, 26.17, 0.300, 1.384, 0.004

0, 8, 16, 2, 47.6118, 27.7643, 23.73, 26.17, 0.380, 1.411, 0.004

1, 8, 17, 2, 47.6118, 27.7643, 25.68, 26.17, 0.280, 1.385, 0.004

0, 8, 16, 3, 47.6118, 27.7643, 23.73, 26.17, 0.380, 1.401, 0.004

1, 8, 17, 3, 47.6118, 27.7643, 25.68, 26.17, 0.290, 1.392, 0.004

0, 8, 16, 4, 47.6118, 27.7643, 23.73, 26.17, 0.380, 1.385, 0.004

1, 8, 17, 4, 47.6118, 27.7643, 25.68, 26.17, 0.300, 1.385, 0.004

0, 8, 16, 0, 47.6118, 28.0143, 25.20, 24.22, 0.380, 1.401, 0.004

1, 8, 17, 0, 47.6118, 28.0143, 25.68, 24.22, 0.300, 1.385, 0.004

0, 8, 16, 1, 47.6118, 28.0143, 25.20, 24.22, 0.370, 1.392, 0.004

1, 8, 17, 1, 47.6118, 28.0143, 25.68, 24.22, 0.300, 1.389, 0.004

0, 8, 16, 2, 47.6118, 28.0143, 25.20, 24.22, 0.380, 1.404, 0.004

1, 8, 17, 2, 47.6118, 28.0143, 25.68, 24.22, 0.300, 1.386, 0.004

0, 8, 16, 3, 47.6118, 28.0143, 25.20, 24.22, 0.380, 1.409, 0.004

1, 8, 17, 3, 47.6118, 28.0143, 25.68, 24.22, 0.280, 1.380, 0.004

0, 8, 16, 4, 47.6118, 28.0143, 25.20, 24.22, 0.380, 1.405, 0.004

1, 8, 17, 4, 47.6118, 28.0143, 25.68, 24.22, 0.290, 1.381, 0.004

0, 8, 16, 0, 47.6118, 28.2643, 25.68, 25.68, 0.380, 1.398, 0.004

1, 8, 17, 0, 47.6118, 28.2643, 26.66, 25.68, 0.300, 1.390, 0.004

0, 8, 16, 1, 47.6118, 28.2643, 25.68, 25.68, 0.370, 1.388, 0.004

1, 8, 17, 1, 47.6118, 28.2643, 26.66, 25.68, 0.280, 1.381, 0.004

0, 8, 16, 2, 47.6118, 28.2643, 25.68, 25.68, 0.380, 1.395, 0.004

1, 8, 17, 2, 47.6118, 28.2643, 26.66, 25.68, 0.300, 1.381, 0.004

0, 8, 16, 3, 47.6118, 28.2643, 25.68, 25.68, 0.370, 1.388, 0.004

1, 8, 17, 3, 47.6118, 28.2643, 26.66, 25.68, 0.280, 1.385, 0.004

0, 8, 16, 4, 47.6118, 28.2643, 25.68, 25.68, 0.370, 1.383, 0.004

1, 8, 17, 4, 47.6118, 28.2643, 26.66, 25.68, 0.280, 1.376, 0.004

0, 8, 16, 0, 47.6118, 28.5143, 25.20, 25.68, 0.380, 1.401, 0.004

1, 8, 17, 0, 47.6118, 28.5143, 26.17, 25.68, 0.290, 1.376, 0.004

0, 8, 16, 1, 47.6118, 28.5143, 25.20, 25.68, 0.380, 1.400, 0.004

1, 8, 17, 1, 47.6118, 28.5143, 26.17, 25.68, 0.300, 1.378, 0.004

0, 8, 16, 2, 47.6118, 28.5143, 25.20, 25.68, 0.380, 1.394, 0.004

1, 8, 17, 2, 47.6118, 28.5143, 26.17, 25.68, 0.300, 1.375, 0.004

0, 8, 16, 3, 47.6118, 28.5143, 25.20, 25.68, 0.390, 1.404, 0.004

1, 8, 17, 3, 47.6118, 28.5143, 26.17, 25.68, 0.300, 1.383, 0.004

0, 8, 16, 4, 47.6118, 28.5143, 25.20, 25.68, 0.370, 1.406, 0.004

1, 8, 17, 4, 47.6118, 28.5143, 26.17, 25.68, 0.280, 1.376, 0.004

0, 8, 16, 0, 47.6118, 28.7643, 24.71, 25.20, 0.380, 1.400, 0.004

1, 8, 17, 0, 47.6118, 28.7643, 25.68, 25.20, 0.290, 1.387, 0.004

0, 8, 16, 1, 47.6118, 28.7643, 24.71, 25.20, 0.380, 1.386, 0.004

1, 8, 17, 1, 47.6118, 28.7643, 25.68, 25.20, 0.290, 1.382, 0.004

0, 8, 16, 2, 47.6118, 28.7643, 24.71, 25.20, 0.380, 1.404, 0.004

1, 8, 17, 2, 47.6118, 28.7643, 25.68, 25.20, 0.300, 1.387, 0.004

0, 8, 16, 3, 47.6118, 28.7643, 24.71, 25.20, 0.390, 1.388, 0.004

1, 8, 17, 3, 47.6118, 28.7643, 25.68, 25.20, 0.280, 1.393, 0.004

0, 8, 16, 4, 47.6118, 28.7643, 24.71, 25.20, 0.380, 1.395, 0.004

1, 8, 17, 4, 47.6118, 28.7643, 25.68, 25.20, 0.280, 1.379, 0.004

0, 8, 16, 0, 47.6118, 29.0143, 23.73, 24.71, 0.370, 1.394, 0.004

1, 8, 17, 0, 47.6118, 29.0143, 26.17, 24.71, 0.280, 1.385, 0.004

0, 8, 16, 1, 47.6118, 29.0143, 23.73, 24.71, 0.370, 1.393, 0.004

1, 8, 17, 1, 47.6118, 29.0143, 26.17, 24.71, 0.290, 1.379, 0.004

0, 8, 16, 2, 47.6118, 29.0143, 23.73, 24.71, 0.380, 1.389, 0.004

1, 8, 17, 2, 47.6118, 29.0143, 26.17, 24.71, 0.280, 1.382, 0.004

0, 8, 16, 3, 47.6118, 29.0143, 23.73, 24.71, 0.380, 1.395, 0.004

1, 8, 17, 3, 47.6118, 29.0143, 26.17, 24.71, 0.280, 1.391, 0.004

0, 8, 16, 4, 47.6118, 29.0143, 23.73, 24.71, 0.380, 1.398, 0.004

1, 8, 17, 4, 47.6118, 29.0143, 26.17, 24.71, 0.280, 1.390, 0.004

0, 8, 16, 0, 47.6118, 29.2643, 25.20, 26.66, 0.380, 1.397, 0.004

1, 8, 17, 0, 47.6118, 29.2643, 25.68, 26.66, 0.280, 1.389, 0.004

0, 8, 16, 1, 47.6118, 29.2643, 25.20, 26.66, 0.380, 1.386, 0.004

1, 8, 17, 1, 47.6118, 29.2643, 25.68, 26.66, 0.280, 1.385, 0.004

0, 8, 16, 2, 47.6118, 29.2643, 25.20, 26.66, 0.380, 1.403, 0.004

1, 8, 17, 2, 47.6118, 29.2643, 25.68, 26.66, 0.290, 1.388, 0.004

0, 8, 16, 3, 47.6118, 29.2643, 25.20, 26.66, 0.370, 1.397, 0.004

1, 8, 17, 3, 47.6118, 29.2643, 25.68, 26.66, 0.270, 1.380, 0.004

0, 8, 16, 4, 47.6118, 29.2643, 25.20, 26.66, 0.380, 1.399, 0.004

1, 8, 17, 4, 47.6118, 29.2643, 25.68, 26.66, 0.270, 1.385, 0.004

0, 8, 16, 0, 0, 0, 26.17, 25.20, 0.270, 1.400, 0.004

1, 8, 17, 0, 0, 0, 27.15, 25.20, 0.280, 1.383, 0.004

0, 8, 16, 1, 0, 0, 26.17, 25.20, 0.270, 1.394, 0.004

1, 8, 17, 1, 0, 0, 27.15, 25.20, 0.280, 1.385, 0.004

0, 8, 16, 2, 0, 0, 26.17, 25.20, 0.270, 1.396, 0.004

1, 8, 17, 2, 0, 0, 27.15, 25.20, 0.280, 1.367, 0.004

0, 8, 16, 3, 0, 0, 26.17, 25.20, 0.270, 1.399, 0.004

1, 8, 17, 3, 0, 0, 27.15, 25.20, 0.280, 1.392, 0.004

0, 8, 16, 4, 0, 0, 26.17, 25.20, 0.270, 1.400, 0.004

1, 8, 17, 4, 0, 0, 27.15, 25.20, 0.280, 1.380, 0.004

0, 8, 16, 0, 47.6118, 29.5143, 25.20, 26.17, 0.390, 1.396, 0.004

1, 8, 17, 0, 47.6118, 29.5143, 26.66, 26.17, 0.280, 1.388, 0.004

0, 8, 16, 1, 47.6118, 29.5143, 25.20, 26.17, 0.380, 1.400, 0.004

1, 8, 17, 1, 47.6118, 29.5143, 26.66, 26.17, 0.290, 1.380, 0.004

0, 8, 16, 2, 47.6118, 29.5143, 25.20, 26.17, 0.380, 1.398, 0.004

1, 8, 17, 2, 47.6118, 29.5143, 26.66, 26.17, 0.280, 1.383, 0.004

0, 8, 16, 3, 47.6118, 29.5143, 25.20, 26.17, 0.370, 1.400, 0.004

1, 8, 17, 3, 47.6118, 29.5143, 26.66, 26.17, 0.290, 1.380, 0.004

0, 8, 16, 4, 47.6118, 29.5143, 25.20, 26.17, 0.380, 1.399, 0.004

1, 8, 17, 4, 47.6118, 29.5143, 26.66, 26.17, 0.300, 1.392, 0.004

0, 8, 16, 0, 47.6118, 29.7643, 25.68, 26.17, 0.370, 1.398, 0.004

1, 8, 17, 0, 47.6118, 29.7643, 26.17, 26.17, 0.290, 1.384, 0.004

0, 8, 16, 1, 47.6118, 29.7643, 25.68, 26.17, 0.380, 1.395, 0.004

1, 8, 17, 1, 47.6118, 29.7643, 26.17, 26.17, 0.290, 1.389, 0.004

0, 8, 16, 2, 47.6118, 29.7643, 25.68, 26.17, 0.370, 1.401, 0.004

1, 8, 17, 2, 47.6118, 29.7643, 26.17, 26.17, 0.280, 1.379, 0.004

0, 8, 16, 3, 47.6118, 29.7643, 25.68, 26.17, 0.370, 1.402, 0.004

1, 8, 17, 3, 47.6118, 29.7643, 26.17, 26.17, 0.280, 1.378, 0.004

0, 8, 16, 4, 47.6118, 29.7643, 25.68, 26.17, 0.380, 1.398, 0.004

1, 8, 17, 4, 47.6118, 29.7643, 26.17, 26.17, 0.300, 1.383, 0.004

0, 8, 16, 0, 47.6118, 30.0143, 24.71, 26.66, 0.380, 1.392, 0.004

1, 8, 17, 0, 47.6118, 30.0143, 26.17, 26.66, 0.310, 1.380, 0.004

0, 8, 16, 1, 47.6118, 30.0143, 24.71, 26.66, 0.380, 1.402, 0.004

1, 8, 17, 1, 47.6118, 30.0143, 26.17, 26.66, 0.280, 1.385, 0.004

0, 8, 16, 2, 47.6118, 30.0143, 24.71, 26.66, 0.380, 1.396, 0.004

1, 8, 17, 2, 47.6118, 30.0143, 26.17, 26.66, 0.300, 1.372, 0.004

0, 8, 16, 3, 47.6118, 30.0143, 24.71, 26.66, 0.380, 1.390, 0.004

1, 8, 17, 3, 47.6118, 30.0143, 26.17, 26.66, 0.280, 1.386, 0.004

0, 8, 16, 4, 47.6118, 30.0143, 24.71, 26.66, 0.380, 1.391, 0.004

1, 8, 17, 4, 47.6118, 30.0143, 26.17, 26.66, 0.280, 1.378, 0.004

0, 8, 16, 0, 47.6118, 30.2643, 23.73, 25.68, 0.380, 1.394, 0.004

1, 8, 17, 0, 47.6118, 30.2643, 26.17, 25.68, 0.280, 1.387, 0.004

0, 8, 16, 1, 47.6118, 30.2643, 23.73, 25.68, 0.370, 1.399, 0.004

1, 8, 17, 1, 47.6118, 30.2643, 26.17, 25.68, 0.300, 1.383, 0.004

0, 8, 16, 2, 47.6118, 30.2643, 23.73, 25.68, 0.390, 1.389, 0.004

1, 8, 17, 2, 47.6118, 30.2643, 26.17, 25.68, 0.310, 1.377, 0.004

0, 8, 16, 3, 47.6118, 30.2643, 23.73, 25.68, 0.380, 1.398, 0.004

1, 8, 17, 3, 47.6118, 30.2643, 26.17, 25.68, 0.300, 1.382, 0.004

0, 8, 16, 4, 47.6118, 30.2643, 23.73, 25.68, 0.380, 1.397, 0.004

1, 8, 17, 4, 47.6118, 30.2643, 26.17, 25.68, 0.280, 1.387, 0.004

0, 8, 16, 0, 47.6118, 30.5143, 28.61, 24.71, 0.380, 1.400, 0.004

1, 8, 17, 0, 47.6118, 30.5143, 25.68, 24.71, 0.280, 1.384, 0.004

0, 8, 16, 1, 47.6118, 30.5143, 28.61, 24.71, 0.390, 1.405, 0.004

1, 8, 17, 1, 47.6118, 30.5143, 25.68, 24.71, 0.280, 1.372, 0.004

0, 8, 16, 2, 47.6118, 30.5143, 28.61, 24.71, 0.380, 1.397, 0.004

1, 8, 17, 2, 47.6118, 30.5143, 25.68, 24.71, 0.280, 1.380, 0.004

0, 8, 16, 3, 47.6118, 30.5143, 28.61, 24.71, 0.380, 1.403, 0.004

1, 8, 17, 3, 47.6118, 30.5143, 25.68, 24.71, 0.280, 1.382, 0.004

0, 8, 16, 4, 47.6118, 30.5143, 28.61, 24.71, 0.380, 1.397, 0.004

1, 8, 17, 4, 47.6118, 30.5143, 25.68, 24.71, 0.300, 1.384, 0.004

0, 8, 16, 0, 47.6118, 30.7643, 25.20, 24.71, 0.380, 1.386, 0.004

1, 8, 17, 0, 47.6118, 30.7643, 26.66, 24.71, 0.280, 1.378, 0.004

0, 8, 16, 1, 47.6118, 30.7643, 25.20, 24.71, 0.380, 1.403, 0.004

1, 8, 17, 1, 47.6118, 30.7643, 26.66, 24.71, 0.300, 1.377, 0.004

0, 8, 16, 2, 47.6118, 30.7643, 25.20, 24.71, 0.370, 1.403, 0.004

1, 8, 17, 2, 47.6118, 30.7643, 26.66, 24.71, 0.300, 1.386, 0.004

0, 8, 16, 3, 47.6118, 30.7643, 25.20, 24.71, 0.380, 1.399, 0.004

1, 8, 17, 3, 47.6118, 30.7643, 26.66, 24.71, 0.300, 1.389, 0.004

0, 8, 16, 4, 47.6118, 30.7643, 25.20, 24.71, 0.380, 1.400, 0.004

1, 8, 17, 4, 47.6118, 30.7643, 26.66, 24.71, 0.280, 1.387, 0.004

0, 8, 16, 0, 47.6118, 31.0143, 24.22, 26.17, 0.380, 1.402, 0.004

1, 8, 17, 0, 47.6118, 31.0143, 26.17, 26.17, 0.300, 1.379, 0.004

0, 8, 16, 1, 47.6118, 31.0143, 24.22, 26.17, 0.380, 1.398, 0.004

1, 8, 17, 1, 47.6118, 31.0143, 26.17, 26.17, 0.280, 1.386, 0.004

0, 8, 16, 2, 47.6118, 31.0143, 24.22, 26.17, 0.380, 1.410, 0.004

1, 8, 17, 2, 47.6118, 31.0143, 26.17, 26.17, 0.280, 1.382, 0.004

0, 8, 16, 3, 47.6118, 31.0143, 24.22, 26.17, 0.380, 1.394, 0.004

1, 8, 17, 3, 47.6118, 31.0143, 26.17, 26.17, 0.280, 1.384, 0.004

0, 8, 16, 4, 47.6118, 31.0143, 24.22, 26.17, 0.390, 1.403, 0.004

1, 8, 17, 4, 47.6118, 31.0143, 26.17, 26.17, 0.300, 1.383, 0.004

0, 8, 16, 0, 47.6118, 31.2643, 24.71, 25.20, 0.370, 1.398, 0.004

1, 8, 17, 0, 47.6118, 31.2643, 26.17, 25.20, 0.300, 1.388, 0.004

0, 8, 16, 1, 47.6118, 31.2643, 24.71, 25.20, 0.390, 1.399, 0.004

1, 8, 17, 1, 47.6118, 31.2643, 26.17, 25.20, 0.300, 1.387, 0.004

0, 8, 16, 2, 47.6118, 31.2643, 24.71, 25.20, 0.380, 1.399, 0.004

1, 8, 17, 2, 47.6118, 31.2643, 26.17, 25.20, 0.280, 1.387, 0.004

0, 8, 16, 3, 47.6118, 31.2643, 24.71, 25.20, 0.370, 1.389, 0.004

1, 8, 17, 3, 47.6118, 31.2643, 26.17, 25.20, 0.300, 1.382, 0.004

0, 8, 16, 4, 47.6118, 31.2643, 24.71, 25.20, 0.380, 1.391, 0.004

1, 8, 17, 4, 47.6118, 31.2643, 26.17, 25.20, 0.300, 1.387, 0.004

0, 8, 16, 0, 47.6118, 31.5143, 23.24, 25.20, 0.380, 1.397, 0.004

1, 8, 17, 0, 47.6118, 31.5143, 26.66, 25.20, 0.300, 1.376, 0.004

0, 8, 16, 1, 47.6118, 31.5143, 23.24, 25.20, 0.380, 1.403, 0.004

1, 8, 17, 1, 47.6118, 31.5143, 26.66, 25.20, 0.280, 1.384, 0.004

0, 8, 16, 2, 47.6118, 31.5143, 23.24, 25.20, 0.390, 1.392, 0.004

1, 8, 17, 2, 47.6118, 31.5143, 26.66, 25.20, 0.280, 1.382, 0.004

0, 8, 16, 3, 47.6118, 31.5143, 23.24, 25.20, 0.380, 1.389, 0.004

1, 8, 17, 3, 47.6118, 31.5143, 26.66, 25.20, 0.280, 1.387, 0.004

0, 8, 16, 4, 47.6118, 31.5143, 23.24, 25.20, 0.380, 1.400, 0.004

1, 8, 17, 4, 47.6118, 31.5143, 26.66, 25.20, 0.280, 1.380, 0.004

0, 8, 16, 0, 47.6118, 31.7643, 24.71, 25.68, 0.380, 1.397, 0.004

1, 8, 17, 0, 47.6118, 31.7643, 25.68, 25.68, 0.300, 1.382, 0.004

0, 8, 16, 1, 47.6118, 31.7643, 24.71, 25.68, 0.390, 1.404, 0.004

1, 8, 17, 1, 47.6118, 31.7643, 25.68, 25.68, 0.300, 1.376, 0.004

0, 8, 16, 2, 47.6118, 31.7643, 24.71, 25.68, 0.380, 1.394, 0.004

1, 8, 17, 2, 47.6118, 31.7643, 25.68, 25.68, 0.280, 1.386, 0.004

0, 8, 16, 3, 47.6118, 31.7643, 24.71, 25.68, 0.380, 1.398, 0.004

1, 8, 17, 3, 47.6118, 31.7643, 25.68, 25.68, 0.300, 1.389, 0.004

0, 8, 16, 4, 47.6118, 31.7643, 24.71, 25.68, 0.390, 1.401, 0.004

1, 8, 17, 4, 47.6118, 31.7643, 25.68, 25.68, 0.280, 1.391, 0.004

0, 8, 16, 0, 47.6118, 32.0143, 24.71, 24.71, 0.380, 1.395, 0.004

1, 8, 17, 0, 47.6118, 32.0143, 26.66, 24.71, 0.280, 1.378, 0.004

0, 8, 16, 1, 47.6118, 32.0143, 24.71, 24.71, 0.380, 1.399, 0.004

1, 8, 17, 1, 47.6118, 32.0143, 26.66, 24.71, 0.280, 1.382, 0.004

0, 8, 16, 2, 47.6118, 32.0143, 24.71, 24.71, 0.380, 1.400, 0.004

1, 8, 17, 2, 47.6118, 32.0143, 26.66, 24.71, 0.300, 1.381, 0.004

0, 8, 16, 3, 47.6118, 32.0143, 24.71, 24.71, 0.370, 1.400, 0.004

1, 8, 17, 3, 47.6118, 32.0143, 26.66, 24.71, 0.280, 1.388, 0.004

0, 8, 16, 4, 47.6118, 32.0143, 24.71, 24.71, 0.370, 1.395, 0.004

1, 8, 17, 4, 47.6118, 32.0143, 26.66, 24.71, 0.280, 1.381, 0.004

0, 8, 16, 0, 47.6118, 32.2643, 24.71, 25.68, 0.390, 1.402, 0.004

1, 8, 17, 0, 47.6118, 32.2643, 25.68, 25.68, 0.300, 1.387, 0.004

0, 8, 16, 1, 47.6118, 32.2643, 24.71, 25.68, 0.380, 1.386, 0.004

1, 8, 17, 1, 47.6118, 32.2643, 25.68, 25.68, 0.280, 1.387, 0.004

0, 8, 16, 2, 47.6118, 32.2643, 24.71, 25.68, 0.370, 1.393, 0.004

1, 8, 17, 2, 47.6118, 32.2643, 25.68, 25.68, 0.280, 1.383, 0.004

0, 8, 16, 3, 47.6118, 32.2643, 24.71, 25.68, 0.380, 1.399, 0.004

1, 8, 17, 3, 47.6118, 32.2643, 25.68, 25.68, 0.280, 1.377, 0.004

0, 8, 16, 4, 47.6118, 32.2643, 24.71, 25.68, 0.370, 1.393, 0.004

1, 8, 17, 4, 47.6118, 32.2643, 25.68, 25.68, 0.280, 1.382, 0.004

0, 8, 16, 0, 47.6118, 32.5143, 25.20, 25.68, 0.380, 1.397, 0.004

1, 8, 17, 0, 47.6118, 32.5143, 28.12, 25.68, 0.280, 1.378, 0.004

0, 8, 16, 1, 47.6118, 32.5143, 25.20, 25.68, 0.380, 1.396, 0.004

1, 8, 17, 1, 47.6118, 32.5143, 28.12, 25.68, 0.280, 1.386, 0.004

0, 8, 16, 2, 47.6118, 32.5143, 25.20, 25.68, 0.380, 1.401, 0.004

1, 8, 17, 2, 47.6118, 32.5143, 28.12, 25.68, 0.280, 1.379, 0.004

0, 8, 16, 3, 47.6118, 32.5143, 25.20, 25.68, 0.380, 1.400, 0.004

1, 8, 17, 3, 47.6118, 32.5143, 28.12, 25.68, 0.280, 1.395, 0.004

0, 8, 16, 4, 47.6118, 32.5143, 25.20, 25.68, 0.390, 1.391, 0.004

1, 8, 17, 4, 47.6118, 32.5143, 28.12, 25.68, 0.300, 1.392, 0.004

0, 8, 16, 0, 47.6118, 32.7643, 25.20, 28.12, 0.370, 1.398, 0.004

1, 8, 17, 0, 47.6118, 32.7643, 26.17, 28.12, 0.270, 1.382, 0.004

0, 8, 16, 1, 47.6118, 32.7643, 25.20, 28.12, 0.380, 1.396, 0.004

1, 8, 17, 1, 47.6118, 32.7643, 26.17, 28.12, 0.270, 1.386, 0.004

0, 8, 16, 2, 47.6118, 32.7643, 25.20, 28.12, 0.380, 1.401, 0.004

1, 8, 17, 2, 47.6118, 32.7643, 26.17, 28.12, 0.300, 1.373, 0.004

0, 8, 16, 3, 47.6118, 32.7643, 25.20, 28.12, 0.380, 1.407, 0.004

1, 8, 17, 3, 47.6118, 32.7643, 26.17, 28.12, 0.270, 1.378, 0.004

0, 8, 16, 4, 47.6118, 32.7643, 25.20, 28.12, 0.370, 1.396, 0.004

1, 8, 17, 4, 47.6118, 32.7643, 26.17, 28.12, 0.280, 1.378, 0.004

0, 8, 16, 0, 47.6118, 33.0143, 25.68, 25.20, 0.370, 1.398, 0.004

1, 8, 17, 0, 47.6118, 33.0143, 26.17, 25.20, 0.270, 1.388, 0.004

0, 8, 16, 1, 47.6118, 33.0143, 25.68, 25.20, 0.380, 1.407, 0.004

1, 8, 17, 1, 47.6118, 33.0143, 26.17, 25.20, 0.300, 1.391, 0.004

0, 8, 16, 2, 47.6118, 33.0143, 25.68, 25.20, 0.390, 1.403, 0.004

1, 8, 17, 2, 47.6118, 33.0143, 26.17, 25.20, 0.300, 1.385, 0.004

0, 8, 16, 3, 47.6118, 33.0143, 25.68, 25.20, 0.380, 1.397, 0.004

1, 8, 17, 3, 47.6118, 33.0143, 26.17, 25.20, 0.270, 1.388, 0.004

0, 8, 16, 4, 47.6118, 33.0143, 25.68, 25.20, 0.380, 1.392, 0.004

1, 8, 17, 4, 47.6118, 33.0143, 26.17, 25.20, 0.270, 1.388, 0.004

0, 8, 16, 0, 47.6118, 33.2643, 25.20, 25.20, 0.380, 1.400, 0.004

1, 8, 17, 0, 47.6118, 33.2643, 26.17, 25.20, 0.300, 1.381, 0.004

0, 8, 16, 1, 47.6118, 33.2643, 25.20, 25.20, 0.380, 1.398, 0.004

1, 8, 17, 1, 47.6118, 33.2643, 26.17, 25.20, 0.280, 1.385, 0.004

0, 8, 16, 2, 47.6118, 33.2643, 25.20, 25.20, 0.380, 1.397, 0.004

1, 8, 17, 2, 47.6118, 33.2643, 26.17, 25.20, 0.290, 1.389, 0.004

0, 8, 16, 3, 47.6118, 33.2643, 25.20, 25.20, 0.380, 1.393, 0.004

1, 8, 17, 3, 47.6118, 33.2643, 26.17, 25.20, 0.270, 1.380, 0.004

0, 8, 16, 4, 47.6118, 33.2643, 25.20, 25.20, 0.380, 1.402, 0.004

1, 8, 17, 4, 47.6118, 33.2643, 26.17, 25.20, 0.270, 1.383, 0.004

0, 8, 16, 0, 0, 0, 24.71, 26.17, 0.270, 1.398, 0.004

1, 8, 17, 0, 0, 0, 26.66, 26.17, 0.300, 1.386, 0.004

0, 8, 16, 1, 0, 0, 24.71, 26.17, 0.270, 1.403, 0.004

1, 8, 17, 1, 0, 0, 26.66, 26.17, 0.300, 1.387, 0.004

0, 8, 16, 2, 0, 0, 24.71, 26.17, 0.270, 1.395, 0.004

1, 8, 17, 2, 0, 0, 26.66, 26.17, 0.300, 1.375, 0.004

0, 8, 16, 3, 0, 0, 24.71, 26.17, 0.260, 1.388, 0.004

1, 8, 17, 3, 0, 0, 26.66, 26.17, 0.300, 1.385, 0.004

0, 8, 16, 4, 0, 0, 24.71, 26.17, 0.270, 1.396, 0.004

1, 8, 17, 4, 0, 0, 26.66, 26.17, 0.280, 1.380, 0.004

0, 8, 16, 0, 47.6118, 33.5143, 24.71, 25.20, 0.390, 1.394, 0.004

1, 8, 17, 0, 47.6118, 33.5143, 26.17, 25.20, 0.280, 1.379, 0.004

0, 8, 16, 1, 47.6118, 33.5143, 24.71, 25.20, 0.370, 1.398, 0.004

1, 8, 17, 1, 47.6118, 33.5143, 26.17, 25.20, 0.280, 1.391, 0.004

0, 8, 16, 2, 47.6118, 33.5143, 24.71, 25.20, 0.380, 1.390, 0.004

1, 8, 17, 2, 47.6118, 33.5143, 26.17, 25.20, 0.280, 1.398, 0.004

0, 8, 16, 3, 47.6118, 33.5143, 24.71, 25.20, 0.370, 1.389, 0.004

1, 8, 17, 3, 47.6118, 33.5143, 26.17, 25.20, 0.280, 1.379, 0.004

0, 8, 16, 4, 47.6118, 33.5143, 24.71, 25.20, 0.380, 1.393, 0.004

1, 8, 17, 4, 47.6118, 33.5143, 26.17, 25.20, 0.280, 1.385, 0.004

0, 8, 16, 0, 47.6118, 33.7643, 24.71, 25.68, 0.380, 1.403, 0.004

1, 8, 17, 0, 47.6118, 33.7643, 26.17, 25.68, 0.280, 1.386, 0.004

0, 8, 16, 1, 47.6118, 33.7643, 24.71, 25.68, 0.380, 1.399, 0.004

1, 8, 17, 1, 47.6118, 33.7643, 26.17, 25.68, 0.280, 1.383, 0.004

0, 8, 16, 2, 47.6118, 33.7643, 24.71, 25.68, 0.380, 1.390, 0.004

1, 8, 17, 2, 47.6118, 33.7643, 26.17, 25.68, 0.280, 1.385, 0.004

0, 8, 16, 3, 47.6118, 33.7643, 24.71, 25.68, 0.380, 1.402, 0.004

1, 8, 17, 3, 47.6118, 33.7643, 26.17, 25.68, 0.280, 1.382, 0.004

0, 8, 16, 4, 47.6118, 33.7643, 24.71, 25.68, 0.380, 1.399, 0.004

1, 8, 17, 4, 47.6118, 33.7643, 26.17, 25.68, 0.280, 1.389, 0.004

0, 8, 16, 0, 47.6118, 34.0143, 24.22, 26.17, 0.380, 1.380, 0.004

1, 8, 17, 0, 47.6118, 34.0143, 28.12, 26.17, 0.280, 1.386, 0.004

0, 8, 16, 1, 47.6118, 34.0143, 24.22, 26.17, 0.380, 1.397, 0.004

1, 8, 17, 1, 47.6118, 34.0143, 28.12, 26.17, 0.280, 1.389, 0.004

0, 8, 16, 2, 47.6118, 34.0143, 24.22, 26.17, 0.380, 1.398, 0.004

1, 8, 17, 2, 47.6118, 34.0143, 28.12, 26.17, 0.280, 1.374, 0.004

0, 8, 16, 3, 47.6118, 34.0143, 24.22, 26.17, 0.380, 1.400, 0.004

1, 8, 17, 3, 47.6118, 34.0143, 28.12, 26.17, 0.280, 1.390, 0.004

0, 8, 16, 4, 47.6118, 34.0143, 24.22, 26.17, 0.380, 1.390, 0.004

1, 8, 17, 4, 47.6118, 34.0143, 28.12, 26.17, 0.280, 1.373, 0.004

0, 8, 16, 0, 47.6118, 34.2643, 25.20, 25.68, 0.380, 1.405, 0.004

1, 8, 17, 0, 47.6118, 34.2643, 25.68, 25.68, 0.280, 1.379, 0.004

0, 8, 16, 1, 47.6118, 34.2643, 25.20, 25.68, 0.380, 1.386, 0.004

1, 8, 17, 1, 47.6118, 34.2643, 25.68, 25.68, 0.280, 1.376, 0.004

0, 8, 16, 2, 47.6118, 34.2643, 25.20, 25.68, 0.380, 1.392, 0.004

1, 8, 17, 2, 47.6118, 34.2643, 25.68, 25.68, 0.280, 1.373, 0.004

0, 8, 16, 3, 47.6118, 34.2643, 25.20, 25.68, 0.380, 1.398, 0.004

1, 8, 17, 3, 47.6118, 34.2643, 25.68, 25.68, 0.280, 1.380, 0.004

0, 8, 16, 4, 47.6118, 34.2643, 25.20, 25.68, 0.370, 1.384, 0.004

1, 8, 17, 4, 47.6118, 34.2643, 25.68, 25.68, 0.280, 1.384, 0.004

0, 8, 16, 0, 47.6118, 34.5143, 26.17, 26.17, 0.370, 1.383, 0.004

1, 8, 17, 0, 47.6118, 34.5143, 25.68, 26.17, 0.280, 1.381, 0.004

0, 8, 16, 1, 47.6118, 34.5143, 26.17, 26.17, 0.370, 1.399, 0.004

1, 8, 17, 1, 47.6118, 34.5143, 25.68, 26.17, 0.280, 1.381, 0.004

0, 8, 16, 2, 47.6118, 34.5143, 26.17, 26.17, 0.380, 1.400, 0.004

1, 8, 17, 2, 47.6118, 34.5143, 25.68, 26.17, 0.280, 1.388, 0.004

0, 8, 16, 3, 47.6118, 34.5143, 26.17, 26.17, 0.380, 1.392, 0.004

1, 8, 17, 3, 47.6118, 34.5143, 25.68, 26.17, 0.290, 1.378, 0.004

0, 8, 16, 4, 47.6118, 34.5143, 26.17, 26.17, 0.380, 1.396, 0.004

1, 8, 17, 4, 47.6118, 34.5143, 25.68, 26.17, 0.290, 1.380, 0.004

0, 8, 16, 0, 47.6118, 34.7643, 25.20, 25.68, 0.370, 1.396, 0.004

1, 8, 17, 0, 47.6118, 34.7643, 25.68, 25.68, 0.280, 1.383, 0.004

0, 8, 16, 1, 47.6118, 34.7643, 25.20, 25.68, 0.360, 1.400, 0.004

1, 8, 17, 1, 47.6118, 34.7643, 25.68, 25.68, 0.280, 1.379, 0.004

0, 8, 16, 2, 47.6118, 34.7643, 25.20, 25.68, 0.370, 1.399, 0.004

1, 8, 17, 2, 47.6118, 34.7643, 25.68, 25.68, 0.280, 1.379, 0.004

0, 8, 16, 3, 47.6118, 34.7643, 25.20, 25.68, 0.380, 1.400, 0.004

1, 8, 17, 3, 47.6118, 34.7643, 25.68, 25.68, 0.280, 1.379, 0.004

0, 8, 16, 4, 47.6118, 34.7643, 25.20, 25.68, 0.370, 1.402, 0.004

1, 8, 17, 4, 47.6118, 34.7643, 25.68, 25.68, 0.280, 1.382, 0.004

0, 8, 16, 0, 47.6118, 35.0143, 23.73, 24.71, 0.360, 1.394, 0.004

1, 8, 17, 0, 47.6118, 35.0143, 26.17, 24.71, 0.280, 1.378, 0.004

0, 8, 16, 1, 47.6118, 35.0143, 23.73, 24.71, 0.360, 1.400, 0.004

1, 8, 17, 1, 47.6118, 35.0143, 26.17, 24.71, 0.290, 1.380, 0.004

0, 8, 16, 2, 47.6118, 35.0143, 23.73, 24.71, 0.360, 1.391, 0.004

1, 8, 17, 2, 47.6118, 35.0143, 26.17, 24.71, 0.280, 1.378, 0.004

0, 8, 16, 3, 47.6118, 35.0143, 23.73, 24.71, 0.350, 1.394, 0.004

1, 8, 17, 3, 47.6118, 35.0143, 26.17, 24.71, 0.280, 1.381, 0.004

0, 8, 16, 4, 47.6118, 35.0143, 23.73, 24.71, 0.360, 1.401, 0.004

1, 8, 17, 4, 47.6118, 35.0143, 26.17, 24.71, 0.280, 1.385, 0.004

0, 8, 16, 0, 47.6118, 35.2643, 26.17, 26.66, 0.370, 1.403, 0.004

1, 8, 17, 0, 47.6118, 35.2643, 25.68, 26.66, 0.280, 1.379, 0.004

0, 8, 16, 1, 47.6118, 35.2643, 26.17, 26.66, 0.370, 1.392, 0.004

1, 8, 17, 1, 47.6118, 35.2643, 25.68, 26.66, 0.280, 1.389, 0.004

0, 8, 16, 2, 47.6118, 35.2643, 26.17, 26.66, 0.360, 1.400, 0.004

1, 8, 17, 2, 47.6118, 35.2643, 25.68, 26.66, 0.290, 1.379, 0.004

0, 8, 16, 3, 47.6118, 35.2643, 26.17, 26.66, 0.370, 1.393, 0.004

1, 8, 17, 3, 47.6118, 35.2643, 25.68, 26.66, 0.270, 1.382, 0.004

0, 8, 16, 4, 47.6118, 35.2643, 26.17, 26.66, 0.360, 1.404, 0.004

1, 8, 17, 4, 47.6118, 35.2643, 25.68, 26.66, 0.280, 1.383, 0.004

0, 8, 16, 0, 47.6118, 35.5143, 25.20, 26.66, 0.370, 1.398, 0.004

1, 8, 17, 0, 47.6118, 35.5143, 25.68, 26.66, 0.280, 1.385, 0.004

0, 8, 16, 1, 47.6118, 35.5143, 25.20, 26.66, 0.380, 1.395, 0.004

1, 8, 17, 1, 47.6118, 35.5143, 25.68, 26.66, 0.280, 1.379, 0.004

0, 8, 16, 2, 47.6118, 35.5143, 25.20, 26.66, 0.370, 1.397, 0.004

1, 8, 17, 2, 47.6118, 35.5143, 25.68, 26.66, 0.290, 1.378, 0.004

0, 8, 16, 3, 47.6118, 35.5143, 25.20, 26.66, 0.360, 1.399, 0.004

1, 8, 17, 3, 47.6118, 35.5143, 25.68, 26.66, 0.280, 1.387, 0.004

0, 8, 16, 4, 47.6118, 35.5143, 25.20, 26.66, 0.370, 1.393, 0.004

1, 8, 17, 4, 47.6118, 35.5143, 25.68, 26.66, 0.270, 1.380, 0.004

0, 8, 16, 0, 47.6118, 35.7643, 23.73, 25.68, 0.370, 1.403, 0.004

1, 8, 17, 0, 47.6118, 35.7643, 28.61, 25.68, 0.280, 1.383, 0.004

0, 8, 16, 1, 47.6118, 35.7643, 23.73, 25.68, 0.380, 1.399, 0.004

1, 8, 17, 1, 47.6118, 35.7643, 28.61, 25.68, 0.270, 1.387, 0.004

0, 8, 16, 2, 47.6118, 35.7643, 23.73, 25.68, 0.380, 1.403, 0.004

1, 8, 17, 2, 47.6118, 35.7643, 28.61, 25.68, 0.280, 1.384, 0.004

0, 8, 16, 3, 47.6118, 35.7643, 23.73, 25.68, 0.380, 1.392, 0.004

1, 8, 17, 3, 47.6118, 35.7643, 28.61, 25.68, 0.280, 1.388, 0.004

0, 8, 16, 4, 47.6118, 35.7643, 23.73, 25.68, 0.370, 1.399, 0.004

1, 8, 17, 4, 47.6118, 35.7643, 28.61, 25.68, 0.280, 1.380, 0.004

0, 8, 16, 0, 47.6118, 36.0143, 25.68, 25.20, 0.370, 1.400, 0.004

1, 8, 17, 0, 47.6118, 36.0143, 25.68, 25.20, 0.280, 1.389, 0.004

0, 8, 16, 1, 47.6118, 36.0143, 25.68, 25.20, 0.370, 1.395, 0.004

1, 8, 17, 1, 47.6118, 36.0143, 25.68, 25.20, 0.280, 1.385, 0.004

0, 8, 16, 2, 47.6118, 36.0143, 25.68, 25.20, 0.370, 1.389, 0.004

1, 8, 17, 2, 47.6118, 36.0143, 25.68, 25.20, 0.280, 1.378, 0.004

0, 8, 16, 3, 47.6118, 36.0143, 25.68, 25.20, 0.380, 1.390, 0.004

1, 8, 17, 3, 47.6118, 36.0143, 25.68, 25.20, 0.270, 1.375, 0.004

0, 8, 16, 4, 47.6118, 36.0143, 25.68, 25.20, 0.360, 1.387, 0.004

1, 8, 17, 4, 47.6118, 36.0143, 25.68, 25.20, 0.280, 1.387, 0.004

0, 8, 16, 0, 47.6118, 36.2643, 23.24, 26.17, 0.360, 1.385, 0.004

1, 8, 17, 0, 47.6118, 36.2643, 26.66, 26.17, 0.280, 1.382, 0.004

0, 8, 16, 1, 47.6118, 36.2643, 23.24, 26.17, 0.370, 1.390, 0.004

1, 8, 17, 1, 47.6118, 36.2643, 26.66, 26.17, 0.270, 1.382, 0.004

0, 8, 16, 2, 47.6118, 36.2643, 23.24, 26.17, 0.380, 1.392, 0.004

1, 8, 17, 2, 47.6118, 36.2643, 26.66, 26.17, 0.270, 1.386, 0.004

0, 8, 16, 3, 47.6118, 36.2643, 23.24, 26.17, 0.380, 1.398, 0.004

1, 8, 17, 3, 47.6118, 36.2643, 26.66, 26.17, 0.270, 1.385, 0.004

0, 8, 16, 4, 47.6118, 36.2643, 23.24, 26.17, 0.370, 1.382, 0.004

1, 8, 17, 4, 47.6118, 36.2643, 26.66, 26.17, 0.280, 1.379, 0.004

0, 8, 16, 0, 47.6118, 36.5143, 25.20, 25.68, 0.350, 1.393, 0.004

1, 8, 17, 0, 47.6118, 36.5143, 27.15, 25.68, 0.280, 1.390, 0.004

0, 8, 16, 1, 47.6118, 36.5143, 25.20, 25.68, 0.350, 1.394, 0.004

1, 8, 17, 1, 47.6118, 36.5143, 27.15, 25.68, 0.280, 1.389, 0.004

0, 8, 16, 2, 47.6118, 36.5143, 25.20, 25.68, 0.360, 1.399, 0.004

1, 8, 17, 2, 47.6118, 36.5143, 27.15, 25.68, 0.280, 1.382, 0.004

0, 8, 16, 3, 47.6118, 36.5143, 25.20, 25.68, 0.350, 1.397, 0.004

1, 8, 17, 3, 47.6118, 36.5143, 27.15, 25.68, 0.270, 1.378, 0.004

0, 8, 16, 4, 47.6118, 36.5143, 25.20, 25.68, 0.350, 1.391, 0.004

1, 8, 17, 4, 47.6118, 36.5143, 27.15, 25.68, 0.280, 1.384, 0.004

0, 8, 16, 0, 47.6118, 36.7643, 25.20, 24.71, 0.310, 1.399, 0.004

1, 8, 17, 0, 47.6118, 36.7643, 27.64, 24.71, 0.280, 1.379, 0.004

0, 8, 16, 1, 47.6118, 36.7643, 25.20, 24.71, 0.320, 1.395, 0.004

1, 8, 17, 1, 47.6118, 36.7643, 27.64, 24.71, 0.290, 1.389, 0.004

0, 8, 16, 2, 47.6118, 36.7643, 25.20, 24.71, 0.320, 1.398, 0.004

1, 8, 17, 2, 47.6118, 36.7643, 27.64, 24.71, 0.290, 1.380, 0.004

0, 8, 16, 3, 47.6118, 36.7643, 25.20, 24.71, 0.320, 1.384, 0.004

1, 8, 17, 3, 47.6118, 36.7643, 27.64, 24.71, 0.280, 1.378, 0.004

0, 8, 16, 4, 47.6118, 36.7643, 25.20, 24.71, 0.310, 1.398, 0.004

1, 8, 17, 4, 47.6118, 36.7643, 27.64, 24.71, 0.280, 1.382, 0.004

0, 8, 16, 0, 47.6118, 37.0143, 24.71, 27.15, 0.290, 1.397, 0.004

1, 8, 17, 0, 47.6118, 37.0143, 25.68, 27.15, 0.290, 1.378, 0.004

0, 8, 16, 1, 47.6118, 37.0143, 24.71, 27.15, 0.290, 1.397, 0.004

1, 8, 17, 1, 47.6118, 37.0143, 25.68, 27.15, 0.280, 1.382, 0.004

0, 8, 16, 2, 47.6118, 37.0143, 24.71, 27.15, 0.280, 1.402, 0.004

1, 8, 17, 2, 47.6118, 37.0143, 25.68, 27.15, 0.290, 1.381, 0.004

0, 8, 16, 3, 47.6118, 37.0143, 24.71, 27.15, 0.280, 1.399, 0.004

1, 8, 17, 3, 47.6118, 37.0143, 25.68, 27.15, 0.290, 1.390, 0.004

0, 8, 16, 4, 47.6118, 37.0143, 24.71, 27.15, 0.290, 1.399, 0.004

1, 8, 17, 4, 47.6118, 37.0143, 25.68, 27.15, 0.290, 1.382, 0.004

0, 8, 16, 0, 47.6118, 37.2643, 25.20, 25.20, 0.270, 1.392, 0.004

1, 8, 17, 0, 47.6118, 37.2643, 26.17, 25.20, 0.290, 1.384, 0.004

0, 8, 16, 1, 47.6118, 37.2643, 25.20, 25.20, 0.280, 1.401, 0.004

1, 8, 17, 1, 47.6118, 37.2643, 26.17, 25.20, 0.290, 1.375, 0.004

0, 8, 16, 2, 47.6118, 37.2643, 25.20, 25.20, 0.270, 1.397, 0.004

1, 8, 17, 2, 47.6118, 37.2643, 26.17, 25.20, 0.290, 1.380, 0.004

0, 8, 16, 3, 47.6118, 37.2643, 25.20, 25.20, 0.270, 1.399, 0.004

1, 8, 17, 3, 47.6118, 37.2643, 26.17, 25.20, 0.290, 1.374, 0.004

0, 8, 16, 4, 47.6118, 37.2643, 25.20, 25.20, 0.280, 1.395, 0.004

1, 8, 17, 4, 47.6118, 37.2643, 26.17, 25.20, 0.290, 1.386, 0.004

0, 8, 16, 0, 0, 0, 26.17, 26.17, 0.270, 1.397, 0.004

1, 8, 17, 0, 0, 0, 27.15, 26.17, 0.290, 1.380, 0.004

0, 8, 16, 1, 0, 0, 26.17, 26.17, 0.270, 1.397, 0.004

1, 8, 17, 1, 0, 0, 27.15, 26.17, 0.280, 1.374, 0.004

0, 8, 16, 2, 0, 0, 26.17, 26.17, 0.270, 1.400, 0.004

1, 8, 17, 2, 0, 0, 27.15, 26.17, 0.290, 1.370, 0.004

0, 8, 16, 3, 0, 0, 26.17, 26.17, 0.270, 1.396, 0.004

1, 8, 17, 3, 0, 0, 27.15, 26.17, 0.280, 1.386, 0.004

0, 8, 16, 4, 0, 0, 26.17, 26.17, 0.270, 1.398, 0.004

1, 8, 17, 4, 0, 0, 27.15, 26.17, 0.280, 1.380, 0.004

0, 8, 16, 0, 47.6118, 37.5143, 25.68, 24.71, 0.270, 1.391, 0.004

1, 8, 17, 0, 47.6118, 37.5143, 26.17, 24.71, 0.280, 1.384, 0.004

0, 8, 16, 1, 47.6118, 37.5143, 25.68, 24.71, 0.280, 1.400, 0.004

1, 8, 17, 1, 47.6118, 37.5143, 26.17, 24.71, 0.280, 1.385, 0.004

0, 8, 16, 2, 47.6118, 37.5143, 25.68, 24.71, 0.270, 1.398, 0.004

1, 8, 17, 2, 47.6118, 37.5143, 26.17, 24.71, 0.280, 1.382, 0.004

0, 8, 16, 3, 47.6118, 37.5143, 25.68, 24.71, 0.270, 1.397, 0.004

1, 8, 17, 3, 47.6118, 37.5143, 26.17, 24.71, 0.280, 1.386, 0.004

0, 8, 16, 4, 47.6118, 37.5143, 25.68, 24.71, 0.270, 1.389, 0.004

1, 8, 17, 4, 47.6118, 37.5143, 26.17, 24.71, 0.280, 1.389, 0.004

0, 8, 16, 0, 47.6118, 37.7643, 24.22, 25.20, 0.270, 1.397, 0.004

1, 8, 17, 0, 47.6118, 37.7643, 27.15, 25.20, 0.280, 1.382, 0.004

0, 8, 16, 1, 47.6118, 37.7643, 24.22, 25.20, 0.270, 1.392, 0.004

1, 8, 17, 1, 47.6118, 37.7643, 27.15, 25.20, 0.280, 1.387, 0.004

0, 8, 16, 2, 47.6118, 37.7643, 24.22, 25.20, 0.270, 1.395, 0.004

1, 8, 17, 2, 47.6118, 37.7643, 27.15, 25.20, 0.300, 1.379, 0.004

0, 8, 16, 3, 47.6118, 37.7643, 24.22, 25.20, 0.270, 1.401, 0.004

1, 8, 17, 3, 47.6118, 37.7643, 27.15, 25.20, 0.280, 1.385, 0.004

0, 8, 16, 4, 47.6118, 37.7643, 24.22, 25.20, 0.280, 1.393, 0.004

1, 8, 17, 4, 47.6118, 37.7643, 27.15, 25.20, 0.280, 1.387, 0.004

0, 8, 16, 0, 47.6118, 38.0143, 24.71, 25.20, 0.270, 1.396, 0.004

1, 8, 17, 0, 47.6118, 38.0143, 26.17, 25.20, 0.280, 1.394, 0.004

0, 8, 16, 1, 47.6118, 38.0143, 24.71, 25.20, 0.270, 1.395, 0.004

1, 8, 17, 1, 47.6118, 38.0143, 26.17, 25.20, 0.300, 1.389, 0.004

0, 8, 16, 2, 47.6118, 38.0143, 24.71, 25.20, 0.270, 1.397, 0.004

1, 8, 17, 2, 47.6118, 38.0143, 26.17, 25.20, 0.300, 1.380, 0.004

0, 8, 16, 3, 47.6118, 38.0143, 24.71, 25.20, 0.270, 1.400, 0.004

1, 8, 17, 3, 47.6118, 38.0143, 26.17, 25.20, 0.300, 1.383, 0.004

0, 8, 16, 4, 47.6118, 38.0143, 24.71, 25.20, 0.270, 1.406, 0.004

1, 8, 17, 4, 47.6118, 38.0143, 26.17, 25.20, 0.300, 1.388, 0.004

0, 8, 16, 0, 47.6118, 38.2643, 23.73, 25.20, 0.270, 1.398, 0.004

1, 8, 17, 0, 47.6118, 38.2643, 27.15, 25.20, 0.290, 1.384, 0.004

0, 8, 16, 1, 47.6118, 38.2643, 23.73, 25.20, 0.270, 1.402, 0.004

1, 8, 17, 1, 47.6118, 38.2643, 27.15, 25.20, 0.300, 1.385, 0.004

0, 8, 16, 2, 47.6118, 38.2643, 23.73, 25.20, 0.270, 1.395, 0.004

1, 8, 17, 2, 47.6118, 38.2643, 27.15, 25.20, 0.280, 1.383, 0.004

0, 8, 16, 3, 47.6118, 38.2643, 23.73, 25.20, 0.270, 1.393, 0.004

1, 8, 17, 3, 47.6118, 38.2643, 27.15, 25.20, 0.280, 1.386, 0.004

0, 8, 16, 4, 47.6118, 38.2643, 23.73, 25.20, 0.270, 1.397, 0.004

1, 8, 17, 4, 47.6118, 38.2643, 27.15, 25.20, 0.300, 1.378, 0.004

