Test Sector:
Device ID, Channel, Tile ID, trial, x, y, temp, temp_control, IMON, RMON, VCOMP
xorigincm, xfinalcm, xsteplengthcm, xsteps = 10.676, 10.676, 0, 40
yorigincm, yfinalcm, ysteplengthcm, nRepeat = 18.9871, 29.0129, 0.25, 5
0, 1, 2, 0, 0, 0, 26.66, 27.15, 0.230, 1.390, 0.004

1, 1, 3, 0, 0, 0, 27.15, 27.15, 0.270, 1.381, 0.004

0, 1, 2, 1, 0, 0, 26.66, 27.15, 0.240, 1.392, 0.004

1, 1, 3, 1, 0, 0, 27.15, 27.15, 0.280, 1.379, 0.004

0, 1, 2, 2, 0, 0, 26.66, 27.15, 0.240, 1.396, 0.004

1, 1, 3, 2, 0, 0, 27.15, 27.15, 0.280, 1.386, 0.004

0, 1, 2, 3, 0, 0, 26.66, 27.15, 0.230, 1.390, 0.004

1, 1, 3, 3, 0, 0, 27.15, 27.15, 0.280, 1.380, 0.004

0, 1, 2, 4, 0, 0, 26.66, 27.15, 0.230, 1.387, 0.004

1, 1, 3, 4, 0, 0, 27.15, 27.15, 0.270, 1.376, 0.004

0, 1, 2, 0, 10.676, 18.9871, 25.20, 25.20, 0.230, 1.397, 0.004

1, 1, 3, 0, 10.676, 18.9871, 26.17, 25.20, 0.280, 1.381, 0.004

0, 1, 2, 1, 10.676, 18.9871, 25.20, 25.20, 0.230, 1.394, 0.004

1, 1, 3, 1, 10.676, 18.9871, 26.17, 25.20, 0.280, 1.376, 0.004

0, 1, 2, 2, 10.676, 18.9871, 25.20, 25.20, 0.230, 1.387, 0.004

1, 1, 3, 2, 10.676, 18.9871, 26.17, 25.20, 0.280, 1.382, 0.004

0, 1, 2, 3, 10.676, 18.9871, 25.20, 25.20, 0.230, 1.390, 0.004

1, 1, 3, 3, 10.676, 18.9871, 26.17, 25.20, 0.270, 1.366, 0.004

0, 1, 2, 4, 10.676, 18.9871, 25.20, 25.20, 0.240, 1.388, 0.004

1, 1, 3, 4, 10.676, 18.9871, 26.17, 25.20, 0.280, 1.382, 0.004

0, 1, 2, 0, 10.676, 19.2371, 25.68, 25.68, 0.230, 1.395, 0.004

1, 1, 3, 0, 10.676, 19.2371, 26.66, 25.68, 0.280, 1.383, 0.004

0, 1, 2, 1, 10.676, 19.2371, 25.68, 25.68, 0.230, 1.390, 0.004

1, 1, 3, 1, 10.676, 19.2371, 26.66, 25.68, 0.270, 1.381, 0.004

0, 1, 2, 2, 10.676, 19.2371, 25.68, 25.68, 0.240, 1.387, 0.004

1, 1, 3, 2, 10.676, 19.2371, 26.66, 25.68, 0.280, 1.384, 0.004

0, 1, 2, 3, 10.676, 19.2371, 25.68, 25.68, 0.230, 1.387, 0.004

1, 1, 3, 3, 10.676, 19.2371, 26.66, 25.68, 0.280, 1.382, 0.004

0, 1, 2, 4, 10.676, 19.2371, 25.68, 25.68, 0.230, 1.390, 0.004

1, 1, 3, 4, 10.676, 19.2371, 26.66, 25.68, 0.280, 1.375, 0.004

0, 1, 2, 0, 10.676, 19.4871, 25.20, 25.20, 0.230, 1.391, 0.004

1, 1, 3, 0, 10.676, 19.4871, 26.17, 25.20, 0.280, 1.382, 0.004

0, 1, 2, 1, 10.676, 19.4871, 25.20, 25.20, 0.230, 1.392, 0.004

1, 1, 3, 1, 10.676, 19.4871, 26.17, 25.20, 0.280, 1.381, 0.004

0, 1, 2, 2, 10.676, 19.4871, 25.20, 25.20, 0.230, 1.384, 0.004

1, 1, 3, 2, 10.676, 19.4871, 26.17, 25.20, 0.280, 1.374, 0.004

0, 1, 2, 3, 10.676, 19.4871, 25.20, 25.20, 0.230, 1.384, 0.004

1, 1, 3, 3, 10.676, 19.4871, 26.17, 25.20, 0.280, 1.382, 0.004

0, 1, 2, 4, 10.676, 19.4871, 25.20, 25.20, 0.230, 1.393, 0.004

1, 1, 3, 4, 10.676, 19.4871, 26.17, 25.20, 0.280, 1.385, 0.004

0, 1, 2, 0, 10.676, 19.7371, 25.20, 25.20, 0.230, 1.392, 0.004

1, 1, 3, 0, 10.676, 19.7371, 26.66, 25.20, 0.280, 1.381, 0.004

0, 1, 2, 1, 10.676, 19.7371, 25.20, 25.20, 0.230, 1.398, 0.004

1, 1, 3, 1, 10.676, 19.7371, 26.66, 25.20, 0.280, 1.377, 0.004

0, 1, 2, 2, 10.676, 19.7371, 25.20, 25.20, 0.230, 1.388, 0.004

1, 1, 3, 2, 10.676, 19.7371, 26.66, 25.20, 0.280, 1.380, 0.004

0, 1, 2, 3, 10.676, 19.7371, 25.20, 25.20, 0.230, 1.388, 0.004

1, 1, 3, 3, 10.676, 19.7371, 26.66, 25.20, 0.280, 1.379, 0.004

0, 1, 2, 4, 10.676, 19.7371, 25.20, 25.20, 0.230, 1.395, 0.004

1, 1, 3, 4, 10.676, 19.7371, 26.66, 25.20, 0.280, 1.383, 0.004

0, 1, 2, 0, 10.676, 19.9871, 26.17, 26.17, 0.230, 1.390, 0.004

1, 1, 3, 0, 10.676, 19.9871, 27.15, 26.17, 0.280, 1.371, 0.004

0, 1, 2, 1, 10.676, 19.9871, 26.17, 26.17, 0.230, 1.392, 0.004

1, 1, 3, 1, 10.676, 19.9871, 27.15, 26.17, 0.270, 1.381, 0.004

0, 1, 2, 2, 10.676, 19.9871, 26.17, 26.17, 0.230, 1.391, 0.004

1, 1, 3, 2, 10.676, 19.9871, 27.15, 26.17, 0.270, 1.378, 0.004

0, 1, 2, 3, 10.676, 19.9871, 26.17, 26.17, 0.230, 1.383, 0.004

1, 1, 3, 3, 10.676, 19.9871, 27.15, 26.17, 0.280, 1.376, 0.004

0, 1, 2, 4, 10.676, 19.9871, 26.17, 26.17, 0.230, 1.393, 0.004

1, 1, 3, 4, 10.676, 19.9871, 27.15, 26.17, 0.280, 1.379, 0.004

0, 1, 2, 0, 10.676, 20.2371, 25.20, 26.17, 0.220, 1.389, 0.004

1, 1, 3, 0, 10.676, 20.2371, 26.66, 26.17, 0.280, 1.382, 0.004

0, 1, 2, 1, 10.676, 20.2371, 25.20, 26.17, 0.230, 1.383, 0.004

1, 1, 3, 1, 10.676, 20.2371, 26.66, 26.17, 0.280, 1.375, 0.004

0, 1, 2, 2, 10.676, 20.2371, 25.20, 26.17, 0.230, 1.391, 0.004

1, 1, 3, 2, 10.676, 20.2371, 26.66, 26.17, 0.290, 1.377, 0.004

0, 1, 2, 3, 10.676, 20.2371, 25.20, 26.17, 0.230, 1.377, 0.004

1, 1, 3, 3, 10.676, 20.2371, 26.66, 26.17, 0.280, 1.387, 0.004

0, 1, 2, 4, 10.676, 20.2371, 25.20, 26.17, 0.230, 1.395, 0.004

1, 1, 3, 4, 10.676, 20.2371, 26.66, 26.17, 0.280, 1.377, 0.004

0, 1, 2, 0, 10.676, 20.4871, 25.20, 25.68, 0.230, 1.384, 0.004

1, 1, 3, 0, 10.676, 20.4871, 25.68, 25.68, 0.290, 1.382, 0.004

0, 1, 2, 1, 10.676, 20.4871, 25.20, 25.68, 0.230, 1.387, 0.004

1, 1, 3, 1, 10.676, 20.4871, 25.68, 25.68, 0.280, 1.374, 0.004

0, 1, 2, 2, 10.676, 20.4871, 25.20, 25.68, 0.230, 1.393, 0.004

1, 1, 3, 2, 10.676, 20.4871, 25.68, 25.68, 0.280, 1.384, 0.004

0, 1, 2, 3, 10.676, 20.4871, 25.20, 25.68, 0.230, 1.391, 0.004

1, 1, 3, 3, 10.676, 20.4871, 25.68, 25.68, 0.290, 1.378, 0.004

0, 1, 2, 4, 10.676, 20.4871, 25.20, 25.68, 0.230, 1.385, 0.004

1, 1, 3, 4, 10.676, 20.4871, 25.68, 25.68, 0.280, 1.386, 0.004

0, 1, 2, 0, 10.676, 20.7371, 26.66, 27.15, 0.230, 1.404, 0.004

1, 1, 3, 0, 10.676, 20.7371, 26.66, 27.15, 0.290, 1.383, 0.004

0, 1, 2, 1, 10.676, 20.7371, 26.66, 27.15, 0.230, 1.400, 0.004

1, 1, 3, 1, 10.676, 20.7371, 26.66, 27.15, 0.290, 1.375, 0.004

0, 1, 2, 2, 10.676, 20.7371, 26.66, 27.15, 0.230, 1.394, 0.004

1, 1, 3, 2, 10.676, 20.7371, 26.66, 27.15, 0.290, 1.383, 0.004

0, 1, 2, 3, 10.676, 20.7371, 26.66, 27.15, 0.230, 1.393, 0.004

1, 1, 3, 3, 10.676, 20.7371, 26.66, 27.15, 0.290, 1.369, 0.004

0, 1, 2, 4, 10.676, 20.7371, 26.66, 27.15, 0.230, 1.393, 0.004

1, 1, 3, 4, 10.676, 20.7371, 26.66, 27.15, 0.300, 1.376, 0.004

0, 1, 2, 0, 10.676, 20.9871, 25.68, 26.66, 0.230, 1.394, 0.004

1, 1, 3, 0, 10.676, 20.9871, 26.66, 26.66, 0.310, 1.374, 0.004

0, 1, 2, 1, 10.676, 20.9871, 25.68, 26.66, 0.230, 1.391, 0.004

1, 1, 3, 1, 10.676, 20.9871, 26.66, 26.66, 0.310, 1.382, 0.004

0, 1, 2, 2, 10.676, 20.9871, 25.68, 26.66, 0.230, 1.390, 0.004

1, 1, 3, 2, 10.676, 20.9871, 26.66, 26.66, 0.310, 1.371, 0.004

0, 1, 2, 3, 10.676, 20.9871, 25.68, 26.66, 0.230, 1.399, 0.004

1, 1, 3, 3, 10.676, 20.9871, 26.66, 26.66, 0.310, 1.370, 0.004

0, 1, 2, 4, 10.676, 20.9871, 25.68, 26.66, 0.230, 1.389, 0.004

1, 1, 3, 4, 10.676, 20.9871, 26.66, 26.66, 0.310, 1.382, 0.004

0, 1, 2, 0, 10.676, 21.2371, 25.68, 26.17, 0.230, 1.382, 0.004

1, 1, 3, 0, 10.676, 21.2371, 26.17, 26.17, 0.340, 1.377, 0.004

0, 1, 2, 1, 10.676, 21.2371, 25.68, 26.17, 0.230, 1.396, 0.004

1, 1, 3, 1, 10.676, 21.2371, 26.17, 26.17, 0.340, 1.377, 0.004

0, 1, 2, 2, 10.676, 21.2371, 25.68, 26.17, 0.230, 1.390, 0.004

1, 1, 3, 2, 10.676, 21.2371, 26.17, 26.17, 0.330, 1.384, 0.004

0, 1, 2, 3, 10.676, 21.2371, 25.68, 26.17, 0.230, 1.393, 0.004

1, 1, 3, 3, 10.676, 21.2371, 26.17, 26.17, 0.330, 1.383, 0.004

0, 1, 2, 4, 10.676, 21.2371, 25.68, 26.17, 0.230, 1.385, 0.004

1, 1, 3, 4, 10.676, 21.2371, 26.17, 26.17, 0.330, 1.376, 0.004

0, 1, 2, 0, 10.676, 21.4871, 25.20, 24.71, 0.230, 1.391, 0.004

1, 1, 3, 0, 10.676, 21.4871, 26.66, 24.71, 0.360, 1.384, 0.004

0, 1, 2, 1, 10.676, 21.4871, 25.20, 24.71, 0.230, 1.394, 0.004

1, 1, 3, 1, 10.676, 21.4871, 26.66, 24.71, 0.350, 1.383, 0.004

0, 1, 2, 2, 10.676, 21.4871, 25.20, 24.71, 0.230, 1.387, 0.004

1, 1, 3, 2, 10.676, 21.4871, 26.66, 24.71, 0.350, 1.386, 0.004

0, 1, 2, 3, 10.676, 21.4871, 25.20, 24.71, 0.230, 1.389, 0.004

1, 1, 3, 3, 10.676, 21.4871, 26.66, 24.71, 0.340, 1.379, 0.004

0, 1, 2, 4, 10.676, 21.4871, 25.20, 24.71, 0.230, 1.389, 0.004

1, 1, 3, 4, 10.676, 21.4871, 26.66, 24.71, 0.350, 1.379, 0.004

0, 1, 2, 0, 10.676, 21.7371, 25.68, 29.10, 0.230, 1.387, 0.004

1, 1, 3, 0, 10.676, 21.7371, 25.68, 29.10, 0.350, 1.376, 0.004

0, 1, 2, 1, 10.676, 21.7371, 25.68, 29.10, 0.240, 1.391, 0.004

1, 1, 3, 1, 10.676, 21.7371, 25.68, 29.10, 0.370, 1.380, 0.004

0, 1, 2, 2, 10.676, 21.7371, 25.68, 29.10, 0.240, 1.394, 0.004

1, 1, 3, 2, 10.676, 21.7371, 25.68, 29.10, 0.360, 1.388, 0.004

0, 1, 2, 3, 10.676, 21.7371, 25.68, 29.10, 0.240, 1.394, 0.004

1, 1, 3, 3, 10.676, 21.7371, 25.68, 29.10, 0.360, 1.388, 0.004

0, 1, 2, 4, 10.676, 21.7371, 25.68, 29.10, 0.230, 1.380, 0.004

1, 1, 3, 4, 10.676, 21.7371, 25.68, 29.10, 0.360, 1.381, 0.004

0, 1, 2, 0, 10.676, 21.9871, 24.71, 25.68, 0.240, 1.391, 0.004

1, 1, 3, 0, 10.676, 21.9871, 27.15, 25.68, 0.370, 1.385, 0.004

0, 1, 2, 1, 10.676, 21.9871, 24.71, 25.68, 0.230, 1.390, 0.004

1, 1, 3, 1, 10.676, 21.9871, 27.15, 25.68, 0.370, 1.374, 0.004

0, 1, 2, 2, 10.676, 21.9871, 24.71, 25.68, 0.240, 1.392, 0.004

1, 1, 3, 2, 10.676, 21.9871, 27.15, 25.68, 0.370, 1.384, 0.004

0, 1, 2, 3, 10.676, 21.9871, 24.71, 25.68, 0.240, 1.393, 0.004

1, 1, 3, 3, 10.676, 21.9871, 27.15, 25.68, 0.360, 1.371, 0.004

0, 1, 2, 4, 10.676, 21.9871, 24.71, 25.68, 0.230, 1.392, 0.004

1, 1, 3, 4, 10.676, 21.9871, 27.15, 25.68, 0.370, 1.376, 0.004

0, 1, 2, 0, 10.676, 22.2371, 26.17, 25.20, 0.240, 1.393, 0.004

1, 1, 3, 0, 10.676, 22.2371, 29.59, 25.20, 0.360, 1.374, 0.004

0, 1, 2, 1, 10.676, 22.2371, 26.17, 25.20, 0.230, 1.395, 0.004

1, 1, 3, 1, 10.676, 22.2371, 29.59, 25.20, 0.390, 1.378, 0.004

0, 1, 2, 2, 10.676, 22.2371, 26.17, 25.20, 0.240, 1.388, 0.004

1, 1, 3, 2, 10.676, 22.2371, 29.59, 25.20, 0.380, 1.390, 0.004

0, 1, 2, 3, 10.676, 22.2371, 26.17, 25.20, 0.240, 1.392, 0.004

1, 1, 3, 3, 10.676, 22.2371, 29.59, 25.20, 0.370, 1.376, 0.004

0, 1, 2, 4, 10.676, 22.2371, 26.17, 25.20, 0.230, 1.386, 0.004

1, 1, 3, 4, 10.676, 22.2371, 29.59, 25.20, 0.380, 1.379, 0.004

0, 1, 2, 0, 10.676, 22.4871, 26.17, 26.66, 0.240, 1.387, 0.004

1, 1, 3, 0, 10.676, 22.4871, 27.15, 26.66, 0.370, 1.380, 0.004

0, 1, 2, 1, 10.676, 22.4871, 26.17, 26.66, 0.230, 1.393, 0.004

1, 1, 3, 1, 10.676, 22.4871, 27.15, 26.66, 0.370, 1.361, 0.004

0, 1, 2, 2, 10.676, 22.4871, 26.17, 26.66, 0.230, 1.385, 0.004

1, 1, 3, 2, 10.676, 22.4871, 27.15, 26.66, 0.370, 1.390, 0.004

0, 1, 2, 3, 10.676, 22.4871, 26.17, 26.66, 0.230, 1.392, 0.004

1, 1, 3, 3, 10.676, 22.4871, 27.15, 26.66, 0.370, 1.377, 0.004

0, 1, 2, 4, 10.676, 22.4871, 26.17, 26.66, 0.240, 1.388, 0.004

1, 1, 3, 4, 10.676, 22.4871, 27.15, 26.66, 0.370, 1.372, 0.004

0, 1, 2, 0, 10.676, 22.7371, 26.66, 27.64, 0.240, 1.396, 0.004

1, 1, 3, 0, 10.676, 22.7371, 27.15, 27.64, 0.360, 1.377, 0.004

0, 1, 2, 1, 10.676, 22.7371, 26.66, 27.64, 0.240, 1.388, 0.004

1, 1, 3, 1, 10.676, 22.7371, 27.15, 27.64, 0.380, 1.376, 0.004

0, 1, 2, 2, 10.676, 22.7371, 26.66, 27.64, 0.240, 1.391, 0.004

1, 1, 3, 2, 10.676, 22.7371, 27.15, 27.64, 0.370, 1.360, 0.004

0, 1, 2, 3, 10.676, 22.7371, 26.66, 27.64, 0.240, 1.384, 0.004

1, 1, 3, 3, 10.676, 22.7371, 27.15, 27.64, 0.370, 1.377, 0.004

0, 1, 2, 4, 10.676, 22.7371, 26.66, 27.64, 0.240, 1.385, 0.004

1, 1, 3, 4, 10.676, 22.7371, 27.15, 27.64, 0.370, 1.377, 0.004

0, 1, 2, 0, 10.676, 22.9871, 26.66, 27.15, 0.240, 1.392, 0.004

1, 1, 3, 0, 10.676, 22.9871, 26.17, 27.15, 0.360, 1.375, 0.004

0, 1, 2, 1, 10.676, 22.9871, 26.66, 27.15, 0.230, 1.390, 0.004

1, 1, 3, 1, 10.676, 22.9871, 26.17, 27.15, 0.360, 1.372, 0.004

0, 1, 2, 2, 10.676, 22.9871, 26.66, 27.15, 0.240, 1.392, 0.004

1, 1, 3, 2, 10.676, 22.9871, 26.17, 27.15, 0.370, 1.380, 0.004

0, 1, 2, 3, 10.676, 22.9871, 26.66, 27.15, 0.240, 1.393, 0.004

1, 1, 3, 3, 10.676, 22.9871, 26.17, 27.15, 0.360, 1.386, 0.004

0, 1, 2, 4, 10.676, 22.9871, 26.66, 27.15, 0.230, 1.389, 0.004

1, 1, 3, 4, 10.676, 22.9871, 26.17, 27.15, 0.370, 1.383, 0.004

0, 1, 2, 0, 0, 0, 26.17, 26.17, 0.230, 1.387, 0.004

1, 1, 3, 0, 0, 0, 28.12, 26.17, 0.280, 1.385, 0.004

0, 1, 2, 1, 0, 0, 26.17, 26.17, 0.230, 1.395, 0.004

1, 1, 3, 1, 0, 0, 28.12, 26.17, 0.270, 1.384, 0.004

0, 1, 2, 2, 0, 0, 26.17, 26.17, 0.230, 1.390, 0.004

1, 1, 3, 2, 0, 0, 28.12, 26.17, 0.280, 1.383, 0.004

0, 1, 2, 3, 0, 0, 26.17, 26.17, 0.230, 1.383, 0.004

1, 1, 3, 3, 0, 0, 28.12, 26.17, 0.280, 1.377, 0.004

0, 1, 2, 4, 0, 0, 26.17, 26.17, 0.230, 1.400, 0.004

1, 1, 3, 4, 0, 0, 28.12, 26.17, 0.280, 1.374, 0.004

0, 1, 2, 0, 10.676, 23.2371, 26.66, 26.66, 0.230, 1.393, 0.004

1, 1, 3, 0, 10.676, 23.2371, 27.15, 26.66, 0.350, 1.367, 0.004

0, 1, 2, 1, 10.676, 23.2371, 26.66, 26.66, 0.230, 1.394, 0.004

1, 1, 3, 1, 10.676, 23.2371, 27.15, 26.66, 0.360, 1.386, 0.004

0, 1, 2, 2, 10.676, 23.2371, 26.66, 26.66, 0.240, 1.386, 0.004

1, 1, 3, 2, 10.676, 23.2371, 27.15, 26.66, 0.350, 1.378, 0.004

0, 1, 2, 3, 10.676, 23.2371, 26.66, 26.66, 0.240, 1.387, 0.004

1, 1, 3, 3, 10.676, 23.2371, 27.15, 26.66, 0.360, 1.378, 0.004

0, 1, 2, 4, 10.676, 23.2371, 26.66, 26.66, 0.240, 1.390, 0.004

1, 1, 3, 4, 10.676, 23.2371, 27.15, 26.66, 0.360, 1.383, 0.004

0, 1, 2, 0, 10.676, 23.4871, 26.17, 26.66, 0.240, 1.395, 0.004

1, 1, 3, 0, 10.676, 23.4871, 26.66, 26.66, 0.340, 1.378, 0.004

0, 1, 2, 1, 10.676, 23.4871, 26.17, 26.66, 0.230, 1.390, 0.004

1, 1, 3, 1, 10.676, 23.4871, 26.66, 26.66, 0.340, 1.385, 0.004

0, 1, 2, 2, 10.676, 23.4871, 26.17, 26.66, 0.240, 1.391, 0.004

1, 1, 3, 2, 10.676, 23.4871, 26.66, 26.66, 0.330, 1.366, 0.004

0, 1, 2, 3, 10.676, 23.4871, 26.17, 26.66, 0.240, 1.390, 0.004

1, 1, 3, 3, 10.676, 23.4871, 26.66, 26.66, 0.340, 1.365, 0.004

0, 1, 2, 4, 10.676, 23.4871, 26.17, 26.66, 0.240, 1.388, 0.004

1, 1, 3, 4, 10.676, 23.4871, 26.66, 26.66, 0.340, 1.373, 0.004

0, 1, 2, 0, 10.676, 23.7371, 26.66, 27.64, 0.250, 1.387, 0.004

1, 1, 3, 0, 10.676, 23.7371, 28.12, 27.64, 0.320, 1.376, 0.004

0, 1, 2, 1, 10.676, 23.7371, 26.66, 27.64, 0.240, 1.387, 0.004

1, 1, 3, 1, 10.676, 23.7371, 28.12, 27.64, 0.310, 1.375, 0.004

0, 1, 2, 2, 10.676, 23.7371, 26.66, 27.64, 0.240, 1.398, 0.004

1, 1, 3, 2, 10.676, 23.7371, 28.12, 27.64, 0.320, 1.378, 0.004

0, 1, 2, 3, 10.676, 23.7371, 26.66, 27.64, 0.240, 1.386, 0.004

1, 1, 3, 3, 10.676, 23.7371, 28.12, 27.64, 0.310, 1.380, 0.004

0, 1, 2, 4, 10.676, 23.7371, 26.66, 27.64, 0.240, 1.394, 0.004

1, 1, 3, 4, 10.676, 23.7371, 28.12, 27.64, 0.320, 1.376, 0.004

0, 1, 2, 0, 10.676, 23.9871, 25.20, 27.15, 0.250, 1.395, 0.004

1, 1, 3, 0, 10.676, 23.9871, 27.64, 27.15, 0.300, 1.389, 0.004

0, 1, 2, 1, 10.676, 23.9871, 25.20, 27.15, 0.250, 1.388, 0.004

1, 1, 3, 1, 10.676, 23.9871, 27.64, 27.15, 0.300, 1.385, 0.004

0, 1, 2, 2, 10.676, 23.9871, 25.20, 27.15, 0.250, 1.388, 0.004

1, 1, 3, 2, 10.676, 23.9871, 27.64, 27.15, 0.300, 1.379, 0.004

0, 1, 2, 3, 10.676, 23.9871, 25.20, 27.15, 0.250, 1.385, 0.004

1, 1, 3, 3, 10.676, 23.9871, 27.64, 27.15, 0.300, 1.381, 0.004

0, 1, 2, 4, 10.676, 23.9871, 25.20, 27.15, 0.250, 1.385, 0.004

1, 1, 3, 4, 10.676, 23.9871, 27.64, 27.15, 0.300, 1.382, 0.004

0, 1, 2, 0, 10.676, 24.2371, 26.17, 26.17, 0.270, 1.387, 0.004

1, 1, 3, 0, 10.676, 24.2371, 26.66, 26.17, 0.290, 1.374, 0.004

0, 1, 2, 1, 10.676, 24.2371, 26.17, 26.17, 0.260, 1.389, 0.004

1, 1, 3, 1, 10.676, 24.2371, 26.66, 26.17, 0.290, 1.382, 0.004

0, 1, 2, 2, 10.676, 24.2371, 26.17, 26.17, 0.270, 1.392, 0.004

1, 1, 3, 2, 10.676, 24.2371, 26.66, 26.17, 0.290, 1.388, 0.004

0, 1, 2, 3, 10.676, 24.2371, 26.17, 26.17, 0.260, 1.384, 0.004

1, 1, 3, 3, 10.676, 24.2371, 26.66, 26.17, 0.290, 1.378, 0.004

0, 1, 2, 4, 10.676, 24.2371, 26.17, 26.17, 0.270, 1.386, 0.004

1, 1, 3, 4, 10.676, 24.2371, 26.66, 26.17, 0.290, 1.379, 0.004

0, 1, 2, 0, 10.676, 24.4871, 26.17, 25.20, 0.280, 1.387, 0.004

1, 1, 3, 0, 10.676, 24.4871, 27.15, 25.20, 0.280, 1.372, 0.004

0, 1, 2, 1, 10.676, 24.4871, 26.17, 25.20, 0.270, 1.391, 0.004

1, 1, 3, 1, 10.676, 24.4871, 27.15, 25.20, 0.280, 1.380, 0.004

0, 1, 2, 2, 10.676, 24.4871, 26.17, 25.20, 0.280, 1.378, 0.004

1, 1, 3, 2, 10.676, 24.4871, 27.15, 25.20, 0.290, 1.378, 0.004

0, 1, 2, 3, 10.676, 24.4871, 26.17, 25.20, 0.280, 1.383, 0.004

1, 1, 3, 3, 10.676, 24.4871, 27.15, 25.20, 0.290, 1.387, 0.004

0, 1, 2, 4, 10.676, 24.4871, 26.17, 25.20, 0.280, 1.385, 0.004

1, 1, 3, 4, 10.676, 24.4871, 27.15, 25.20, 0.290, 1.377, 0.004

0, 1, 2, 0, 10.676, 24.7371, 24.71, 26.66, 0.300, 1.390, 0.004

1, 1, 3, 0, 10.676, 24.7371, 26.17, 26.66, 0.280, 1.378, 0.004

0, 1, 2, 1, 10.676, 24.7371, 24.71, 26.66, 0.290, 1.400, 0.004

1, 1, 3, 1, 10.676, 24.7371, 26.17, 26.66, 0.290, 1.385, 0.004

0, 1, 2, 2, 10.676, 24.7371, 24.71, 26.66, 0.300, 1.384, 0.004

1, 1, 3, 2, 10.676, 24.7371, 26.17, 26.66, 0.290, 1.381, 0.004

0, 1, 2, 3, 10.676, 24.7371, 24.71, 26.66, 0.300, 1.392, 0.004

1, 1, 3, 3, 10.676, 24.7371, 26.17, 26.66, 0.280, 1.378, 0.004

0, 1, 2, 4, 10.676, 24.7371, 24.71, 26.66, 0.290, 1.392, 0.004

1, 1, 3, 4, 10.676, 24.7371, 26.17, 26.66, 0.280, 1.375, 0.004

0, 1, 2, 0, 10.676, 24.9871, 25.20, 26.17, 0.300, 1.385, 0.004

1, 1, 3, 0, 10.676, 24.9871, 26.17, 26.17, 0.290, 1.381, 0.004

0, 1, 2, 1, 10.676, 24.9871, 25.20, 26.17, 0.310, 1.393, 0.004

1, 1, 3, 1, 10.676, 24.9871, 26.17, 26.17, 0.280, 1.384, 0.004

0, 1, 2, 2, 10.676, 24.9871, 25.20, 26.17, 0.310, 1.390, 0.004

1, 1, 3, 2, 10.676, 24.9871, 26.17, 26.17, 0.290, 1.380, 0.004

0, 1, 2, 3, 10.676, 24.9871, 25.20, 26.17, 0.310, 1.395, 0.004

1, 1, 3, 3, 10.676, 24.9871, 26.17, 26.17, 0.290, 1.377, 0.004

0, 1, 2, 4, 10.676, 24.9871, 25.20, 26.17, 0.310, 1.395, 0.004

1, 1, 3, 4, 10.676, 24.9871, 26.17, 26.17, 0.290, 1.375, 0.004

0, 1, 2, 0, 10.676, 25.2371, 26.66, 25.68, 0.310, 1.398, 0.004

1, 1, 3, 0, 10.676, 25.2371, 26.17, 25.68, 0.290, 1.376, 0.004

0, 1, 2, 1, 10.676, 25.2371, 26.66, 25.68, 0.300, 1.384, 0.004

1, 1, 3, 1, 10.676, 25.2371, 26.17, 25.68, 0.290, 1.382, 0.004

0, 1, 2, 2, 10.676, 25.2371, 26.66, 25.68, 0.300, 1.383, 0.004

1, 1, 3, 2, 10.676, 25.2371, 26.17, 25.68, 0.290, 1.375, 0.004

0, 1, 2, 3, 10.676, 25.2371, 26.66, 25.68, 0.300, 1.393, 0.004

1, 1, 3, 3, 10.676, 25.2371, 26.17, 25.68, 0.290, 1.386, 0.004

0, 1, 2, 4, 10.676, 25.2371, 26.66, 25.68, 0.310, 1.383, 0.004

1, 1, 3, 4, 10.676, 25.2371, 26.17, 25.68, 0.290, 1.383, 0.004

0, 1, 2, 0, 10.676, 25.4871, 26.66, 26.17, 0.300, 1.386, 0.004

1, 1, 3, 0, 10.676, 25.4871, 26.66, 26.17, 0.290, 1.374, 0.004

0, 1, 2, 1, 10.676, 25.4871, 26.66, 26.17, 0.310, 1.384, 0.004

1, 1, 3, 1, 10.676, 25.4871, 26.66, 26.17, 0.280, 1.384, 0.004

0, 1, 2, 2, 10.676, 25.4871, 26.66, 26.17, 0.310, 1.395, 0.004

1, 1, 3, 2, 10.676, 25.4871, 26.66, 26.17, 0.290, 1.373, 0.004

0, 1, 2, 3, 10.676, 25.4871, 26.66, 26.17, 0.300, 1.388, 0.004

1, 1, 3, 3, 10.676, 25.4871, 26.66, 26.17, 0.280, 1.381, 0.004

0, 1, 2, 4, 10.676, 25.4871, 26.66, 26.17, 0.310, 1.389, 0.004

1, 1, 3, 4, 10.676, 25.4871, 26.66, 26.17, 0.280, 1.378, 0.004

0, 1, 2, 0, 10.676, 25.7371, 26.17, 26.66, 0.310, 1.393, 0.004

1, 1, 3, 0, 10.676, 25.7371, 28.12, 26.66, 0.280, 1.383, 0.004

0, 1, 2, 1, 10.676, 25.7371, 26.17, 26.66, 0.310, 1.385, 0.004

1, 1, 3, 1, 10.676, 25.7371, 28.12, 26.66, 0.280, 1.377, 0.004

0, 1, 2, 2, 10.676, 25.7371, 26.17, 26.66, 0.310, 1.388, 0.004

1, 1, 3, 2, 10.676, 25.7371, 28.12, 26.66, 0.290, 1.380, 0.004

0, 1, 2, 3, 10.676, 25.7371, 26.17, 26.66, 0.300, 1.397, 0.004

1, 1, 3, 3, 10.676, 25.7371, 28.12, 26.66, 0.280, 1.385, 0.004

0, 1, 2, 4, 10.676, 25.7371, 26.17, 26.66, 0.300, 1.389, 0.004

1, 1, 3, 4, 10.676, 25.7371, 28.12, 26.66, 0.290, 1.374, 0.004

0, 1, 2, 0, 10.676, 25.9871, 25.68, 26.66, 0.300, 1.390, 0.004

1, 1, 3, 0, 10.676, 25.9871, 26.17, 26.66, 0.290, 1.378, 0.004

0, 1, 2, 1, 10.676, 25.9871, 25.68, 26.66, 0.300, 1.394, 0.004

1, 1, 3, 1, 10.676, 25.9871, 26.17, 26.66, 0.290, 1.375, 0.004

0, 1, 2, 2, 10.676, 25.9871, 25.68, 26.66, 0.300, 1.392, 0.004

1, 1, 3, 2, 10.676, 25.9871, 26.17, 26.66, 0.290, 1.383, 0.004

0, 1, 2, 3, 10.676, 25.9871, 25.68, 26.66, 0.310, 1.389, 0.004

1, 1, 3, 3, 10.676, 25.9871, 26.17, 26.66, 0.290, 1.383, 0.004

0, 1, 2, 4, 10.676, 25.9871, 25.68, 26.66, 0.310, 1.386, 0.004

1, 1, 3, 4, 10.676, 25.9871, 26.17, 26.66, 0.280, 1.373, 0.004

0, 1, 2, 0, 10.676, 26.2371, 25.20, 25.68, 0.300, 1.392, 0.004

1, 1, 3, 0, 10.676, 26.2371, 26.66, 25.68, 0.280, 1.383, 0.004

0, 1, 2, 1, 10.676, 26.2371, 25.20, 25.68, 0.300, 1.376, 0.004

1, 1, 3, 1, 10.676, 26.2371, 26.66, 25.68, 0.280, 1.384, 0.004

0, 1, 2, 2, 10.676, 26.2371, 25.20, 25.68, 0.300, 1.377, 0.004

1, 1, 3, 2, 10.676, 26.2371, 26.66, 25.68, 0.280, 1.385, 0.004

0, 1, 2, 3, 10.676, 26.2371, 25.20, 25.68, 0.290, 1.397, 0.004

1, 1, 3, 3, 10.676, 26.2371, 26.66, 25.68, 0.280, 1.379, 0.004

0, 1, 2, 4, 10.676, 26.2371, 25.20, 25.68, 0.290, 1.389, 0.004

1, 1, 3, 4, 10.676, 26.2371, 26.66, 25.68, 0.280, 1.376, 0.004

0, 1, 2, 0, 10.676, 26.4871, 25.20, 26.66, 0.290, 1.403, 0.004

1, 1, 3, 0, 10.676, 26.4871, 26.66, 26.66, 0.280, 1.380, 0.004

0, 1, 2, 1, 10.676, 26.4871, 25.20, 26.66, 0.290, 1.388, 0.004

1, 1, 3, 1, 10.676, 26.4871, 26.66, 26.66, 0.280, 1.378, 0.004

0, 1, 2, 2, 10.676, 26.4871, 25.20, 26.66, 0.280, 1.390, 0.004

1, 1, 3, 2, 10.676, 26.4871, 26.66, 26.66, 0.280, 1.380, 0.004

0, 1, 2, 3, 10.676, 26.4871, 25.20, 26.66, 0.280, 1.396, 0.004

1, 1, 3, 3, 10.676, 26.4871, 26.66, 26.66, 0.280, 1.384, 0.004

0, 1, 2, 4, 10.676, 26.4871, 25.20, 26.66, 0.280, 1.395, 0.004

1, 1, 3, 4, 10.676, 26.4871, 26.66, 26.66, 0.280, 1.382, 0.004

0, 1, 2, 0, 10.676, 26.7371, 26.66, 25.68, 0.270, 1.396, 0.004

1, 1, 3, 0, 10.676, 26.7371, 28.61, 25.68, 0.280, 1.375, 0.004

0, 1, 2, 1, 10.676, 26.7371, 26.66, 25.68, 0.270, 1.395, 0.004

1, 1, 3, 1, 10.676, 26.7371, 28.61, 25.68, 0.280, 1.377, 0.004

0, 1, 2, 2, 10.676, 26.7371, 26.66, 25.68, 0.270, 1.393, 0.004

1, 1, 3, 2, 10.676, 26.7371, 28.61, 25.68, 0.280, 1.382, 0.004

0, 1, 2, 3, 10.676, 26.7371, 26.66, 25.68, 0.270, 1.387, 0.004

1, 1, 3, 3, 10.676, 26.7371, 28.61, 25.68, 0.280, 1.377, 0.004

0, 1, 2, 4, 10.676, 26.7371, 26.66, 25.68, 0.270, 1.389, 0.004

1, 1, 3, 4, 10.676, 26.7371, 28.61, 25.68, 0.280, 1.380, 0.004

0, 1, 2, 0, 10.676, 26.9871, 25.68, 27.15, 0.250, 1.393, 0.004

1, 1, 3, 0, 10.676, 26.9871, 26.17, 27.15, 0.280, 1.374, 0.004

0, 1, 2, 1, 10.676, 26.9871, 25.68, 27.15, 0.250, 1.394, 0.004

1, 1, 3, 1, 10.676, 26.9871, 26.17, 27.15, 0.270, 1.381, 0.004

0, 1, 2, 2, 10.676, 26.9871, 25.68, 27.15, 0.250, 1.388, 0.004

1, 1, 3, 2, 10.676, 26.9871, 26.17, 27.15, 0.280, 1.371, 0.004

0, 1, 2, 3, 10.676, 26.9871, 25.68, 27.15, 0.250, 1.392, 0.004

1, 1, 3, 3, 10.676, 26.9871, 26.17, 27.15, 0.280, 1.379, 0.004

0, 1, 2, 4, 10.676, 26.9871, 25.68, 27.15, 0.250, 1.389, 0.004

1, 1, 3, 4, 10.676, 26.9871, 26.17, 27.15, 0.280, 1.378, 0.004

0, 1, 2, 0, 0, 0, 27.15, 27.15, 0.230, 1.397, 0.004

1, 1, 3, 0, 0, 0, 28.61, 27.15, 0.280, 1.374, 0.004

0, 1, 2, 1, 0, 0, 27.15, 27.15, 0.230, 1.392, 0.004

1, 1, 3, 1, 0, 0, 28.61, 27.15, 0.270, 1.377, 0.004

0, 1, 2, 2, 0, 0, 27.15, 27.15, 0.220, 1.393, 0.004

1, 1, 3, 2, 0, 0, 28.61, 27.15, 0.270, 1.384, 0.004

0, 1, 2, 3, 0, 0, 27.15, 27.15, 0.230, 1.382, 0.004

1, 1, 3, 3, 0, 0, 28.61, 27.15, 0.280, 1.386, 0.004

0, 1, 2, 4, 0, 0, 27.15, 27.15, 0.220, 1.384, 0.004

1, 1, 3, 4, 0, 0, 28.61, 27.15, 0.280, 1.378, 0.004

0, 1, 2, 0, 10.676, 27.2371, 25.20, 26.66, 0.240, 1.392, 0.004

1, 1, 3, 0, 10.676, 27.2371, 27.15, 26.66, 0.280, 1.383, 0.004

0, 1, 2, 1, 10.676, 27.2371, 25.20, 26.66, 0.230, 1.388, 0.004

1, 1, 3, 1, 10.676, 27.2371, 27.15, 26.66, 0.280, 1.376, 0.004

0, 1, 2, 2, 10.676, 27.2371, 25.20, 26.66, 0.240, 1.390, 0.004

1, 1, 3, 2, 10.676, 27.2371, 27.15, 26.66, 0.280, 1.383, 0.004

0, 1, 2, 3, 10.676, 27.2371, 25.20, 26.66, 0.240, 1.386, 0.004

1, 1, 3, 3, 10.676, 27.2371, 27.15, 26.66, 0.280, 1.382, 0.004

0, 1, 2, 4, 10.676, 27.2371, 25.20, 26.66, 0.230, 1.395, 0.004

1, 1, 3, 4, 10.676, 27.2371, 27.15, 26.66, 0.280, 1.381, 0.004

0, 1, 2, 0, 10.676, 27.4871, 25.68, 27.15, 0.230, 1.390, 0.004

1, 1, 3, 0, 10.676, 27.4871, 26.66, 27.15, 0.270, 1.383, 0.004

0, 1, 2, 1, 10.676, 27.4871, 25.68, 27.15, 0.230, 1.398, 0.004

1, 1, 3, 1, 10.676, 27.4871, 26.66, 27.15, 0.280, 1.381, 0.004

0, 1, 2, 2, 10.676, 27.4871, 25.68, 27.15, 0.230, 1.396, 0.004

1, 1, 3, 2, 10.676, 27.4871, 26.66, 27.15, 0.280, 1.368, 0.004

0, 1, 2, 3, 10.676, 27.4871, 25.68, 27.15, 0.230, 1.396, 0.004

1, 1, 3, 3, 10.676, 27.4871, 26.66, 27.15, 0.280, 1.371, 0.004

0, 1, 2, 4, 10.676, 27.4871, 25.68, 27.15, 0.230, 1.396, 0.004

1, 1, 3, 4, 10.676, 27.4871, 26.66, 27.15, 0.280, 1.379, 0.004

0, 1, 2, 0, 10.676, 27.7371, 25.68, 25.20, 0.230, 1.393, 0.004

1, 1, 3, 0, 10.676, 27.7371, 26.66, 25.20, 0.280, 1.385, 0.004

0, 1, 2, 1, 10.676, 27.7371, 25.68, 25.20, 0.230, 1.385, 0.004

1, 1, 3, 1, 10.676, 27.7371, 26.66, 25.20, 0.280, 1.384, 0.004

0, 1, 2, 2, 10.676, 27.7371, 25.68, 25.20, 0.230, 1.391, 0.004

1, 1, 3, 2, 10.676, 27.7371, 26.66, 25.20, 0.280, 1.380, 0.004

0, 1, 2, 3, 10.676, 27.7371, 25.68, 25.20, 0.230, 1.396, 0.004

1, 1, 3, 3, 10.676, 27.7371, 26.66, 25.20, 0.280, 1.362, 0.004

0, 1, 2, 4, 10.676, 27.7371, 25.68, 25.20, 0.230, 1.383, 0.004

1, 1, 3, 4, 10.676, 27.7371, 26.66, 25.20, 0.280, 1.370, 0.004

0, 1, 2, 0, 10.676, 27.9871, 24.71, 25.20, 0.220, 1.390, 0.004

1, 1, 3, 0, 10.676, 27.9871, 27.15, 25.20, 0.280, 1.382, 0.004

0, 1, 2, 1, 10.676, 27.9871, 24.71, 25.20, 0.220, 1.387, 0.004

1, 1, 3, 1, 10.676, 27.9871, 27.15, 25.20, 0.270, 1.385, 0.004

0, 1, 2, 2, 10.676, 27.9871, 24.71, 25.20, 0.230, 1.400, 0.004

1, 1, 3, 2, 10.676, 27.9871, 27.15, 25.20, 0.280, 1.378, 0.004

0, 1, 2, 3, 10.676, 27.9871, 24.71, 25.20, 0.230, 1.390, 0.004

1, 1, 3, 3, 10.676, 27.9871, 27.15, 25.20, 0.280, 1.376, 0.004

0, 1, 2, 4, 10.676, 27.9871, 24.71, 25.20, 0.230, 1.388, 0.004

1, 1, 3, 4, 10.676, 27.9871, 27.15, 25.20, 0.280, 1.382, 0.004

0, 1, 2, 0, 10.676, 28.2371, 24.22, 25.68, 0.230, 1.385, 0.004

1, 1, 3, 0, 10.676, 28.2371, 26.66, 25.68, 0.280, 1.384, 0.004

0, 1, 2, 1, 10.676, 28.2371, 24.22, 25.68, 0.230, 1.382, 0.004

1, 1, 3, 1, 10.676, 28.2371, 26.66, 25.68, 0.280, 1.372, 0.004

0, 1, 2, 2, 10.676, 28.2371, 24.22, 25.68, 0.230, 1.389, 0.004

1, 1, 3, 2, 10.676, 28.2371, 26.66, 25.68, 0.280, 1.381, 0.004

0, 1, 2, 3, 10.676, 28.2371, 24.22, 25.68, 0.230, 1.397, 0.004

1, 1, 3, 3, 10.676, 28.2371, 26.66, 25.68, 0.270, 1.366, 0.004

0, 1, 2, 4, 10.676, 28.2371, 24.22, 25.68, 0.220, 1.382, 0.004

1, 1, 3, 4, 10.676, 28.2371, 26.66, 25.68, 0.280, 1.380, 0.004

0, 1, 2, 0, 10.676, 28.4871, 29.59, 25.20, 0.220, 1.393, 0.004

1, 1, 3, 0, 10.676, 28.4871, 25.68, 25.20, 0.280, 1.379, 0.004

0, 1, 2, 1, 10.676, 28.4871, 29.59, 25.20, 0.230, 1.401, 0.004

1, 1, 3, 1, 10.676, 28.4871, 25.68, 25.20, 0.280, 1.383, 0.004

0, 1, 2, 2, 10.676, 28.4871, 29.59, 25.20, 0.230, 1.387, 0.004

1, 1, 3, 2, 10.676, 28.4871, 25.68, 25.20, 0.280, 1.382, 0.004

0, 1, 2, 3, 10.676, 28.4871, 29.59, 25.20, 0.230, 1.393, 0.004

1, 1, 3, 3, 10.676, 28.4871, 25.68, 25.20, 0.280, 1.385, 0.004

0, 1, 2, 4, 10.676, 28.4871, 29.59, 25.20, 0.230, 1.392, 0.004

1, 1, 3, 4, 10.676, 28.4871, 25.68, 25.20, 0.280, 1.377, 0.004

0, 1, 2, 0, 10.676, 28.7371, 29.59, 26.66, 0.230, 1.395, 0.004

1, 1, 3, 0, 10.676, 28.7371, 25.68, 26.66, 0.280, 1.379, 0.004

0, 1, 2, 1, 10.676, 28.7371, 29.59, 26.66, 0.230, 1.386, 0.004

1, 1, 3, 1, 10.676, 28.7371, 25.68, 26.66, 0.280, 1.384, 0.004

0, 1, 2, 2, 10.676, 28.7371, 29.59, 26.66, 0.220, 1.395, 0.004

1, 1, 3, 2, 10.676, 28.7371, 25.68, 26.66, 0.280, 1.385, 0.004

0, 1, 2, 3, 10.676, 28.7371, 29.59, 26.66, 0.230, 1.383, 0.004

1, 1, 3, 3, 10.676, 28.7371, 25.68, 26.66, 0.280, 1.389, 0.004

0, 1, 2, 4, 10.676, 28.7371, 29.59, 26.66, 0.230, 1.393, 0.004

1, 1, 3, 4, 10.676, 28.7371, 25.68, 26.66, 0.280, 1.384, 0.004

