Test Sector:
Device ID, Channel, Tile ID, trial, x, y, temp, temp_control, IMON, RMON, VCOMP
xorigincm, xfinalcm, xsteplengthcm, xsteps = 53.1299, 53.1299, 0, 129
yorigincm, yfinalcm, ysteplengthcm, nRepeat = 7.81137, 40.1886, 0.25, 5
0, 9, 18, 0, 0, 0, 25.20, 27.15, 0.270, 1.398, 0.004

1, 9, 19, 0, 0, 0, 27.64, 27.15, 0.260, 1.371, 0.004

0, 9, 18, 1, 0, 0, 25.20, 27.15, 0.270, 1.394, 0.004

1, 9, 19, 1, 0, 0, 27.64, 27.15, 0.260, 1.373, 0.004

0, 9, 18, 2, 0, 0, 25.20, 27.15, 0.260, 1.391, 0.004

1, 9, 19, 2, 0, 0, 27.64, 27.15, 0.260, 1.368, 0.004

0, 9, 18, 3, 0, 0, 25.20, 27.15, 0.270, 1.399, 0.004

1, 9, 19, 3, 0, 0, 27.64, 27.15, 0.260, 1.374, 0.004

0, 9, 18, 4, 0, 0, 25.20, 27.15, 0.260, 1.399, 0.004

1, 9, 19, 4, 0, 0, 27.64, 27.15, 0.260, 1.369, 0.004

0, 9, 18, 0, 53.1299, 7.81137, 25.68, 26.17, 0.260, 1.388, 0.004

1, 9, 19, 0, 53.1299, 7.81137, 26.17, 26.17, 0.260, 1.373, 0.004

0, 9, 18, 1, 53.1299, 7.81137, 25.68, 26.17, 0.260, 1.388, 0.004

1, 9, 19, 1, 53.1299, 7.81137, 26.17, 26.17, 0.260, 1.358, 0.004

0, 9, 18, 2, 53.1299, 7.81137, 25.68, 26.17, 0.260, 1.393, 0.004

1, 9, 19, 2, 53.1299, 7.81137, 26.17, 26.17, 0.260, 1.371, 0.004

0, 9, 18, 3, 53.1299, 7.81137, 25.68, 26.17, 0.260, 1.392, 0.004

1, 9, 19, 3, 53.1299, 7.81137, 26.17, 26.17, 0.250, 1.365, 0.004

0, 9, 18, 4, 53.1299, 7.81137, 25.68, 26.17, 0.260, 1.396, 0.004

1, 9, 19, 4, 53.1299, 7.81137, 26.17, 26.17, 0.260, 1.379, 0.004

0, 9, 18, 0, 53.1299, 8.06137, 25.68, 25.68, 0.260, 1.392, 0.004

1, 9, 19, 0, 53.1299, 8.06137, 26.17, 25.68, 0.260, 1.364, 0.004

0, 9, 18, 1, 53.1299, 8.06137, 25.68, 25.68, 0.260, 1.390, 0.004

1, 9, 19, 1, 53.1299, 8.06137, 26.17, 25.68, 0.260, 1.374, 0.004

0, 9, 18, 2, 53.1299, 8.06137, 25.68, 25.68, 0.260, 1.389, 0.004

1, 9, 19, 2, 53.1299, 8.06137, 26.17, 25.68, 0.260, 1.364, 0.004

0, 9, 18, 3, 53.1299, 8.06137, 25.68, 25.68, 0.260, 1.397, 0.004

1, 9, 19, 3, 53.1299, 8.06137, 26.17, 25.68, 0.260, 1.372, 0.004

0, 9, 18, 4, 53.1299, 8.06137, 25.68, 25.68, 0.260, 1.401, 0.004

1, 9, 19, 4, 53.1299, 8.06137, 26.17, 25.68, 0.250, 1.369, 0.004

0, 9, 18, 0, 53.1299, 8.31137, 25.68, 25.68, 0.260, 1.395, 0.004

1, 9, 19, 0, 53.1299, 8.31137, 26.66, 25.68, 0.260, 1.364, 0.004

0, 9, 18, 1, 53.1299, 8.31137, 25.68, 25.68, 0.260, 1.394, 0.004

1, 9, 19, 1, 53.1299, 8.31137, 26.66, 25.68, 0.260, 1.372, 0.004

0, 9, 18, 2, 53.1299, 8.31137, 25.68, 25.68, 0.250, 1.393, 0.004

1, 9, 19, 2, 53.1299, 8.31137, 26.66, 25.68, 0.260, 1.372, 0.004

0, 9, 18, 3, 53.1299, 8.31137, 25.68, 25.68, 0.250, 1.394, 0.004

1, 9, 19, 3, 53.1299, 8.31137, 26.66, 25.68, 0.260, 1.361, 0.004

0, 9, 18, 4, 53.1299, 8.31137, 25.68, 25.68, 0.260, 1.399, 0.004

1, 9, 19, 4, 53.1299, 8.31137, 26.66, 25.68, 0.260, 1.362, 0.004

0, 9, 18, 0, 53.1299, 8.56137, 26.66, 26.66, 0.260, 1.390, 0.004

1, 9, 19, 0, 53.1299, 8.56137, 26.17, 26.66, 0.260, 1.371, 0.004

0, 9, 18, 1, 53.1299, 8.56137, 26.66, 26.66, 0.260, 1.395, 0.004

1, 9, 19, 1, 53.1299, 8.56137, 26.17, 26.66, 0.260, 1.376, 0.004

0, 9, 18, 2, 53.1299, 8.56137, 26.66, 26.66, 0.260, 1.394, 0.004

1, 9, 19, 2, 53.1299, 8.56137, 26.17, 26.66, 0.260, 1.374, 0.004

0, 9, 18, 3, 53.1299, 8.56137, 26.66, 26.66, 0.250, 1.387, 0.004

1, 9, 19, 3, 53.1299, 8.56137, 26.17, 26.66, 0.260, 1.364, 0.004

0, 9, 18, 4, 53.1299, 8.56137, 26.66, 26.66, 0.260, 1.394, 0.004

1, 9, 19, 4, 53.1299, 8.56137, 26.17, 26.66, 0.260, 1.362, 0.004

0, 9, 18, 0, 53.1299, 8.81137, 25.20, 25.68, 0.260, 1.387, 0.004

1, 9, 19, 0, 53.1299, 8.81137, 27.15, 25.68, 0.260, 1.375, 0.004

0, 9, 18, 1, 53.1299, 8.81137, 25.20, 25.68, 0.260, 1.392, 0.004

1, 9, 19, 1, 53.1299, 8.81137, 27.15, 25.68, 0.260, 1.368, 0.004

0, 9, 18, 2, 53.1299, 8.81137, 25.20, 25.68, 0.260, 1.393, 0.004

1, 9, 19, 2, 53.1299, 8.81137, 27.15, 25.68, 0.250, 1.370, 0.004

0, 9, 18, 3, 53.1299, 8.81137, 25.20, 25.68, 0.250, 1.399, 0.004

1, 9, 19, 3, 53.1299, 8.81137, 27.15, 25.68, 0.260, 1.361, 0.004

0, 9, 18, 4, 53.1299, 8.81137, 25.20, 25.68, 0.260, 1.394, 0.004

1, 9, 19, 4, 53.1299, 8.81137, 27.15, 25.68, 0.260, 1.366, 0.004

0, 9, 18, 0, 53.1299, 9.06137, 25.20, 26.66, 0.260, 1.403, 0.004

1, 9, 19, 0, 53.1299, 9.06137, 27.15, 26.66, 0.250, 1.368, 0.004

0, 9, 18, 1, 53.1299, 9.06137, 25.20, 26.66, 0.260, 1.398, 0.004

1, 9, 19, 1, 53.1299, 9.06137, 27.15, 26.66, 0.260, 1.368, 0.004

0, 9, 18, 2, 53.1299, 9.06137, 25.20, 26.66, 0.260, 1.397, 0.004

1, 9, 19, 2, 53.1299, 9.06137, 27.15, 26.66, 0.260, 1.370, 0.004

0, 9, 18, 3, 53.1299, 9.06137, 25.20, 26.66, 0.260, 1.399, 0.004

1, 9, 19, 3, 53.1299, 9.06137, 27.15, 26.66, 0.260, 1.365, 0.004

0, 9, 18, 4, 53.1299, 9.06137, 25.20, 26.66, 0.260, 1.390, 0.004

1, 9, 19, 4, 53.1299, 9.06137, 27.15, 26.66, 0.260, 1.371, 0.004

0, 9, 18, 0, 53.1299, 9.31137, 23.73, 26.66, 0.260, 1.398, 0.004

1, 9, 19, 0, 53.1299, 9.31137, 27.64, 26.66, 0.260, 1.368, 0.004

0, 9, 18, 1, 53.1299, 9.31137, 23.73, 26.66, 0.260, 1.395, 0.004

1, 9, 19, 1, 53.1299, 9.31137, 27.64, 26.66, 0.260, 1.364, 0.004

0, 9, 18, 2, 53.1299, 9.31137, 23.73, 26.66, 0.260, 1.397, 0.004

1, 9, 19, 2, 53.1299, 9.31137, 27.64, 26.66, 0.260, 1.364, 0.004

0, 9, 18, 3, 53.1299, 9.31137, 23.73, 26.66, 0.260, 1.388, 0.004

1, 9, 19, 3, 53.1299, 9.31137, 27.64, 26.66, 0.260, 1.368, 0.004

0, 9, 18, 4, 53.1299, 9.31137, 23.73, 26.66, 0.260, 1.390, 0.004

1, 9, 19, 4, 53.1299, 9.31137, 27.64, 26.66, 0.260, 1.367, 0.004

0, 9, 18, 0, 53.1299, 9.56137, 24.71, 26.66, 0.260, 1.395, 0.004

1, 9, 19, 0, 53.1299, 9.56137, 27.15, 26.66, 0.270, 1.367, 0.004

0, 9, 18, 1, 53.1299, 9.56137, 24.71, 26.66, 0.250, 1.396, 0.004

1, 9, 19, 1, 53.1299, 9.56137, 27.15, 26.66, 0.270, 1.366, 0.004

0, 9, 18, 2, 53.1299, 9.56137, 24.71, 26.66, 0.260, 1.392, 0.004

1, 9, 19, 2, 53.1299, 9.56137, 27.15, 26.66, 0.270, 1.375, 0.004

0, 9, 18, 3, 53.1299, 9.56137, 24.71, 26.66, 0.260, 1.395, 0.004

1, 9, 19, 3, 53.1299, 9.56137, 27.15, 26.66, 0.260, 1.366, 0.004

0, 9, 18, 4, 53.1299, 9.56137, 24.71, 26.66, 0.260, 1.397, 0.004

1, 9, 19, 4, 53.1299, 9.56137, 27.15, 26.66, 0.270, 1.366, 0.004

0, 9, 18, 0, 53.1299, 9.81137, 25.68, 26.17, 0.260, 1.391, 0.004

1, 9, 19, 0, 53.1299, 9.81137, 26.66, 26.17, 0.280, 1.372, 0.004

0, 9, 18, 1, 53.1299, 9.81137, 25.68, 26.17, 0.250, 1.398, 0.004

1, 9, 19, 1, 53.1299, 9.81137, 26.66, 26.17, 0.290, 1.364, 0.004

0, 9, 18, 2, 53.1299, 9.81137, 25.68, 26.17, 0.260, 1.394, 0.004

1, 9, 19, 2, 53.1299, 9.81137, 26.66, 26.17, 0.280, 1.366, 0.004

0, 9, 18, 3, 53.1299, 9.81137, 25.68, 26.17, 0.260, 1.384, 0.004

1, 9, 19, 3, 53.1299, 9.81137, 26.66, 26.17, 0.280, 1.369, 0.004

0, 9, 18, 4, 53.1299, 9.81137, 25.68, 26.17, 0.250, 1.394, 0.004

1, 9, 19, 4, 53.1299, 9.81137, 26.66, 26.17, 0.280, 1.368, 0.004

0, 9, 18, 0, 53.1299, 10.0614, 24.22, 25.20, 0.260, 1.394, 0.004

1, 9, 19, 0, 53.1299, 10.0614, 27.15, 25.20, 0.300, 1.370, 0.004

0, 9, 18, 1, 53.1299, 10.0614, 24.22, 25.20, 0.260, 1.398, 0.004

1, 9, 19, 1, 53.1299, 10.0614, 27.15, 25.20, 0.300, 1.373, 0.004

0, 9, 18, 2, 53.1299, 10.0614, 24.22, 25.20, 0.260, 1.394, 0.004

1, 9, 19, 2, 53.1299, 10.0614, 27.15, 25.20, 0.300, 1.375, 0.004

0, 9, 18, 3, 53.1299, 10.0614, 24.22, 25.20, 0.250, 1.386, 0.004

1, 9, 19, 3, 53.1299, 10.0614, 27.15, 25.20, 0.300, 1.373, 0.004

0, 9, 18, 4, 53.1299, 10.0614, 24.22, 25.20, 0.260, 1.394, 0.004

1, 9, 19, 4, 53.1299, 10.0614, 27.15, 25.20, 0.300, 1.374, 0.004

0, 9, 18, 0, 53.1299, 10.3114, 26.17, 26.17, 0.260, 1.400, 0.004

1, 9, 19, 0, 53.1299, 10.3114, 26.66, 26.17, 0.300, 1.369, 0.004

0, 9, 18, 1, 53.1299, 10.3114, 26.17, 26.17, 0.260, 1.397, 0.004

1, 9, 19, 1, 53.1299, 10.3114, 26.66, 26.17, 0.310, 1.364, 0.004

0, 9, 18, 2, 53.1299, 10.3114, 26.17, 26.17, 0.260, 1.386, 0.004

1, 9, 19, 2, 53.1299, 10.3114, 26.66, 26.17, 0.310, 1.364, 0.004

0, 9, 18, 3, 53.1299, 10.3114, 26.17, 26.17, 0.260, 1.398, 0.004

1, 9, 19, 3, 53.1299, 10.3114, 26.66, 26.17, 0.310, 1.367, 0.004

0, 9, 18, 4, 53.1299, 10.3114, 26.17, 26.17, 0.260, 1.401, 0.004

1, 9, 19, 4, 53.1299, 10.3114, 26.66, 26.17, 0.300, 1.368, 0.004

0, 9, 18, 0, 53.1299, 10.5614, 26.17, 26.66, 0.260, 1.405, 0.004

1, 9, 19, 0, 53.1299, 10.5614, 26.17, 26.66, 0.310, 1.367, 0.004

0, 9, 18, 1, 53.1299, 10.5614, 26.17, 26.66, 0.260, 1.388, 0.004

1, 9, 19, 1, 53.1299, 10.5614, 26.17, 26.66, 0.310, 1.371, 0.004

0, 9, 18, 2, 53.1299, 10.5614, 26.17, 26.66, 0.260, 1.392, 0.004

1, 9, 19, 2, 53.1299, 10.5614, 26.17, 26.66, 0.310, 1.374, 0.004

0, 9, 18, 3, 53.1299, 10.5614, 26.17, 26.66, 0.260, 1.382, 0.004

1, 9, 19, 3, 53.1299, 10.5614, 26.17, 26.66, 0.310, 1.376, 0.004

0, 9, 18, 4, 53.1299, 10.5614, 26.17, 26.66, 0.260, 1.395, 0.004

1, 9, 19, 4, 53.1299, 10.5614, 26.17, 26.66, 0.310, 1.362, 0.004

0, 9, 18, 0, 53.1299, 10.8114, 25.68, 26.17, 0.260, 1.394, 0.004

1, 9, 19, 0, 53.1299, 10.8114, 25.68, 26.17, 0.310, 1.369, 0.004

0, 9, 18, 1, 53.1299, 10.8114, 25.68, 26.17, 0.260, 1.392, 0.004

1, 9, 19, 1, 53.1299, 10.8114, 25.68, 26.17, 0.310, 1.375, 0.004

0, 9, 18, 2, 53.1299, 10.8114, 25.68, 26.17, 0.260, 1.397, 0.004

1, 9, 19, 2, 53.1299, 10.8114, 25.68, 26.17, 0.310, 1.368, 0.004

0, 9, 18, 3, 53.1299, 10.8114, 25.68, 26.17, 0.250, 1.391, 0.004

1, 9, 19, 3, 53.1299, 10.8114, 25.68, 26.17, 0.310, 1.369, 0.004

0, 9, 18, 4, 53.1299, 10.8114, 25.68, 26.17, 0.260, 1.391, 0.004

1, 9, 19, 4, 53.1299, 10.8114, 25.68, 26.17, 0.310, 1.362, 0.004

0, 9, 18, 0, 53.1299, 11.0614, 23.73, 27.64, 0.260, 1.399, 0.004

1, 9, 19, 0, 53.1299, 11.0614, 26.66, 27.64, 0.320, 1.369, 0.004

0, 9, 18, 1, 53.1299, 11.0614, 23.73, 27.64, 0.260, 1.402, 0.004

1, 9, 19, 1, 53.1299, 11.0614, 26.66, 27.64, 0.310, 1.368, 0.004

0, 9, 18, 2, 53.1299, 11.0614, 23.73, 27.64, 0.260, 1.395, 0.004

1, 9, 19, 2, 53.1299, 11.0614, 26.66, 27.64, 0.310, 1.370, 0.004

0, 9, 18, 3, 53.1299, 11.0614, 23.73, 27.64, 0.260, 1.393, 0.004

1, 9, 19, 3, 53.1299, 11.0614, 26.66, 27.64, 0.310, 1.371, 0.004

0, 9, 18, 4, 53.1299, 11.0614, 23.73, 27.64, 0.260, 1.394, 0.004

1, 9, 19, 4, 53.1299, 11.0614, 26.66, 27.64, 0.310, 1.358, 0.004

0, 9, 18, 0, 53.1299, 11.3114, 26.17, 25.68, 0.260, 1.394, 0.004

1, 9, 19, 0, 53.1299, 11.3114, 29.59, 25.68, 0.310, 1.366, 0.004

0, 9, 18, 1, 53.1299, 11.3114, 26.17, 25.68, 0.260, 1.393, 0.004

1, 9, 19, 1, 53.1299, 11.3114, 29.59, 25.68, 0.310, 1.371, 0.004

0, 9, 18, 2, 53.1299, 11.3114, 26.17, 25.68, 0.260, 1.396, 0.004

1, 9, 19, 2, 53.1299, 11.3114, 29.59, 25.68, 0.310, 1.376, 0.004

0, 9, 18, 3, 53.1299, 11.3114, 26.17, 25.68, 0.260, 1.400, 0.004

1, 9, 19, 3, 53.1299, 11.3114, 29.59, 25.68, 0.310, 1.365, 0.004

0, 9, 18, 4, 53.1299, 11.3114, 26.17, 25.68, 0.260, 1.399, 0.004

1, 9, 19, 4, 53.1299, 11.3114, 29.59, 25.68, 0.310, 1.369, 0.004

0, 9, 18, 0, 53.1299, 11.5614, 28.12, 24.71, 0.260, 1.391, 0.004

1, 9, 19, 0, 53.1299, 11.5614, 26.17, 24.71, 0.310, 1.366, 0.004

0, 9, 18, 1, 53.1299, 11.5614, 28.12, 24.71, 0.260, 1.390, 0.004

1, 9, 19, 1, 53.1299, 11.5614, 26.17, 24.71, 0.310, 1.369, 0.004

0, 9, 18, 2, 53.1299, 11.5614, 28.12, 24.71, 0.260, 1.393, 0.004

1, 9, 19, 2, 53.1299, 11.5614, 26.17, 24.71, 0.310, 1.367, 0.004

0, 9, 18, 3, 53.1299, 11.5614, 28.12, 24.71, 0.260, 1.393, 0.004

1, 9, 19, 3, 53.1299, 11.5614, 26.17, 24.71, 0.310, 1.375, 0.004

0, 9, 18, 4, 53.1299, 11.5614, 28.12, 24.71, 0.260, 1.396, 0.004

1, 9, 19, 4, 53.1299, 11.5614, 26.17, 24.71, 0.320, 1.373, 0.004

0, 9, 18, 0, 53.1299, 11.8114, 25.68, 25.68, 0.260, 1.396, 0.004

1, 9, 19, 0, 53.1299, 11.8114, 27.15, 25.68, 0.310, 1.370, 0.004

0, 9, 18, 1, 53.1299, 11.8114, 25.68, 25.68, 0.260, 1.396, 0.004

1, 9, 19, 1, 53.1299, 11.8114, 27.15, 25.68, 0.310, 1.370, 0.004

0, 9, 18, 2, 53.1299, 11.8114, 25.68, 25.68, 0.260, 1.398, 0.004

1, 9, 19, 2, 53.1299, 11.8114, 27.15, 25.68, 0.300, 1.369, 0.004

0, 9, 18, 3, 53.1299, 11.8114, 25.68, 25.68, 0.260, 1.390, 0.004

1, 9, 19, 3, 53.1299, 11.8114, 27.15, 25.68, 0.310, 1.365, 0.004

0, 9, 18, 4, 53.1299, 11.8114, 25.68, 25.68, 0.260, 1.393, 0.004

1, 9, 19, 4, 53.1299, 11.8114, 27.15, 25.68, 0.310, 1.372, 0.004

0, 9, 18, 0, 0, 0, 26.66, 25.68, 0.260, 1.393, 0.004

1, 9, 19, 0, 0, 0, 27.64, 25.68, 0.250, 1.360, 0.004

0, 9, 18, 1, 0, 0, 26.66, 25.68, 0.260, 1.396, 0.004

1, 9, 19, 1, 0, 0, 27.64, 25.68, 0.250, 1.375, 0.004

0, 9, 18, 2, 0, 0, 26.66, 25.68, 0.260, 1.388, 0.004

1, 9, 19, 2, 0, 0, 27.64, 25.68, 0.260, 1.366, 0.004

0, 9, 18, 3, 0, 0, 26.66, 25.68, 0.260, 1.398, 0.004

1, 9, 19, 3, 0, 0, 27.64, 25.68, 0.260, 1.376, 0.004

0, 9, 18, 4, 0, 0, 26.66, 25.68, 0.260, 1.397, 0.004

1, 9, 19, 4, 0, 0, 27.64, 25.68, 0.250, 1.366, 0.004

0, 9, 18, 0, 53.1299, 12.0614, 27.15, 26.17, 0.260, 1.398, 0.004

1, 9, 19, 0, 53.1299, 12.0614, 26.17, 26.17, 0.310, 1.366, 0.004

0, 9, 18, 1, 53.1299, 12.0614, 27.15, 26.17, 0.260, 1.391, 0.004

1, 9, 19, 1, 53.1299, 12.0614, 26.17, 26.17, 0.310, 1.364, 0.004

0, 9, 18, 2, 53.1299, 12.0614, 27.15, 26.17, 0.260, 1.391, 0.004

1, 9, 19, 2, 53.1299, 12.0614, 26.17, 26.17, 0.300, 1.364, 0.004

0, 9, 18, 3, 53.1299, 12.0614, 27.15, 26.17, 0.260, 1.393, 0.004

1, 9, 19, 3, 53.1299, 12.0614, 26.17, 26.17, 0.310, 1.369, 0.004

0, 9, 18, 4, 53.1299, 12.0614, 27.15, 26.17, 0.260, 1.399, 0.004

1, 9, 19, 4, 53.1299, 12.0614, 26.17, 26.17, 0.300, 1.370, 0.004

0, 9, 18, 0, 53.1299, 12.3114, 25.68, 26.66, 0.260, 1.389, 0.004

1, 9, 19, 0, 53.1299, 12.3114, 25.68, 26.66, 0.320, 1.370, 0.004

0, 9, 18, 1, 53.1299, 12.3114, 25.68, 26.66, 0.260, 1.395, 0.004

1, 9, 19, 1, 53.1299, 12.3114, 25.68, 26.66, 0.310, 1.368, 0.004

0, 9, 18, 2, 53.1299, 12.3114, 25.68, 26.66, 0.260, 1.394, 0.004

1, 9, 19, 2, 53.1299, 12.3114, 25.68, 26.66, 0.310, 1.368, 0.004

0, 9, 18, 3, 53.1299, 12.3114, 25.68, 26.66, 0.260, 1.390, 0.004

1, 9, 19, 3, 53.1299, 12.3114, 25.68, 26.66, 0.310, 1.367, 0.004

0, 9, 18, 4, 53.1299, 12.3114, 25.68, 26.66, 0.250, 1.395, 0.004

1, 9, 19, 4, 53.1299, 12.3114, 25.68, 26.66, 0.310, 1.368, 0.004

0, 9, 18, 0, 53.1299, 12.5614, 25.20, 27.15, 0.260, 1.397, 0.004

1, 9, 19, 0, 53.1299, 12.5614, 26.66, 27.15, 0.310, 1.374, 0.004

0, 9, 18, 1, 53.1299, 12.5614, 25.20, 27.15, 0.260, 1.399, 0.004

1, 9, 19, 1, 53.1299, 12.5614, 26.66, 27.15, 0.310, 1.371, 0.004

0, 9, 18, 2, 53.1299, 12.5614, 25.20, 27.15, 0.260, 1.397, 0.004

1, 9, 19, 2, 53.1299, 12.5614, 26.66, 27.15, 0.310, 1.368, 0.004

0, 9, 18, 3, 53.1299, 12.5614, 25.20, 27.15, 0.250, 1.396, 0.004

1, 9, 19, 3, 53.1299, 12.5614, 26.66, 27.15, 0.310, 1.362, 0.004

0, 9, 18, 4, 53.1299, 12.5614, 25.20, 27.15, 0.250, 1.397, 0.004

1, 9, 19, 4, 53.1299, 12.5614, 26.66, 27.15, 0.320, 1.363, 0.004

0, 9, 18, 0, 53.1299, 12.8114, 27.15, 26.66, 0.250, 1.394, 0.004

1, 9, 19, 0, 53.1299, 12.8114, 26.66, 26.66, 0.310, 1.364, 0.004

0, 9, 18, 1, 53.1299, 12.8114, 27.15, 26.66, 0.260, 1.399, 0.004

1, 9, 19, 1, 53.1299, 12.8114, 26.66, 26.66, 0.310, 1.369, 0.004

0, 9, 18, 2, 53.1299, 12.8114, 27.15, 26.66, 0.260, 1.399, 0.004

1, 9, 19, 2, 53.1299, 12.8114, 26.66, 26.66, 0.320, 1.370, 0.004

0, 9, 18, 3, 53.1299, 12.8114, 27.15, 26.66, 0.260, 1.397, 0.004

1, 9, 19, 3, 53.1299, 12.8114, 26.66, 26.66, 0.320, 1.375, 0.004

0, 9, 18, 4, 53.1299, 12.8114, 27.15, 26.66, 0.250, 1.391, 0.004

1, 9, 19, 4, 53.1299, 12.8114, 26.66, 26.66, 0.320, 1.368, 0.004

0, 9, 18, 0, 53.1299, 13.0614, 25.68, 24.71, 0.260, 1.389, 0.004

1, 9, 19, 0, 53.1299, 13.0614, 26.17, 24.71, 0.310, 1.367, 0.004

0, 9, 18, 1, 53.1299, 13.0614, 25.68, 24.71, 0.260, 1.390, 0.004

1, 9, 19, 1, 53.1299, 13.0614, 26.17, 24.71, 0.320, 1.362, 0.004

0, 9, 18, 2, 53.1299, 13.0614, 25.68, 24.71, 0.260, 1.386, 0.004

1, 9, 19, 2, 53.1299, 13.0614, 26.17, 24.71, 0.320, 1.369, 0.004

0, 9, 18, 3, 53.1299, 13.0614, 25.68, 24.71, 0.260, 1.404, 0.004

1, 9, 19, 3, 53.1299, 13.0614, 26.17, 24.71, 0.320, 1.363, 0.004

0, 9, 18, 4, 53.1299, 13.0614, 25.68, 24.71, 0.260, 1.392, 0.004

1, 9, 19, 4, 53.1299, 13.0614, 26.17, 24.71, 0.320, 1.367, 0.004

0, 9, 18, 0, 53.1299, 13.3114, 25.20, 25.68, 0.260, 1.396, 0.004

1, 9, 19, 0, 53.1299, 13.3114, 26.66, 25.68, 0.320, 1.366, 0.004

0, 9, 18, 1, 53.1299, 13.3114, 25.20, 25.68, 0.260, 1.385, 0.004

1, 9, 19, 1, 53.1299, 13.3114, 26.66, 25.68, 0.310, 1.361, 0.004

0, 9, 18, 2, 53.1299, 13.3114, 25.20, 25.68, 0.260, 1.398, 0.004

1, 9, 19, 2, 53.1299, 13.3114, 26.66, 25.68, 0.310, 1.368, 0.004

0, 9, 18, 3, 53.1299, 13.3114, 25.20, 25.68, 0.250, 1.387, 0.004

1, 9, 19, 3, 53.1299, 13.3114, 26.66, 25.68, 0.310, 1.366, 0.004

0, 9, 18, 4, 53.1299, 13.3114, 25.20, 25.68, 0.260, 1.398, 0.004

1, 9, 19, 4, 53.1299, 13.3114, 26.66, 25.68, 0.320, 1.364, 0.004

0, 9, 18, 0, 53.1299, 13.5614, 26.17, 26.17, 0.250, 1.396, 0.004

1, 9, 19, 0, 53.1299, 13.5614, 27.15, 26.17, 0.310, 1.364, 0.004

0, 9, 18, 1, 53.1299, 13.5614, 26.17, 26.17, 0.260, 1.388, 0.004

1, 9, 19, 1, 53.1299, 13.5614, 27.15, 26.17, 0.310, 1.374, 0.004

0, 9, 18, 2, 53.1299, 13.5614, 26.17, 26.17, 0.260, 1.388, 0.004

1, 9, 19, 2, 53.1299, 13.5614, 27.15, 26.17, 0.320, 1.368, 0.004

0, 9, 18, 3, 53.1299, 13.5614, 26.17, 26.17, 0.260, 1.386, 0.004

1, 9, 19, 3, 53.1299, 13.5614, 27.15, 26.17, 0.320, 1.366, 0.004

0, 9, 18, 4, 53.1299, 13.5614, 26.17, 26.17, 0.260, 1.402, 0.004

1, 9, 19, 4, 53.1299, 13.5614, 27.15, 26.17, 0.320, 1.372, 0.004

0, 9, 18, 0, 53.1299, 13.8114, 26.17, 26.17, 0.260, 1.390, 0.004

1, 9, 19, 0, 53.1299, 13.8114, 27.64, 26.17, 0.320, 1.361, 0.004

0, 9, 18, 1, 53.1299, 13.8114, 26.17, 26.17, 0.260, 1.400, 0.004

1, 9, 19, 1, 53.1299, 13.8114, 27.64, 26.17, 0.320, 1.360, 0.004

0, 9, 18, 2, 53.1299, 13.8114, 26.17, 26.17, 0.260, 1.392, 0.004

1, 9, 19, 2, 53.1299, 13.8114, 27.64, 26.17, 0.310, 1.384, 0.004

0, 9, 18, 3, 53.1299, 13.8114, 26.17, 26.17, 0.260, 1.390, 0.004

1, 9, 19, 3, 53.1299, 13.8114, 27.64, 26.17, 0.310, 1.360, 0.004

0, 9, 18, 4, 53.1299, 13.8114, 26.17, 26.17, 0.260, 1.405, 0.004

1, 9, 19, 4, 53.1299, 13.8114, 27.64, 26.17, 0.310, 1.364, 0.004

0, 9, 18, 0, 53.1299, 14.0614, 25.68, 26.17, 0.260, 1.396, 0.004

1, 9, 19, 0, 53.1299, 14.0614, 26.66, 26.17, 0.320, 1.368, 0.004

0, 9, 18, 1, 53.1299, 14.0614, 25.68, 26.17, 0.260, 1.389, 0.004

1, 9, 19, 1, 53.1299, 14.0614, 26.66, 26.17, 0.320, 1.365, 0.004

0, 9, 18, 2, 53.1299, 14.0614, 25.68, 26.17, 0.260, 1.393, 0.004

1, 9, 19, 2, 53.1299, 14.0614, 26.66, 26.17, 0.320, 1.367, 0.004

0, 9, 18, 3, 53.1299, 14.0614, 25.68, 26.17, 0.250, 1.395, 0.004

1, 9, 19, 3, 53.1299, 14.0614, 26.66, 26.17, 0.310, 1.363, 0.004

0, 9, 18, 4, 53.1299, 14.0614, 25.68, 26.17, 0.260, 1.398, 0.004

1, 9, 19, 4, 53.1299, 14.0614, 26.66, 26.17, 0.310, 1.380, 0.004

0, 9, 18, 0, 53.1299, 14.3114, 24.71, 25.20, 0.250, 1.389, 0.004

1, 9, 19, 0, 53.1299, 14.3114, 26.66, 25.20, 0.310, 1.373, 0.004

0, 9, 18, 1, 53.1299, 14.3114, 24.71, 25.20, 0.260, 1.396, 0.004

1, 9, 19, 1, 53.1299, 14.3114, 26.66, 25.20, 0.320, 1.370, 0.004

0, 9, 18, 2, 53.1299, 14.3114, 24.71, 25.20, 0.260, 1.390, 0.004

1, 9, 19, 2, 53.1299, 14.3114, 26.66, 25.20, 0.310, 1.367, 0.004

0, 9, 18, 3, 53.1299, 14.3114, 24.71, 25.20, 0.260, 1.400, 0.004

1, 9, 19, 3, 53.1299, 14.3114, 26.66, 25.20, 0.320, 1.378, 0.004

0, 9, 18, 4, 53.1299, 14.3114, 24.71, 25.20, 0.260, 1.405, 0.004

1, 9, 19, 4, 53.1299, 14.3114, 26.66, 25.20, 0.320, 1.369, 0.004

0, 9, 18, 0, 53.1299, 14.5614, 24.71, 26.17, 0.260, 1.396, 0.004

1, 9, 19, 0, 53.1299, 14.5614, 27.15, 26.17, 0.320, 1.366, 0.004

0, 9, 18, 1, 53.1299, 14.5614, 24.71, 26.17, 0.260, 1.390, 0.004

1, 9, 19, 1, 53.1299, 14.5614, 27.15, 26.17, 0.310, 1.356, 0.004

0, 9, 18, 2, 53.1299, 14.5614, 24.71, 26.17, 0.260, 1.397, 0.004

1, 9, 19, 2, 53.1299, 14.5614, 27.15, 26.17, 0.310, 1.365, 0.004

0, 9, 18, 3, 53.1299, 14.5614, 24.71, 26.17, 0.260, 1.392, 0.004

1, 9, 19, 3, 53.1299, 14.5614, 27.15, 26.17, 0.320, 1.366, 0.004

0, 9, 18, 4, 53.1299, 14.5614, 24.71, 26.17, 0.260, 1.388, 0.004

1, 9, 19, 4, 53.1299, 14.5614, 27.15, 26.17, 0.320, 1.369, 0.004

0, 9, 18, 0, 53.1299, 14.8114, 25.68, 26.66, 0.260, 1.381, 0.004

1, 9, 19, 0, 53.1299, 14.8114, 26.66, 26.66, 0.320, 1.360, 0.004

0, 9, 18, 1, 53.1299, 14.8114, 25.68, 26.66, 0.260, 1.391, 0.004

1, 9, 19, 1, 53.1299, 14.8114, 26.66, 26.66, 0.320, 1.353, 0.004

0, 9, 18, 2, 53.1299, 14.8114, 25.68, 26.66, 0.260, 1.395, 0.004

1, 9, 19, 2, 53.1299, 14.8114, 26.66, 26.66, 0.320, 1.366, 0.004

0, 9, 18, 3, 53.1299, 14.8114, 25.68, 26.66, 0.260, 1.391, 0.004

1, 9, 19, 3, 53.1299, 14.8114, 26.66, 26.66, 0.320, 1.369, 0.004

0, 9, 18, 4, 53.1299, 14.8114, 25.68, 26.66, 0.260, 1.399, 0.004

1, 9, 19, 4, 53.1299, 14.8114, 26.66, 26.66, 0.320, 1.369, 0.004

0, 9, 18, 0, 53.1299, 15.0614, 24.71, 26.17, 0.260, 1.401, 0.004

1, 9, 19, 0, 53.1299, 15.0614, 27.15, 26.17, 0.320, 1.364, 0.004

0, 9, 18, 1, 53.1299, 15.0614, 24.71, 26.17, 0.260, 1.397, 0.004

1, 9, 19, 1, 53.1299, 15.0614, 27.15, 26.17, 0.310, 1.366, 0.004

0, 9, 18, 2, 53.1299, 15.0614, 24.71, 26.17, 0.260, 1.387, 0.004

1, 9, 19, 2, 53.1299, 15.0614, 27.15, 26.17, 0.310, 1.366, 0.004

0, 9, 18, 3, 53.1299, 15.0614, 24.71, 26.17, 0.260, 1.402, 0.004

1, 9, 19, 3, 53.1299, 15.0614, 27.15, 26.17, 0.320, 1.369, 0.004

0, 9, 18, 4, 53.1299, 15.0614, 24.71, 26.17, 0.260, 1.390, 0.004

1, 9, 19, 4, 53.1299, 15.0614, 27.15, 26.17, 0.310, 1.375, 0.004

0, 9, 18, 0, 53.1299, 15.3114, 25.68, 28.12, 0.250, 1.386, 0.004

1, 9, 19, 0, 53.1299, 15.3114, 27.15, 28.12, 0.320, 1.371, 0.004

0, 9, 18, 1, 53.1299, 15.3114, 25.68, 28.12, 0.260, 1.395, 0.004

1, 9, 19, 1, 53.1299, 15.3114, 27.15, 28.12, 0.320, 1.370, 0.004

0, 9, 18, 2, 53.1299, 15.3114, 25.68, 28.12, 0.260, 1.399, 0.004

1, 9, 19, 2, 53.1299, 15.3114, 27.15, 28.12, 0.310, 1.371, 0.004

0, 9, 18, 3, 53.1299, 15.3114, 25.68, 28.12, 0.250, 1.400, 0.004

1, 9, 19, 3, 53.1299, 15.3114, 27.15, 28.12, 0.320, 1.372, 0.004

0, 9, 18, 4, 53.1299, 15.3114, 25.68, 28.12, 0.260, 1.395, 0.004

1, 9, 19, 4, 53.1299, 15.3114, 27.15, 28.12, 0.310, 1.364, 0.004

0, 9, 18, 0, 53.1299, 15.5614, 25.68, 24.71, 0.260, 1.400, 0.004

1, 9, 19, 0, 53.1299, 15.5614, 26.66, 24.71, 0.320, 1.364, 0.004

0, 9, 18, 1, 53.1299, 15.5614, 25.68, 24.71, 0.260, 1.397, 0.004

1, 9, 19, 1, 53.1299, 15.5614, 26.66, 24.71, 0.320, 1.376, 0.004

0, 9, 18, 2, 53.1299, 15.5614, 25.68, 24.71, 0.260, 1.397, 0.004

1, 9, 19, 2, 53.1299, 15.5614, 26.66, 24.71, 0.320, 1.369, 0.004

0, 9, 18, 3, 53.1299, 15.5614, 25.68, 24.71, 0.260, 1.398, 0.004

1, 9, 19, 3, 53.1299, 15.5614, 26.66, 24.71, 0.320, 1.368, 0.004

0, 9, 18, 4, 53.1299, 15.5614, 25.68, 24.71, 0.260, 1.397, 0.004

1, 9, 19, 4, 53.1299, 15.5614, 26.66, 24.71, 0.310, 1.365, 0.004

0, 9, 18, 0, 53.1299, 15.8114, 26.66, 25.20, 0.260, 1.398, 0.004

1, 9, 19, 0, 53.1299, 15.8114, 26.66, 25.20, 0.320, 1.372, 0.004

0, 9, 18, 1, 53.1299, 15.8114, 26.66, 25.20, 0.260, 1.388, 0.004

1, 9, 19, 1, 53.1299, 15.8114, 26.66, 25.20, 0.320, 1.374, 0.004

0, 9, 18, 2, 53.1299, 15.8114, 26.66, 25.20, 0.260, 1.394, 0.004

1, 9, 19, 2, 53.1299, 15.8114, 26.66, 25.20, 0.320, 1.373, 0.004

0, 9, 18, 3, 53.1299, 15.8114, 26.66, 25.20, 0.260, 1.388, 0.004

1, 9, 19, 3, 53.1299, 15.8114, 26.66, 25.20, 0.310, 1.373, 0.004

0, 9, 18, 4, 53.1299, 15.8114, 26.66, 25.20, 0.260, 1.394, 0.004

1, 9, 19, 4, 53.1299, 15.8114, 26.66, 25.20, 0.320, 1.368, 0.004

0, 9, 18, 0, 0, 0, 26.17, 26.66, 0.260, 1.390, 0.004

1, 9, 19, 0, 0, 0, 27.64, 26.66, 0.260, 1.362, 0.004

0, 9, 18, 1, 0, 0, 26.17, 26.66, 0.250, 1.399, 0.004

1, 9, 19, 1, 0, 0, 27.64, 26.66, 0.260, 1.371, 0.004

0, 9, 18, 2, 0, 0, 26.17, 26.66, 0.260, 1.391, 0.004

1, 9, 19, 2, 0, 0, 27.64, 26.66, 0.250, 1.367, 0.004

0, 9, 18, 3, 0, 0, 26.17, 26.66, 0.260, 1.392, 0.004

1, 9, 19, 3, 0, 0, 27.64, 26.66, 0.260, 1.372, 0.004

0, 9, 18, 4, 0, 0, 26.17, 26.66, 0.260, 1.395, 0.004

1, 9, 19, 4, 0, 0, 27.64, 26.66, 0.250, 1.364, 0.004

0, 9, 18, 0, 53.1299, 16.0614, 24.71, 26.66, 0.260, 1.385, 0.004

1, 9, 19, 0, 53.1299, 16.0614, 26.66, 26.66, 0.310, 1.372, 0.004

0, 9, 18, 1, 53.1299, 16.0614, 24.71, 26.66, 0.260, 1.393, 0.004

1, 9, 19, 1, 53.1299, 16.0614, 26.66, 26.66, 0.320, 1.365, 0.004

0, 9, 18, 2, 53.1299, 16.0614, 24.71, 26.66, 0.250, 1.395, 0.004

1, 9, 19, 2, 53.1299, 16.0614, 26.66, 26.66, 0.320, 1.365, 0.004

0, 9, 18, 3, 53.1299, 16.0614, 24.71, 26.66, 0.260, 1.387, 0.004

1, 9, 19, 3, 53.1299, 16.0614, 26.66, 26.66, 0.320, 1.369, 0.004

0, 9, 18, 4, 53.1299, 16.0614, 24.71, 26.66, 0.260, 1.401, 0.004

1, 9, 19, 4, 53.1299, 16.0614, 26.66, 26.66, 0.310, 1.367, 0.004

0, 9, 18, 0, 53.1299, 16.3114, 29.59, 27.15, 0.260, 1.393, 0.004

1, 9, 19, 0, 53.1299, 16.3114, 27.15, 27.15, 0.320, 1.348, 0.004

0, 9, 18, 1, 53.1299, 16.3114, 29.59, 27.15, 0.260, 1.395, 0.004

1, 9, 19, 1, 53.1299, 16.3114, 27.15, 27.15, 0.320, 1.363, 0.004

0, 9, 18, 2, 53.1299, 16.3114, 29.59, 27.15, 0.260, 1.402, 0.004

1, 9, 19, 2, 53.1299, 16.3114, 27.15, 27.15, 0.320, 1.360, 0.004

0, 9, 18, 3, 53.1299, 16.3114, 29.59, 27.15, 0.260, 1.395, 0.004

1, 9, 19, 3, 53.1299, 16.3114, 27.15, 27.15, 0.310, 1.362, 0.004

0, 9, 18, 4, 53.1299, 16.3114, 29.59, 27.15, 0.260, 1.393, 0.004

1, 9, 19, 4, 53.1299, 16.3114, 27.15, 27.15, 0.320, 1.374, 0.004

0, 9, 18, 0, 53.1299, 16.5614, 26.17, 26.17, 0.250, 1.387, 0.004

1, 9, 19, 0, 53.1299, 16.5614, 26.17, 26.17, 0.320, 1.367, 0.004

0, 9, 18, 1, 53.1299, 16.5614, 26.17, 26.17, 0.260, 1.392, 0.004

1, 9, 19, 1, 53.1299, 16.5614, 26.17, 26.17, 0.320, 1.381, 0.004

0, 9, 18, 2, 53.1299, 16.5614, 26.17, 26.17, 0.260, 1.396, 0.004

1, 9, 19, 2, 53.1299, 16.5614, 26.17, 26.17, 0.320, 1.366, 0.004

0, 9, 18, 3, 53.1299, 16.5614, 26.17, 26.17, 0.260, 1.396, 0.004

1, 9, 19, 3, 53.1299, 16.5614, 26.17, 26.17, 0.310, 1.371, 0.004

0, 9, 18, 4, 53.1299, 16.5614, 26.17, 26.17, 0.260, 1.401, 0.004

1, 9, 19, 4, 53.1299, 16.5614, 26.17, 26.17, 0.320, 1.372, 0.004

0, 9, 18, 0, 53.1299, 16.8114, 25.68, 23.73, 0.260, 1.391, 0.004

1, 9, 19, 0, 53.1299, 16.8114, 27.15, 23.73, 0.320, 1.366, 0.004

0, 9, 18, 1, 53.1299, 16.8114, 25.68, 23.73, 0.260, 1.402, 0.004

1, 9, 19, 1, 53.1299, 16.8114, 27.15, 23.73, 0.310, 1.370, 0.004

0, 9, 18, 2, 53.1299, 16.8114, 25.68, 23.73, 0.260, 1.397, 0.004

1, 9, 19, 2, 53.1299, 16.8114, 27.15, 23.73, 0.320, 1.366, 0.004

0, 9, 18, 3, 53.1299, 16.8114, 25.68, 23.73, 0.260, 1.393, 0.004

1, 9, 19, 3, 53.1299, 16.8114, 27.15, 23.73, 0.310, 1.373, 0.004

0, 9, 18, 4, 53.1299, 16.8114, 25.68, 23.73, 0.250, 1.399, 0.004

1, 9, 19, 4, 53.1299, 16.8114, 27.15, 23.73, 0.320, 1.368, 0.004

0, 9, 18, 0, 53.1299, 17.0614, 24.22, 29.59, 0.260, 1.403, 0.004

1, 9, 19, 0, 53.1299, 17.0614, 27.15, 29.59, 0.320, 1.371, 0.004

0, 9, 18, 1, 53.1299, 17.0614, 24.22, 29.59, 0.260, 1.386, 0.004

1, 9, 19, 1, 53.1299, 17.0614, 27.15, 29.59, 0.320, 1.367, 0.004

0, 9, 18, 2, 53.1299, 17.0614, 24.22, 29.59, 0.260, 1.397, 0.004

1, 9, 19, 2, 53.1299, 17.0614, 27.15, 29.59, 0.320, 1.370, 0.004

0, 9, 18, 3, 53.1299, 17.0614, 24.22, 29.59, 0.260, 1.401, 0.004

1, 9, 19, 3, 53.1299, 17.0614, 27.15, 29.59, 0.310, 1.375, 0.004

0, 9, 18, 4, 53.1299, 17.0614, 24.22, 29.59, 0.260, 1.398, 0.004

1, 9, 19, 4, 53.1299, 17.0614, 27.15, 29.59, 0.320, 1.371, 0.004

0, 9, 18, 0, 53.1299, 17.3114, 25.20, 26.17, 0.260, 1.395, 0.004

1, 9, 19, 0, 53.1299, 17.3114, 27.15, 26.17, 0.320, 1.362, 0.004

0, 9, 18, 1, 53.1299, 17.3114, 25.20, 26.17, 0.260, 1.394, 0.004

1, 9, 19, 1, 53.1299, 17.3114, 27.15, 26.17, 0.320, 1.365, 0.004

0, 9, 18, 2, 53.1299, 17.3114, 25.20, 26.17, 0.250, 1.393, 0.004

1, 9, 19, 2, 53.1299, 17.3114, 27.15, 26.17, 0.320, 1.365, 0.004

0, 9, 18, 3, 53.1299, 17.3114, 25.20, 26.17, 0.260, 1.394, 0.004

1, 9, 19, 3, 53.1299, 17.3114, 27.15, 26.17, 0.320, 1.373, 0.004

0, 9, 18, 4, 53.1299, 17.3114, 25.20, 26.17, 0.260, 1.391, 0.004

1, 9, 19, 4, 53.1299, 17.3114, 27.15, 26.17, 0.310, 1.354, 0.004

0, 9, 18, 0, 53.1299, 17.5614, 24.71, 26.66, 0.260, 1.398, 0.004

1, 9, 19, 0, 53.1299, 17.5614, 27.64, 26.66, 0.310, 1.365, 0.004

0, 9, 18, 1, 53.1299, 17.5614, 24.71, 26.66, 0.260, 1.392, 0.004

1, 9, 19, 1, 53.1299, 17.5614, 27.64, 26.66, 0.310, 1.369, 0.004

0, 9, 18, 2, 53.1299, 17.5614, 24.71, 26.66, 0.260, 1.393, 0.004

1, 9, 19, 2, 53.1299, 17.5614, 27.64, 26.66, 0.310, 1.368, 0.004

0, 9, 18, 3, 53.1299, 17.5614, 24.71, 26.66, 0.260, 1.394, 0.004

1, 9, 19, 3, 53.1299, 17.5614, 27.64, 26.66, 0.320, 1.370, 0.004

0, 9, 18, 4, 53.1299, 17.5614, 24.71, 26.66, 0.260, 1.394, 0.004

1, 9, 19, 4, 53.1299, 17.5614, 27.64, 26.66, 0.320, 1.366, 0.004

0, 9, 18, 0, 53.1299, 17.8114, 25.20, 26.66, 0.260, 1.396, 0.004

1, 9, 19, 0, 53.1299, 17.8114, 29.10, 26.66, 0.320, 1.366, 0.004

0, 9, 18, 1, 53.1299, 17.8114, 25.20, 26.66, 0.260, 1.396, 0.004

1, 9, 19, 1, 53.1299, 17.8114, 29.10, 26.66, 0.330, 1.368, 0.004

0, 9, 18, 2, 53.1299, 17.8114, 25.20, 26.66, 0.260, 1.401, 0.004

1, 9, 19, 2, 53.1299, 17.8114, 29.10, 26.66, 0.320, 1.368, 0.004

0, 9, 18, 3, 53.1299, 17.8114, 25.20, 26.66, 0.260, 1.397, 0.004

1, 9, 19, 3, 53.1299, 17.8114, 29.10, 26.66, 0.320, 1.355, 0.004

0, 9, 18, 4, 53.1299, 17.8114, 25.20, 26.66, 0.260, 1.401, 0.004

1, 9, 19, 4, 53.1299, 17.8114, 29.10, 26.66, 0.320, 1.362, 0.004

0, 9, 18, 0, 53.1299, 18.0614, 28.61, 26.66, 0.250, 1.400, 0.004

1, 9, 19, 0, 53.1299, 18.0614, 27.15, 26.66, 0.320, 1.371, 0.004

0, 9, 18, 1, 53.1299, 18.0614, 28.61, 26.66, 0.260, 1.394, 0.004

1, 9, 19, 1, 53.1299, 18.0614, 27.15, 26.66, 0.320, 1.352, 0.004

0, 9, 18, 2, 53.1299, 18.0614, 28.61, 26.66, 0.260, 1.394, 0.004

1, 9, 19, 2, 53.1299, 18.0614, 27.15, 26.66, 0.320, 1.373, 0.004

0, 9, 18, 3, 53.1299, 18.0614, 28.61, 26.66, 0.260, 1.399, 0.004

1, 9, 19, 3, 53.1299, 18.0614, 27.15, 26.66, 0.320, 1.365, 0.004

0, 9, 18, 4, 53.1299, 18.0614, 28.61, 26.66, 0.260, 1.399, 0.004

1, 9, 19, 4, 53.1299, 18.0614, 27.15, 26.66, 0.320, 1.364, 0.004

0, 9, 18, 0, 53.1299, 18.3114, 24.71, 26.17, 0.250, 1.398, 0.004

1, 9, 19, 0, 53.1299, 18.3114, 26.66, 26.17, 0.320, 1.364, 0.004

0, 9, 18, 1, 53.1299, 18.3114, 24.71, 26.17, 0.260, 1.394, 0.004

1, 9, 19, 1, 53.1299, 18.3114, 26.66, 26.17, 0.320, 1.370, 0.004

0, 9, 18, 2, 53.1299, 18.3114, 24.71, 26.17, 0.250, 1.394, 0.004

1, 9, 19, 2, 53.1299, 18.3114, 26.66, 26.17, 0.320, 1.368, 0.004

0, 9, 18, 3, 53.1299, 18.3114, 24.71, 26.17, 0.260, 1.392, 0.004

1, 9, 19, 3, 53.1299, 18.3114, 26.66, 26.17, 0.330, 1.370, 0.004

0, 9, 18, 4, 53.1299, 18.3114, 24.71, 26.17, 0.260, 1.394, 0.004

1, 9, 19, 4, 53.1299, 18.3114, 26.66, 26.17, 0.320, 1.371, 0.004

0, 9, 18, 0, 53.1299, 18.5614, 26.17, 26.66, 0.260, 1.388, 0.004

1, 9, 19, 0, 53.1299, 18.5614, 27.15, 26.66, 0.330, 1.372, 0.004

0, 9, 18, 1, 53.1299, 18.5614, 26.17, 26.66, 0.260, 1.399, 0.004

1, 9, 19, 1, 53.1299, 18.5614, 27.15, 26.66, 0.320, 1.368, 0.004

0, 9, 18, 2, 53.1299, 18.5614, 26.17, 26.66, 0.260, 1.388, 0.004

1, 9, 19, 2, 53.1299, 18.5614, 27.15, 26.66, 0.320, 1.359, 0.004

0, 9, 18, 3, 53.1299, 18.5614, 26.17, 26.66, 0.260, 1.400, 0.004

1, 9, 19, 3, 53.1299, 18.5614, 27.15, 26.66, 0.310, 1.374, 0.004

0, 9, 18, 4, 53.1299, 18.5614, 26.17, 26.66, 0.260, 1.402, 0.004

1, 9, 19, 4, 53.1299, 18.5614, 27.15, 26.66, 0.320, 1.368, 0.004

0, 9, 18, 0, 53.1299, 18.8114, 24.71, 26.17, 0.260, 1.395, 0.004

1, 9, 19, 0, 53.1299, 18.8114, 27.15, 26.17, 0.320, 1.367, 0.004

0, 9, 18, 1, 53.1299, 18.8114, 24.71, 26.17, 0.260, 1.394, 0.004

1, 9, 19, 1, 53.1299, 18.8114, 27.15, 26.17, 0.320, 1.367, 0.004

0, 9, 18, 2, 53.1299, 18.8114, 24.71, 26.17, 0.260, 1.395, 0.004

1, 9, 19, 2, 53.1299, 18.8114, 27.15, 26.17, 0.320, 1.369, 0.004

0, 9, 18, 3, 53.1299, 18.8114, 24.71, 26.17, 0.260, 1.389, 0.004

1, 9, 19, 3, 53.1299, 18.8114, 27.15, 26.17, 0.320, 1.369, 0.004

0, 9, 18, 4, 53.1299, 18.8114, 24.71, 26.17, 0.260, 1.391, 0.004

1, 9, 19, 4, 53.1299, 18.8114, 27.15, 26.17, 0.310, 1.367, 0.004

0, 9, 18, 0, 53.1299, 19.0614, 26.17, 26.66, 0.260, 1.390, 0.004

1, 9, 19, 0, 53.1299, 19.0614, 26.17, 26.66, 0.320, 1.370, 0.004

0, 9, 18, 1, 53.1299, 19.0614, 26.17, 26.66, 0.260, 1.393, 0.004

1, 9, 19, 1, 53.1299, 19.0614, 26.17, 26.66, 0.320, 1.363, 0.004

0, 9, 18, 2, 53.1299, 19.0614, 26.17, 26.66, 0.260, 1.398, 0.004

1, 9, 19, 2, 53.1299, 19.0614, 26.17, 26.66, 0.320, 1.364, 0.004

0, 9, 18, 3, 53.1299, 19.0614, 26.17, 26.66, 0.260, 1.393, 0.004

1, 9, 19, 3, 53.1299, 19.0614, 26.17, 26.66, 0.320, 1.372, 0.004

0, 9, 18, 4, 53.1299, 19.0614, 26.17, 26.66, 0.260, 1.391, 0.004

1, 9, 19, 4, 53.1299, 19.0614, 26.17, 26.66, 0.320, 1.365, 0.004

0, 9, 18, 0, 53.1299, 19.3114, 25.20, 26.66, 0.260, 1.398, 0.004

1, 9, 19, 0, 53.1299, 19.3114, 27.15, 26.66, 0.320, 1.374, 0.004

0, 9, 18, 1, 53.1299, 19.3114, 25.20, 26.66, 0.260, 1.393, 0.004

1, 9, 19, 1, 53.1299, 19.3114, 27.15, 26.66, 0.320, 1.371, 0.004

0, 9, 18, 2, 53.1299, 19.3114, 25.20, 26.66, 0.250, 1.397, 0.004

1, 9, 19, 2, 53.1299, 19.3114, 27.15, 26.66, 0.320, 1.361, 0.004

0, 9, 18, 3, 53.1299, 19.3114, 25.20, 26.66, 0.260, 1.390, 0.004

1, 9, 19, 3, 53.1299, 19.3114, 27.15, 26.66, 0.310, 1.369, 0.004

0, 9, 18, 4, 53.1299, 19.3114, 25.20, 26.66, 0.260, 1.397, 0.004

1, 9, 19, 4, 53.1299, 19.3114, 27.15, 26.66, 0.310, 1.353, 0.004

0, 9, 18, 0, 53.1299, 19.5614, 26.17, 27.15, 0.260, 1.388, 0.004

1, 9, 19, 0, 53.1299, 19.5614, 27.15, 27.15, 0.320, 1.369, 0.004

0, 9, 18, 1, 53.1299, 19.5614, 26.17, 27.15, 0.260, 1.392, 0.004

1, 9, 19, 1, 53.1299, 19.5614, 27.15, 27.15, 0.320, 1.374, 0.004

0, 9, 18, 2, 53.1299, 19.5614, 26.17, 27.15, 0.260, 1.401, 0.004

1, 9, 19, 2, 53.1299, 19.5614, 27.15, 27.15, 0.320, 1.380, 0.004

0, 9, 18, 3, 53.1299, 19.5614, 26.17, 27.15, 0.260, 1.391, 0.004

1, 9, 19, 3, 53.1299, 19.5614, 27.15, 27.15, 0.320, 1.368, 0.004

0, 9, 18, 4, 53.1299, 19.5614, 26.17, 27.15, 0.260, 1.396, 0.004

1, 9, 19, 4, 53.1299, 19.5614, 27.15, 27.15, 0.310, 1.369, 0.004

0, 9, 18, 0, 53.1299, 19.8114, 31.05, 26.17, 0.260, 1.392, 0.004

1, 9, 19, 0, 53.1299, 19.8114, 26.66, 26.17, 0.320, 1.352, 0.004

0, 9, 18, 1, 53.1299, 19.8114, 31.05, 26.17, 0.260, 1.381, 0.004

1, 9, 19, 1, 53.1299, 19.8114, 26.66, 26.17, 0.310, 1.379, 0.004

0, 9, 18, 2, 53.1299, 19.8114, 31.05, 26.17, 0.260, 1.395, 0.004

1, 9, 19, 2, 53.1299, 19.8114, 26.66, 26.17, 0.320, 1.369, 0.004

0, 9, 18, 3, 53.1299, 19.8114, 31.05, 26.17, 0.250, 1.392, 0.004

1, 9, 19, 3, 53.1299, 19.8114, 26.66, 26.17, 0.310, 1.368, 0.004

0, 9, 18, 4, 53.1299, 19.8114, 31.05, 26.17, 0.260, 1.396, 0.004

1, 9, 19, 4, 53.1299, 19.8114, 26.66, 26.17, 0.320, 1.373, 0.004

0, 9, 18, 0, 0, 0, 26.66, 27.15, 0.260, 1.398, 0.004

1, 9, 19, 0, 0, 0, 28.12, 27.15, 0.260, 1.371, 0.004

0, 9, 18, 1, 0, 0, 26.66, 27.15, 0.250, 1.400, 0.004

1, 9, 19, 1, 0, 0, 28.12, 27.15, 0.250, 1.369, 0.004

0, 9, 18, 2, 0, 0, 26.66, 27.15, 0.260, 1.396, 0.004

1, 9, 19, 2, 0, 0, 28.12, 27.15, 0.250, 1.368, 0.004

0, 9, 18, 3, 0, 0, 26.66, 27.15, 0.250, 1.396, 0.004

1, 9, 19, 3, 0, 0, 28.12, 27.15, 0.260, 1.368, 0.004

0, 9, 18, 4, 0, 0, 26.66, 27.15, 0.260, 1.396, 0.004

1, 9, 19, 4, 0, 0, 28.12, 27.15, 0.260, 1.376, 0.004

0, 9, 18, 0, 53.1299, 20.0614, 26.17, 26.17, 0.260, 1.392, 0.004

1, 9, 19, 0, 53.1299, 20.0614, 27.15, 26.17, 0.320, 1.370, 0.004

0, 9, 18, 1, 53.1299, 20.0614, 26.17, 26.17, 0.260, 1.397, 0.004

1, 9, 19, 1, 53.1299, 20.0614, 27.15, 26.17, 0.320, 1.361, 0.004

0, 9, 18, 2, 53.1299, 20.0614, 26.17, 26.17, 0.260, 1.402, 0.004

1, 9, 19, 2, 53.1299, 20.0614, 27.15, 26.17, 0.320, 1.371, 0.004

0, 9, 18, 3, 53.1299, 20.0614, 26.17, 26.17, 0.260, 1.395, 0.004

1, 9, 19, 3, 53.1299, 20.0614, 27.15, 26.17, 0.320, 1.365, 0.004

0, 9, 18, 4, 53.1299, 20.0614, 26.17, 26.17, 0.260, 1.390, 0.004

1, 9, 19, 4, 53.1299, 20.0614, 27.15, 26.17, 0.320, 1.371, 0.004

0, 9, 18, 0, 53.1299, 20.3114, 26.66, 26.17, 0.260, 1.392, 0.004

1, 9, 19, 0, 53.1299, 20.3114, 27.15, 26.17, 0.310, 1.363, 0.004

0, 9, 18, 1, 53.1299, 20.3114, 26.66, 26.17, 0.260, 1.396, 0.004

1, 9, 19, 1, 53.1299, 20.3114, 27.15, 26.17, 0.320, 1.375, 0.004

0, 9, 18, 2, 53.1299, 20.3114, 26.66, 26.17, 0.260, 1.397, 0.004

1, 9, 19, 2, 53.1299, 20.3114, 27.15, 26.17, 0.310, 1.378, 0.004

0, 9, 18, 3, 53.1299, 20.3114, 26.66, 26.17, 0.250, 1.397, 0.004

1, 9, 19, 3, 53.1299, 20.3114, 27.15, 26.17, 0.320, 1.375, 0.004

0, 9, 18, 4, 53.1299, 20.3114, 26.66, 26.17, 0.260, 1.395, 0.004

1, 9, 19, 4, 53.1299, 20.3114, 27.15, 26.17, 0.320, 1.367, 0.004

0, 9, 18, 0, 53.1299, 20.5614, 25.68, 26.66, 0.260, 1.389, 0.004

1, 9, 19, 0, 53.1299, 20.5614, 26.17, 26.66, 0.310, 1.357, 0.004

0, 9, 18, 1, 53.1299, 20.5614, 25.68, 26.66, 0.260, 1.396, 0.004

1, 9, 19, 1, 53.1299, 20.5614, 26.17, 26.66, 0.320, 1.372, 0.004

0, 9, 18, 2, 53.1299, 20.5614, 25.68, 26.66, 0.260, 1.393, 0.004

1, 9, 19, 2, 53.1299, 20.5614, 26.17, 26.66, 0.310, 1.362, 0.004

0, 9, 18, 3, 53.1299, 20.5614, 25.68, 26.66, 0.260, 1.397, 0.004

1, 9, 19, 3, 53.1299, 20.5614, 26.17, 26.66, 0.320, 1.363, 0.004

0, 9, 18, 4, 53.1299, 20.5614, 25.68, 26.66, 0.260, 1.389, 0.004

1, 9, 19, 4, 53.1299, 20.5614, 26.17, 26.66, 0.320, 1.373, 0.004

0, 9, 18, 0, 53.1299, 20.8114, 24.71, 26.17, 0.260, 1.394, 0.004

1, 9, 19, 0, 53.1299, 20.8114, 26.66, 26.17, 0.320, 1.380, 0.004

0, 9, 18, 1, 53.1299, 20.8114, 24.71, 26.17, 0.260, 1.393, 0.004

1, 9, 19, 1, 53.1299, 20.8114, 26.66, 26.17, 0.320, 1.379, 0.004

0, 9, 18, 2, 53.1299, 20.8114, 24.71, 26.17, 0.260, 1.390, 0.004

1, 9, 19, 2, 53.1299, 20.8114, 26.66, 26.17, 0.320, 1.376, 0.004

0, 9, 18, 3, 53.1299, 20.8114, 24.71, 26.17, 0.250, 1.392, 0.004

1, 9, 19, 3, 53.1299, 20.8114, 26.66, 26.17, 0.320, 1.354, 0.004

0, 9, 18, 4, 53.1299, 20.8114, 24.71, 26.17, 0.260, 1.393, 0.004

1, 9, 19, 4, 53.1299, 20.8114, 26.66, 26.17, 0.320, 1.368, 0.004

0, 9, 18, 0, 53.1299, 21.0614, 26.66, 26.17, 0.250, 1.392, 0.004

1, 9, 19, 0, 53.1299, 21.0614, 27.15, 26.17, 0.320, 1.364, 0.004

0, 9, 18, 1, 53.1299, 21.0614, 26.66, 26.17, 0.260, 1.395, 0.004

1, 9, 19, 1, 53.1299, 21.0614, 27.15, 26.17, 0.320, 1.365, 0.004

0, 9, 18, 2, 53.1299, 21.0614, 26.66, 26.17, 0.260, 1.389, 0.004

1, 9, 19, 2, 53.1299, 21.0614, 27.15, 26.17, 0.320, 1.375, 0.004

0, 9, 18, 3, 53.1299, 21.0614, 26.66, 26.17, 0.260, 1.393, 0.004

1, 9, 19, 3, 53.1299, 21.0614, 27.15, 26.17, 0.320, 1.361, 0.004

0, 9, 18, 4, 53.1299, 21.0614, 26.66, 26.17, 0.260, 1.399, 0.004

1, 9, 19, 4, 53.1299, 21.0614, 27.15, 26.17, 0.310, 1.347, 0.004

0, 9, 18, 0, 53.1299, 21.3114, 27.15, 25.68, 0.260, 1.390, 0.004

1, 9, 19, 0, 53.1299, 21.3114, 26.17, 25.68, 0.320, 1.362, 0.004

0, 9, 18, 1, 53.1299, 21.3114, 27.15, 25.68, 0.260, 1.388, 0.004

1, 9, 19, 1, 53.1299, 21.3114, 26.17, 25.68, 0.320, 1.375, 0.004

0, 9, 18, 2, 53.1299, 21.3114, 27.15, 25.68, 0.260, 1.393, 0.004

1, 9, 19, 2, 53.1299, 21.3114, 26.17, 25.68, 0.320, 1.369, 0.004

0, 9, 18, 3, 53.1299, 21.3114, 27.15, 25.68, 0.260, 1.399, 0.004

1, 9, 19, 3, 53.1299, 21.3114, 26.17, 25.68, 0.310, 1.353, 0.004

0, 9, 18, 4, 53.1299, 21.3114, 27.15, 25.68, 0.260, 1.394, 0.004

1, 9, 19, 4, 53.1299, 21.3114, 26.17, 25.68, 0.320, 1.365, 0.004

0, 9, 18, 0, 53.1299, 21.5614, 26.17, 26.17, 0.260, 1.396, 0.004

1, 9, 19, 0, 53.1299, 21.5614, 26.66, 26.17, 0.320, 1.369, 0.004

0, 9, 18, 1, 53.1299, 21.5614, 26.17, 26.17, 0.250, 1.391, 0.004

1, 9, 19, 1, 53.1299, 21.5614, 26.66, 26.17, 0.320, 1.369, 0.004

0, 9, 18, 2, 53.1299, 21.5614, 26.17, 26.17, 0.260, 1.399, 0.004

1, 9, 19, 2, 53.1299, 21.5614, 26.66, 26.17, 0.320, 1.377, 0.004

0, 9, 18, 3, 53.1299, 21.5614, 26.17, 26.17, 0.260, 1.394, 0.004

1, 9, 19, 3, 53.1299, 21.5614, 26.66, 26.17, 0.320, 1.369, 0.004

0, 9, 18, 4, 53.1299, 21.5614, 26.17, 26.17, 0.260, 1.393, 0.004

1, 9, 19, 4, 53.1299, 21.5614, 26.66, 26.17, 0.320, 1.374, 0.004

0, 9, 18, 0, 53.1299, 21.8114, 24.71, 25.68, 0.260, 1.398, 0.004

1, 9, 19, 0, 53.1299, 21.8114, 27.15, 25.68, 0.320, 1.367, 0.004

0, 9, 18, 1, 53.1299, 21.8114, 24.71, 25.68, 0.260, 1.387, 0.004

1, 9, 19, 1, 53.1299, 21.8114, 27.15, 25.68, 0.310, 1.361, 0.004

0, 9, 18, 2, 53.1299, 21.8114, 24.71, 25.68, 0.260, 1.395, 0.004

1, 9, 19, 2, 53.1299, 21.8114, 27.15, 25.68, 0.320, 1.378, 0.004

0, 9, 18, 3, 53.1299, 21.8114, 24.71, 25.68, 0.260, 1.388, 0.004

1, 9, 19, 3, 53.1299, 21.8114, 27.15, 25.68, 0.310, 1.371, 0.004

0, 9, 18, 4, 53.1299, 21.8114, 24.71, 25.68, 0.260, 1.396, 0.004

1, 9, 19, 4, 53.1299, 21.8114, 27.15, 25.68, 0.320, 1.378, 0.004

0, 9, 18, 0, 53.1299, 22.0614, 28.12, 26.66, 0.260, 1.390, 0.004

1, 9, 19, 0, 53.1299, 22.0614, 26.66, 26.66, 0.320, 1.367, 0.004

0, 9, 18, 1, 53.1299, 22.0614, 28.12, 26.66, 0.260, 1.399, 0.004

1, 9, 19, 1, 53.1299, 22.0614, 26.66, 26.66, 0.320, 1.367, 0.004

0, 9, 18, 2, 53.1299, 22.0614, 28.12, 26.66, 0.260, 1.386, 0.004

1, 9, 19, 2, 53.1299, 22.0614, 26.66, 26.66, 0.310, 1.372, 0.004

0, 9, 18, 3, 53.1299, 22.0614, 28.12, 26.66, 0.260, 1.389, 0.004

1, 9, 19, 3, 53.1299, 22.0614, 26.66, 26.66, 0.320, 1.376, 0.004

0, 9, 18, 4, 53.1299, 22.0614, 28.12, 26.66, 0.260, 1.398, 0.004

1, 9, 19, 4, 53.1299, 22.0614, 26.66, 26.66, 0.320, 1.370, 0.004

0, 9, 18, 0, 53.1299, 22.3114, 26.66, 27.15, 0.260, 1.398, 0.004

1, 9, 19, 0, 53.1299, 22.3114, 27.15, 27.15, 0.320, 1.368, 0.004

0, 9, 18, 1, 53.1299, 22.3114, 26.66, 27.15, 0.260, 1.395, 0.004

1, 9, 19, 1, 53.1299, 22.3114, 27.15, 27.15, 0.310, 1.368, 0.004

0, 9, 18, 2, 53.1299, 22.3114, 26.66, 27.15, 0.260, 1.399, 0.004

1, 9, 19, 2, 53.1299, 22.3114, 27.15, 27.15, 0.310, 1.375, 0.004

0, 9, 18, 3, 53.1299, 22.3114, 26.66, 27.15, 0.260, 1.400, 0.004

1, 9, 19, 3, 53.1299, 22.3114, 27.15, 27.15, 0.310, 1.374, 0.004

0, 9, 18, 4, 53.1299, 22.3114, 26.66, 27.15, 0.260, 1.393, 0.004

1, 9, 19, 4, 53.1299, 22.3114, 27.15, 27.15, 0.310, 1.354, 0.004

0, 9, 18, 0, 53.1299, 22.5614, 25.20, 25.68, 0.260, 1.399, 0.004

1, 9, 19, 0, 53.1299, 22.5614, 26.66, 25.68, 0.310, 1.365, 0.004

0, 9, 18, 1, 53.1299, 22.5614, 25.20, 25.68, 0.260, 1.402, 0.004

1, 9, 19, 1, 53.1299, 22.5614, 26.66, 25.68, 0.300, 1.375, 0.004

0, 9, 18, 2, 53.1299, 22.5614, 25.20, 25.68, 0.260, 1.401, 0.004

1, 9, 19, 2, 53.1299, 22.5614, 26.66, 25.68, 0.300, 1.362, 0.004

0, 9, 18, 3, 53.1299, 22.5614, 25.20, 25.68, 0.260, 1.391, 0.004

1, 9, 19, 3, 53.1299, 22.5614, 26.66, 25.68, 0.300, 1.361, 0.004

0, 9, 18, 4, 53.1299, 22.5614, 25.20, 25.68, 0.260, 1.396, 0.004

1, 9, 19, 4, 53.1299, 22.5614, 26.66, 25.68, 0.310, 1.374, 0.004

0, 9, 18, 0, 53.1299, 22.8114, 26.66, 26.17, 0.260, 1.396, 0.004

1, 9, 19, 0, 53.1299, 22.8114, 27.15, 26.17, 0.300, 1.365, 0.004

0, 9, 18, 1, 53.1299, 22.8114, 26.66, 26.17, 0.260, 1.393, 0.004

1, 9, 19, 1, 53.1299, 22.8114, 27.15, 26.17, 0.310, 1.366, 0.004

0, 9, 18, 2, 53.1299, 22.8114, 26.66, 26.17, 0.260, 1.392, 0.004

1, 9, 19, 2, 53.1299, 22.8114, 27.15, 26.17, 0.310, 1.372, 0.004

0, 9, 18, 3, 53.1299, 22.8114, 26.66, 26.17, 0.260, 1.392, 0.004

1, 9, 19, 3, 53.1299, 22.8114, 27.15, 26.17, 0.310, 1.372, 0.004

0, 9, 18, 4, 53.1299, 22.8114, 26.66, 26.17, 0.260, 1.389, 0.004

1, 9, 19, 4, 53.1299, 22.8114, 27.15, 26.17, 0.310, 1.373, 0.004

0, 9, 18, 0, 53.1299, 23.0614, 25.68, 26.66, 0.260, 1.400, 0.004

1, 9, 19, 0, 53.1299, 23.0614, 26.17, 26.66, 0.300, 1.373, 0.004

0, 9, 18, 1, 53.1299, 23.0614, 25.68, 26.66, 0.260, 1.387, 0.004

1, 9, 19, 1, 53.1299, 23.0614, 26.17, 26.66, 0.300, 1.363, 0.004

0, 9, 18, 2, 53.1299, 23.0614, 25.68, 26.66, 0.260, 1.398, 0.004

1, 9, 19, 2, 53.1299, 23.0614, 26.17, 26.66, 0.300, 1.375, 0.004

0, 9, 18, 3, 53.1299, 23.0614, 25.68, 26.66, 0.260, 1.396, 0.004

1, 9, 19, 3, 53.1299, 23.0614, 26.17, 26.66, 0.290, 1.374, 0.004

0, 9, 18, 4, 53.1299, 23.0614, 25.68, 26.66, 0.260, 1.395, 0.004

1, 9, 19, 4, 53.1299, 23.0614, 26.17, 26.66, 0.300, 1.366, 0.004

0, 9, 18, 0, 53.1299, 23.3114, 24.22, 27.15, 0.260, 1.393, 0.004

1, 9, 19, 0, 53.1299, 23.3114, 26.66, 27.15, 0.280, 1.374, 0.004

0, 9, 18, 1, 53.1299, 23.3114, 24.22, 27.15, 0.260, 1.394, 0.004

1, 9, 19, 1, 53.1299, 23.3114, 26.66, 27.15, 0.280, 1.376, 0.004

0, 9, 18, 2, 53.1299, 23.3114, 24.22, 27.15, 0.260, 1.391, 0.004

1, 9, 19, 2, 53.1299, 23.3114, 26.66, 27.15, 0.280, 1.372, 0.004

0, 9, 18, 3, 53.1299, 23.3114, 24.22, 27.15, 0.260, 1.397, 0.004

1, 9, 19, 3, 53.1299, 23.3114, 26.66, 27.15, 0.280, 1.365, 0.004

0, 9, 18, 4, 53.1299, 23.3114, 24.22, 27.15, 0.260, 1.389, 0.004

1, 9, 19, 4, 53.1299, 23.3114, 26.66, 27.15, 0.280, 1.371, 0.004

0, 9, 18, 0, 53.1299, 23.5614, 26.17, 26.66, 0.260, 1.398, 0.004

1, 9, 19, 0, 53.1299, 23.5614, 27.15, 26.66, 0.260, 1.364, 0.004

0, 9, 18, 1, 53.1299, 23.5614, 26.17, 26.66, 0.260, 1.393, 0.004

1, 9, 19, 1, 53.1299, 23.5614, 27.15, 26.66, 0.270, 1.379, 0.004

0, 9, 18, 2, 53.1299, 23.5614, 26.17, 26.66, 0.260, 1.402, 0.004

1, 9, 19, 2, 53.1299, 23.5614, 27.15, 26.66, 0.270, 1.362, 0.004

0, 9, 18, 3, 53.1299, 23.5614, 26.17, 26.66, 0.260, 1.397, 0.004

1, 9, 19, 3, 53.1299, 23.5614, 27.15, 26.66, 0.270, 1.371, 0.004

0, 9, 18, 4, 53.1299, 23.5614, 26.17, 26.66, 0.260, 1.394, 0.004

1, 9, 19, 4, 53.1299, 23.5614, 27.15, 26.66, 0.260, 1.371, 0.004

0, 9, 18, 0, 53.1299, 23.8114, 26.66, 26.17, 0.260, 1.399, 0.004

1, 9, 19, 0, 53.1299, 23.8114, 26.66, 26.17, 0.260, 1.358, 0.004

0, 9, 18, 1, 53.1299, 23.8114, 26.66, 26.17, 0.260, 1.402, 0.004

1, 9, 19, 1, 53.1299, 23.8114, 26.66, 26.17, 0.260, 1.373, 0.004

0, 9, 18, 2, 53.1299, 23.8114, 26.66, 26.17, 0.260, 1.391, 0.004

1, 9, 19, 2, 53.1299, 23.8114, 26.66, 26.17, 0.260, 1.375, 0.004

0, 9, 18, 3, 53.1299, 23.8114, 26.66, 26.17, 0.260, 1.397, 0.004

1, 9, 19, 3, 53.1299, 23.8114, 26.66, 26.17, 0.260, 1.377, 0.004

0, 9, 18, 4, 53.1299, 23.8114, 26.66, 26.17, 0.260, 1.401, 0.004

1, 9, 19, 4, 53.1299, 23.8114, 26.66, 26.17, 0.260, 1.365, 0.004

0, 9, 18, 0, 0, 0, 25.68, 26.66, 0.260, 1.396, 0.004

1, 9, 19, 0, 0, 0, 27.64, 26.66, 0.260, 1.376, 0.004

0, 9, 18, 1, 0, 0, 25.68, 26.66, 0.250, 1.399, 0.004

1, 9, 19, 1, 0, 0, 27.64, 26.66, 0.250, 1.371, 0.004

0, 9, 18, 2, 0, 0, 25.68, 26.66, 0.260, 1.390, 0.004

1, 9, 19, 2, 0, 0, 27.64, 26.66, 0.260, 1.368, 0.004

0, 9, 18, 3, 0, 0, 25.68, 26.66, 0.260, 1.393, 0.004

1, 9, 19, 3, 0, 0, 27.64, 26.66, 0.260, 1.373, 0.004

0, 9, 18, 4, 0, 0, 25.68, 26.66, 0.250, 1.388, 0.004

1, 9, 19, 4, 0, 0, 27.64, 26.66, 0.260, 1.378, 0.004

0, 9, 18, 0, 53.1299, 24.0614, 26.17, 26.66, 0.260, 1.397, 0.004

1, 9, 19, 0, 53.1299, 24.0614, 26.17, 26.66, 0.260, 1.368, 0.004

0, 9, 18, 1, 53.1299, 24.0614, 26.17, 26.66, 0.260, 1.398, 0.004

1, 9, 19, 1, 53.1299, 24.0614, 26.17, 26.66, 0.250, 1.376, 0.004

0, 9, 18, 2, 53.1299, 24.0614, 26.17, 26.66, 0.260, 1.387, 0.004

1, 9, 19, 2, 53.1299, 24.0614, 26.17, 26.66, 0.260, 1.353, 0.004

0, 9, 18, 3, 53.1299, 24.0614, 26.17, 26.66, 0.260, 1.402, 0.004

1, 9, 19, 3, 53.1299, 24.0614, 26.17, 26.66, 0.260, 1.359, 0.004

0, 9, 18, 4, 53.1299, 24.0614, 26.17, 26.66, 0.260, 1.391, 0.004

1, 9, 19, 4, 53.1299, 24.0614, 26.17, 26.66, 0.260, 1.370, 0.004

0, 9, 18, 0, 53.1299, 24.3114, 24.71, 26.17, 0.260, 1.391, 0.004

1, 9, 19, 0, 53.1299, 24.3114, 26.17, 26.17, 0.260, 1.358, 0.004

0, 9, 18, 1, 53.1299, 24.3114, 24.71, 26.17, 0.260, 1.386, 0.004

1, 9, 19, 1, 53.1299, 24.3114, 26.17, 26.17, 0.260, 1.369, 0.004

0, 9, 18, 2, 53.1299, 24.3114, 24.71, 26.17, 0.260, 1.395, 0.004

1, 9, 19, 2, 53.1299, 24.3114, 26.17, 26.17, 0.260, 1.365, 0.004

0, 9, 18, 3, 53.1299, 24.3114, 24.71, 26.17, 0.260, 1.396, 0.004

1, 9, 19, 3, 53.1299, 24.3114, 26.17, 26.17, 0.250, 1.369, 0.004

0, 9, 18, 4, 53.1299, 24.3114, 24.71, 26.17, 0.260, 1.396, 0.004

1, 9, 19, 4, 53.1299, 24.3114, 26.17, 26.17, 0.250, 1.377, 0.004

0, 9, 18, 0, 53.1299, 24.5614, 26.17, 25.20, 0.260, 1.398, 0.004

1, 9, 19, 0, 53.1299, 24.5614, 27.15, 25.20, 0.260, 1.370, 0.004

0, 9, 18, 1, 53.1299, 24.5614, 26.17, 25.20, 0.260, 1.395, 0.004

1, 9, 19, 1, 53.1299, 24.5614, 27.15, 25.20, 0.260, 1.366, 0.004

0, 9, 18, 2, 53.1299, 24.5614, 26.17, 25.20, 0.260, 1.387, 0.004

1, 9, 19, 2, 53.1299, 24.5614, 27.15, 25.20, 0.260, 1.369, 0.004

0, 9, 18, 3, 53.1299, 24.5614, 26.17, 25.20, 0.260, 1.395, 0.004

1, 9, 19, 3, 53.1299, 24.5614, 27.15, 25.20, 0.260, 1.372, 0.004

0, 9, 18, 4, 53.1299, 24.5614, 26.17, 25.20, 0.260, 1.393, 0.004

1, 9, 19, 4, 53.1299, 24.5614, 27.15, 25.20, 0.260, 1.367, 0.004

0, 9, 18, 0, 53.1299, 24.8114, 26.17, 26.17, 0.270, 1.399, 0.004

1, 9, 19, 0, 53.1299, 24.8114, 26.66, 26.17, 0.260, 1.362, 0.004

0, 9, 18, 1, 53.1299, 24.8114, 26.17, 26.17, 0.270, 1.398, 0.004

1, 9, 19, 1, 53.1299, 24.8114, 26.66, 26.17, 0.260, 1.368, 0.004

0, 9, 18, 2, 53.1299, 24.8114, 26.17, 26.17, 0.270, 1.397, 0.004

1, 9, 19, 2, 53.1299, 24.8114, 26.66, 26.17, 0.250, 1.360, 0.004

0, 9, 18, 3, 53.1299, 24.8114, 26.17, 26.17, 0.270, 1.389, 0.004

1, 9, 19, 3, 53.1299, 24.8114, 26.66, 26.17, 0.260, 1.370, 0.004

0, 9, 18, 4, 53.1299, 24.8114, 26.17, 26.17, 0.270, 1.397, 0.004

1, 9, 19, 4, 53.1299, 24.8114, 26.66, 26.17, 0.260, 1.371, 0.004

0, 9, 18, 0, 53.1299, 25.0614, 26.17, 26.66, 0.280, 1.391, 0.004

1, 9, 19, 0, 53.1299, 25.0614, 26.17, 26.66, 0.260, 1.367, 0.004

0, 9, 18, 1, 53.1299, 25.0614, 26.17, 26.66, 0.280, 1.394, 0.004

1, 9, 19, 1, 53.1299, 25.0614, 26.17, 26.66, 0.260, 1.371, 0.004

0, 9, 18, 2, 53.1299, 25.0614, 26.17, 26.66, 0.280, 1.394, 0.004

1, 9, 19, 2, 53.1299, 25.0614, 26.17, 26.66, 0.260, 1.364, 0.004

0, 9, 18, 3, 53.1299, 25.0614, 26.17, 26.66, 0.280, 1.393, 0.004

1, 9, 19, 3, 53.1299, 25.0614, 26.17, 26.66, 0.260, 1.372, 0.004

0, 9, 18, 4, 53.1299, 25.0614, 26.17, 26.66, 0.280, 1.388, 0.004

1, 9, 19, 4, 53.1299, 25.0614, 26.17, 26.66, 0.250, 1.368, 0.004

0, 9, 18, 0, 53.1299, 25.3114, 25.68, 26.66, 0.290, 1.393, 0.004

1, 9, 19, 0, 53.1299, 25.3114, 27.15, 26.66, 0.260, 1.370, 0.004

0, 9, 18, 1, 53.1299, 25.3114, 25.68, 26.66, 0.290, 1.395, 0.004

1, 9, 19, 1, 53.1299, 25.3114, 27.15, 26.66, 0.250, 1.372, 0.004

0, 9, 18, 2, 53.1299, 25.3114, 25.68, 26.66, 0.290, 1.402, 0.004

1, 9, 19, 2, 53.1299, 25.3114, 27.15, 26.66, 0.260, 1.364, 0.004

0, 9, 18, 3, 53.1299, 25.3114, 25.68, 26.66, 0.290, 1.390, 0.004

1, 9, 19, 3, 53.1299, 25.3114, 27.15, 26.66, 0.260, 1.367, 0.004

0, 9, 18, 4, 53.1299, 25.3114, 25.68, 26.66, 0.290, 1.389, 0.004

1, 9, 19, 4, 53.1299, 25.3114, 27.15, 26.66, 0.250, 1.376, 0.004

0, 9, 18, 0, 53.1299, 25.5614, 26.17, 26.66, 0.290, 1.389, 0.004

1, 9, 19, 0, 53.1299, 25.5614, 27.15, 26.66, 0.260, 1.368, 0.004

0, 9, 18, 1, 53.1299, 25.5614, 26.17, 26.66, 0.290, 1.395, 0.004

1, 9, 19, 1, 53.1299, 25.5614, 27.15, 26.66, 0.260, 1.364, 0.004

0, 9, 18, 2, 53.1299, 25.5614, 26.17, 26.66, 0.290, 1.391, 0.004

1, 9, 19, 2, 53.1299, 25.5614, 27.15, 26.66, 0.260, 1.362, 0.004

0, 9, 18, 3, 53.1299, 25.5614, 26.17, 26.66, 0.290, 1.391, 0.004

1, 9, 19, 3, 53.1299, 25.5614, 27.15, 26.66, 0.260, 1.372, 0.004

0, 9, 18, 4, 53.1299, 25.5614, 26.17, 26.66, 0.290, 1.397, 0.004

1, 9, 19, 4, 53.1299, 25.5614, 27.15, 26.66, 0.250, 1.370, 0.004

0, 9, 18, 0, 53.1299, 25.8114, 25.20, 26.17, 0.290, 1.400, 0.004

1, 9, 19, 0, 53.1299, 25.8114, 26.66, 26.17, 0.260, 1.371, 0.004

0, 9, 18, 1, 53.1299, 25.8114, 25.20, 26.17, 0.290, 1.399, 0.004

1, 9, 19, 1, 53.1299, 25.8114, 26.66, 26.17, 0.260, 1.372, 0.004

0, 9, 18, 2, 53.1299, 25.8114, 25.20, 26.17, 0.290, 1.390, 0.004

1, 9, 19, 2, 53.1299, 25.8114, 26.66, 26.17, 0.250, 1.364, 0.004

0, 9, 18, 3, 53.1299, 25.8114, 25.20, 26.17, 0.290, 1.389, 0.004

1, 9, 19, 3, 53.1299, 25.8114, 26.66, 26.17, 0.260, 1.370, 0.004

0, 9, 18, 4, 53.1299, 25.8114, 25.20, 26.17, 0.290, 1.396, 0.004

1, 9, 19, 4, 53.1299, 25.8114, 26.66, 26.17, 0.260, 1.368, 0.004

0, 9, 18, 0, 53.1299, 26.0614, 25.68, 27.15, 0.290, 1.394, 0.004

1, 9, 19, 0, 53.1299, 26.0614, 26.66, 27.15, 0.250, 1.376, 0.004

0, 9, 18, 1, 53.1299, 26.0614, 25.68, 27.15, 0.290, 1.392, 0.004

1, 9, 19, 1, 53.1299, 26.0614, 26.66, 27.15, 0.250, 1.368, 0.004

0, 9, 18, 2, 53.1299, 26.0614, 25.68, 27.15, 0.290, 1.391, 0.004

1, 9, 19, 2, 53.1299, 26.0614, 26.66, 27.15, 0.260, 1.371, 0.004

0, 9, 18, 3, 53.1299, 26.0614, 25.68, 27.15, 0.290, 1.382, 0.004

1, 9, 19, 3, 53.1299, 26.0614, 26.66, 27.15, 0.260, 1.366, 0.004

0, 9, 18, 4, 53.1299, 26.0614, 25.68, 27.15, 0.290, 1.392, 0.004

1, 9, 19, 4, 53.1299, 26.0614, 26.66, 27.15, 0.250, 1.374, 0.004

0, 9, 18, 0, 53.1299, 26.3114, 26.17, 26.66, 0.290, 1.397, 0.004

1, 9, 19, 0, 53.1299, 26.3114, 26.66, 26.66, 0.260, 1.364, 0.004

0, 9, 18, 1, 53.1299, 26.3114, 26.17, 26.66, 0.300, 1.392, 0.004

1, 9, 19, 1, 53.1299, 26.3114, 26.66, 26.66, 0.260, 1.364, 0.004

0, 9, 18, 2, 53.1299, 26.3114, 26.17, 26.66, 0.290, 1.396, 0.004

1, 9, 19, 2, 53.1299, 26.3114, 26.66, 26.66, 0.260, 1.374, 0.004

0, 9, 18, 3, 53.1299, 26.3114, 26.17, 26.66, 0.290, 1.393, 0.004

1, 9, 19, 3, 53.1299, 26.3114, 26.66, 26.66, 0.260, 1.370, 0.004

0, 9, 18, 4, 53.1299, 26.3114, 26.17, 26.66, 0.290, 1.387, 0.004

1, 9, 19, 4, 53.1299, 26.3114, 26.66, 26.66, 0.260, 1.371, 0.004

0, 9, 18, 0, 53.1299, 26.5614, 25.68, 28.12, 0.290, 1.396, 0.004

1, 9, 19, 0, 53.1299, 26.5614, 26.17, 28.12, 0.250, 1.371, 0.004

0, 9, 18, 1, 53.1299, 26.5614, 25.68, 28.12, 0.290, 1.390, 0.004

1, 9, 19, 1, 53.1299, 26.5614, 26.17, 28.12, 0.250, 1.366, 0.004

0, 9, 18, 2, 53.1299, 26.5614, 25.68, 28.12, 0.300, 1.395, 0.004

1, 9, 19, 2, 53.1299, 26.5614, 26.17, 28.12, 0.250, 1.374, 0.004

0, 9, 18, 3, 53.1299, 26.5614, 25.68, 28.12, 0.290, 1.397, 0.004

1, 9, 19, 3, 53.1299, 26.5614, 26.17, 28.12, 0.260, 1.374, 0.004

0, 9, 18, 4, 53.1299, 26.5614, 25.68, 28.12, 0.290, 1.389, 0.004

1, 9, 19, 4, 53.1299, 26.5614, 26.17, 28.12, 0.250, 1.370, 0.004

0, 9, 18, 0, 53.1299, 26.8114, 26.17, 26.66, 0.290, 1.391, 0.004

1, 9, 19, 0, 53.1299, 26.8114, 26.66, 26.66, 0.260, 1.367, 0.004

0, 9, 18, 1, 53.1299, 26.8114, 26.17, 26.66, 0.290, 1.399, 0.004

1, 9, 19, 1, 53.1299, 26.8114, 26.66, 26.66, 0.260, 1.363, 0.004

0, 9, 18, 2, 53.1299, 26.8114, 26.17, 26.66, 0.290, 1.401, 0.004

1, 9, 19, 2, 53.1299, 26.8114, 26.66, 26.66, 0.260, 1.376, 0.004

0, 9, 18, 3, 53.1299, 26.8114, 26.17, 26.66, 0.300, 1.396, 0.004

1, 9, 19, 3, 53.1299, 26.8114, 26.66, 26.66, 0.250, 1.371, 0.004

0, 9, 18, 4, 53.1299, 26.8114, 26.17, 26.66, 0.290, 1.391, 0.004

1, 9, 19, 4, 53.1299, 26.8114, 26.66, 26.66, 0.260, 1.362, 0.004

0, 9, 18, 0, 53.1299, 27.0614, 25.20, 27.15, 0.300, 1.397, 0.004

1, 9, 19, 0, 53.1299, 27.0614, 26.66, 27.15, 0.260, 1.374, 0.004

0, 9, 18, 1, 53.1299, 27.0614, 25.20, 27.15, 0.300, 1.399, 0.004

1, 9, 19, 1, 53.1299, 27.0614, 26.66, 27.15, 0.250, 1.366, 0.004

0, 9, 18, 2, 53.1299, 27.0614, 25.20, 27.15, 0.290, 1.399, 0.004

1, 9, 19, 2, 53.1299, 27.0614, 26.66, 27.15, 0.260, 1.370, 0.004

0, 9, 18, 3, 53.1299, 27.0614, 25.20, 27.15, 0.300, 1.392, 0.004

1, 9, 19, 3, 53.1299, 27.0614, 26.66, 27.15, 0.260, 1.365, 0.004

0, 9, 18, 4, 53.1299, 27.0614, 25.20, 27.15, 0.290, 1.396, 0.004

1, 9, 19, 4, 53.1299, 27.0614, 26.66, 27.15, 0.250, 1.368, 0.004

0, 9, 18, 0, 53.1299, 27.3114, 25.20, 25.68, 0.300, 1.393, 0.004

1, 9, 19, 0, 53.1299, 27.3114, 26.66, 25.68, 0.260, 1.361, 0.004

0, 9, 18, 1, 53.1299, 27.3114, 25.20, 25.68, 0.300, 1.383, 0.004

1, 9, 19, 1, 53.1299, 27.3114, 26.66, 25.68, 0.260, 1.379, 0.004

0, 9, 18, 2, 53.1299, 27.3114, 25.20, 25.68, 0.290, 1.391, 0.004

1, 9, 19, 2, 53.1299, 27.3114, 26.66, 25.68, 0.260, 1.385, 0.004

0, 9, 18, 3, 53.1299, 27.3114, 25.20, 25.68, 0.290, 1.391, 0.004

1, 9, 19, 3, 53.1299, 27.3114, 26.66, 25.68, 0.260, 1.363, 0.004

0, 9, 18, 4, 53.1299, 27.3114, 25.20, 25.68, 0.290, 1.389, 0.004

1, 9, 19, 4, 53.1299, 27.3114, 26.66, 25.68, 0.250, 1.365, 0.004

0, 9, 18, 0, 53.1299, 27.5614, 25.20, 27.15, 0.300, 1.397, 0.004

1, 9, 19, 0, 53.1299, 27.5614, 26.17, 27.15, 0.250, 1.364, 0.004

0, 9, 18, 1, 53.1299, 27.5614, 25.20, 27.15, 0.290, 1.393, 0.004

1, 9, 19, 1, 53.1299, 27.5614, 26.17, 27.15, 0.250, 1.360, 0.004

0, 9, 18, 2, 53.1299, 27.5614, 25.20, 27.15, 0.290, 1.391, 0.004

1, 9, 19, 2, 53.1299, 27.5614, 26.17, 27.15, 0.260, 1.368, 0.004

0, 9, 18, 3, 53.1299, 27.5614, 25.20, 27.15, 0.290, 1.388, 0.004

1, 9, 19, 3, 53.1299, 27.5614, 26.17, 27.15, 0.250, 1.362, 0.004

0, 9, 18, 4, 53.1299, 27.5614, 25.20, 27.15, 0.290, 1.395, 0.004

1, 9, 19, 4, 53.1299, 27.5614, 26.17, 27.15, 0.260, 1.367, 0.004

0, 9, 18, 0, 53.1299, 27.8114, 25.20, 26.66, 0.300, 1.392, 0.004

1, 9, 19, 0, 53.1299, 27.8114, 26.17, 26.66, 0.260, 1.359, 0.004

0, 9, 18, 1, 53.1299, 27.8114, 25.20, 26.66, 0.300, 1.386, 0.004

1, 9, 19, 1, 53.1299, 27.8114, 26.17, 26.66, 0.260, 1.373, 0.004

0, 9, 18, 2, 53.1299, 27.8114, 25.20, 26.66, 0.290, 1.382, 0.004

1, 9, 19, 2, 53.1299, 27.8114, 26.17, 26.66, 0.260, 1.361, 0.004

0, 9, 18, 3, 53.1299, 27.8114, 25.20, 26.66, 0.290, 1.399, 0.004

1, 9, 19, 3, 53.1299, 27.8114, 26.17, 26.66, 0.260, 1.359, 0.004

0, 9, 18, 4, 53.1299, 27.8114, 25.20, 26.66, 0.290, 1.394, 0.004

1, 9, 19, 4, 53.1299, 27.8114, 26.17, 26.66, 0.260, 1.370, 0.004

0, 9, 18, 0, 0, 0, 26.17, 26.66, 0.260, 1.385, 0.004

1, 9, 19, 0, 0, 0, 27.15, 26.66, 0.260, 1.367, 0.004

0, 9, 18, 1, 0, 0, 26.17, 26.66, 0.260, 1.395, 0.004

1, 9, 19, 1, 0, 0, 27.15, 26.66, 0.260, 1.374, 0.004

0, 9, 18, 2, 0, 0, 26.17, 26.66, 0.260, 1.387, 0.004

1, 9, 19, 2, 0, 0, 27.15, 26.66, 0.250, 1.368, 0.004

0, 9, 18, 3, 0, 0, 26.17, 26.66, 0.260, 1.394, 0.004

1, 9, 19, 3, 0, 0, 27.15, 26.66, 0.260, 1.370, 0.004

0, 9, 18, 4, 0, 0, 26.17, 26.66, 0.260, 1.393, 0.004

1, 9, 19, 4, 0, 0, 27.15, 26.66, 0.260, 1.374, 0.004

0, 9, 18, 0, 53.1299, 28.0614, 25.20, 26.17, 0.290, 1.399, 0.004

1, 9, 19, 0, 53.1299, 28.0614, 26.66, 26.17, 0.260, 1.376, 0.004

0, 9, 18, 1, 53.1299, 28.0614, 25.20, 26.17, 0.300, 1.391, 0.004

1, 9, 19, 1, 53.1299, 28.0614, 26.66, 26.17, 0.250, 1.367, 0.004

0, 9, 18, 2, 53.1299, 28.0614, 25.20, 26.17, 0.300, 1.396, 0.004

1, 9, 19, 2, 53.1299, 28.0614, 26.66, 26.17, 0.250, 1.364, 0.004

0, 9, 18, 3, 53.1299, 28.0614, 25.20, 26.17, 0.290, 1.387, 0.004

1, 9, 19, 3, 53.1299, 28.0614, 26.66, 26.17, 0.260, 1.373, 0.004

0, 9, 18, 4, 53.1299, 28.0614, 25.20, 26.17, 0.290, 1.395, 0.004

1, 9, 19, 4, 53.1299, 28.0614, 26.66, 26.17, 0.260, 1.377, 0.004

0, 9, 18, 0, 53.1299, 28.3114, 26.66, 26.17, 0.300, 1.409, 0.004

1, 9, 19, 0, 53.1299, 28.3114, 26.17, 26.17, 0.250, 1.373, 0.004

0, 9, 18, 1, 53.1299, 28.3114, 26.66, 26.17, 0.290, 1.395, 0.004

1, 9, 19, 1, 53.1299, 28.3114, 26.17, 26.17, 0.260, 1.371, 0.004

0, 9, 18, 2, 53.1299, 28.3114, 26.66, 26.17, 0.300, 1.398, 0.004

1, 9, 19, 2, 53.1299, 28.3114, 26.17, 26.17, 0.250, 1.371, 0.004

0, 9, 18, 3, 53.1299, 28.3114, 26.66, 26.17, 0.300, 1.394, 0.004

1, 9, 19, 3, 53.1299, 28.3114, 26.17, 26.17, 0.260, 1.366, 0.004

0, 9, 18, 4, 53.1299, 28.3114, 26.66, 26.17, 0.290, 1.394, 0.004

1, 9, 19, 4, 53.1299, 28.3114, 26.17, 26.17, 0.260, 1.372, 0.004

0, 9, 18, 0, 53.1299, 28.5614, 25.20, 26.66, 0.290, 1.399, 0.004

1, 9, 19, 0, 53.1299, 28.5614, 27.15, 26.66, 0.260, 1.367, 0.004

0, 9, 18, 1, 53.1299, 28.5614, 25.20, 26.66, 0.290, 1.395, 0.004

1, 9, 19, 1, 53.1299, 28.5614, 27.15, 26.66, 0.260, 1.372, 0.004

0, 9, 18, 2, 53.1299, 28.5614, 25.20, 26.66, 0.300, 1.395, 0.004

1, 9, 19, 2, 53.1299, 28.5614, 27.15, 26.66, 0.260, 1.371, 0.004

0, 9, 18, 3, 53.1299, 28.5614, 25.20, 26.66, 0.290, 1.387, 0.004

1, 9, 19, 3, 53.1299, 28.5614, 27.15, 26.66, 0.260, 1.367, 0.004

0, 9, 18, 4, 53.1299, 28.5614, 25.20, 26.66, 0.300, 1.388, 0.004

1, 9, 19, 4, 53.1299, 28.5614, 27.15, 26.66, 0.260, 1.367, 0.004

0, 9, 18, 0, 53.1299, 28.8114, 24.22, 26.66, 0.290, 1.394, 0.004

1, 9, 19, 0, 53.1299, 28.8114, 27.15, 26.66, 0.260, 1.374, 0.004

0, 9, 18, 1, 53.1299, 28.8114, 24.22, 26.66, 0.300, 1.391, 0.004

1, 9, 19, 1, 53.1299, 28.8114, 27.15, 26.66, 0.250, 1.369, 0.004

0, 9, 18, 2, 53.1299, 28.8114, 24.22, 26.66, 0.290, 1.391, 0.004

1, 9, 19, 2, 53.1299, 28.8114, 27.15, 26.66, 0.260, 1.374, 0.004

0, 9, 18, 3, 53.1299, 28.8114, 24.22, 26.66, 0.300, 1.397, 0.004

1, 9, 19, 3, 53.1299, 28.8114, 27.15, 26.66, 0.260, 1.366, 0.004

0, 9, 18, 4, 53.1299, 28.8114, 24.22, 26.66, 0.300, 1.392, 0.004

1, 9, 19, 4, 53.1299, 28.8114, 27.15, 26.66, 0.260, 1.368, 0.004

0, 9, 18, 0, 53.1299, 29.0614, 25.20, 25.68, 0.290, 1.399, 0.004

1, 9, 19, 0, 53.1299, 29.0614, 25.68, 25.68, 0.260, 1.360, 0.004

0, 9, 18, 1, 53.1299, 29.0614, 25.20, 25.68, 0.290, 1.400, 0.004

1, 9, 19, 1, 53.1299, 29.0614, 25.68, 25.68, 0.260, 1.366, 0.004

0, 9, 18, 2, 53.1299, 29.0614, 25.20, 25.68, 0.290, 1.386, 0.004

1, 9, 19, 2, 53.1299, 29.0614, 25.68, 25.68, 0.250, 1.370, 0.004

0, 9, 18, 3, 53.1299, 29.0614, 25.20, 25.68, 0.290, 1.398, 0.004

1, 9, 19, 3, 53.1299, 29.0614, 25.68, 25.68, 0.250, 1.369, 0.004

0, 9, 18, 4, 53.1299, 29.0614, 25.20, 25.68, 0.300, 1.392, 0.004

1, 9, 19, 4, 53.1299, 29.0614, 25.68, 25.68, 0.260, 1.368, 0.004

0, 9, 18, 0, 53.1299, 29.3114, 25.68, 26.17, 0.300, 1.397, 0.004

1, 9, 19, 0, 53.1299, 29.3114, 26.66, 26.17, 0.260, 1.359, 0.004

0, 9, 18, 1, 53.1299, 29.3114, 25.68, 26.17, 0.300, 1.394, 0.004

1, 9, 19, 1, 53.1299, 29.3114, 26.66, 26.17, 0.250, 1.372, 0.004

0, 9, 18, 2, 53.1299, 29.3114, 25.68, 26.17, 0.300, 1.396, 0.004

1, 9, 19, 2, 53.1299, 29.3114, 26.66, 26.17, 0.250, 1.365, 0.004

0, 9, 18, 3, 53.1299, 29.3114, 25.68, 26.17, 0.300, 1.391, 0.004

1, 9, 19, 3, 53.1299, 29.3114, 26.66, 26.17, 0.250, 1.371, 0.004

0, 9, 18, 4, 53.1299, 29.3114, 25.68, 26.17, 0.290, 1.391, 0.004

1, 9, 19, 4, 53.1299, 29.3114, 26.66, 26.17, 0.250, 1.375, 0.004

0, 9, 18, 0, 53.1299, 29.5614, 26.17, 26.66, 0.290, 1.401, 0.004

1, 9, 19, 0, 53.1299, 29.5614, 27.15, 26.66, 0.260, 1.365, 0.004

0, 9, 18, 1, 53.1299, 29.5614, 26.17, 26.66, 0.290, 1.394, 0.004

1, 9, 19, 1, 53.1299, 29.5614, 27.15, 26.66, 0.260, 1.366, 0.004

0, 9, 18, 2, 53.1299, 29.5614, 26.17, 26.66, 0.300, 1.396, 0.004

1, 9, 19, 2, 53.1299, 29.5614, 27.15, 26.66, 0.260, 1.377, 0.004

0, 9, 18, 3, 53.1299, 29.5614, 26.17, 26.66, 0.290, 1.394, 0.004

1, 9, 19, 3, 53.1299, 29.5614, 27.15, 26.66, 0.250, 1.364, 0.004

0, 9, 18, 4, 53.1299, 29.5614, 26.17, 26.66, 0.300, 1.385, 0.004

1, 9, 19, 4, 53.1299, 29.5614, 27.15, 26.66, 0.250, 1.373, 0.004

0, 9, 18, 0, 53.1299, 29.8114, 25.20, 26.17, 0.290, 1.394, 0.004

1, 9, 19, 0, 53.1299, 29.8114, 26.66, 26.17, 0.260, 1.371, 0.004

0, 9, 18, 1, 53.1299, 29.8114, 25.20, 26.17, 0.300, 1.397, 0.004

1, 9, 19, 1, 53.1299, 29.8114, 26.66, 26.17, 0.260, 1.360, 0.004

0, 9, 18, 2, 53.1299, 29.8114, 25.20, 26.17, 0.300, 1.388, 0.004

1, 9, 19, 2, 53.1299, 29.8114, 26.66, 26.17, 0.260, 1.363, 0.004

0, 9, 18, 3, 53.1299, 29.8114, 25.20, 26.17, 0.290, 1.398, 0.004

1, 9, 19, 3, 53.1299, 29.8114, 26.66, 26.17, 0.250, 1.379, 0.004

0, 9, 18, 4, 53.1299, 29.8114, 25.20, 26.17, 0.290, 1.400, 0.004

1, 9, 19, 4, 53.1299, 29.8114, 26.66, 26.17, 0.260, 1.359, 0.004

0, 9, 18, 0, 53.1299, 30.0614, 25.20, 26.17, 0.300, 1.396, 0.004

1, 9, 19, 0, 53.1299, 30.0614, 26.17, 26.17, 0.260, 1.371, 0.004

0, 9, 18, 1, 53.1299, 30.0614, 25.20, 26.17, 0.300, 1.395, 0.004

1, 9, 19, 1, 53.1299, 30.0614, 26.17, 26.17, 0.260, 1.372, 0.004

0, 9, 18, 2, 53.1299, 30.0614, 25.20, 26.17, 0.290, 1.395, 0.004

1, 9, 19, 2, 53.1299, 30.0614, 26.17, 26.17, 0.260, 1.372, 0.004

0, 9, 18, 3, 53.1299, 30.0614, 25.20, 26.17, 0.290, 1.393, 0.004

1, 9, 19, 3, 53.1299, 30.0614, 26.17, 26.17, 0.250, 1.374, 0.004

0, 9, 18, 4, 53.1299, 30.0614, 25.20, 26.17, 0.290, 1.392, 0.004

1, 9, 19, 4, 53.1299, 30.0614, 26.17, 26.17, 0.260, 1.367, 0.004

0, 9, 18, 0, 53.1299, 30.3114, 25.20, 26.17, 0.300, 1.392, 0.004

1, 9, 19, 0, 53.1299, 30.3114, 27.15, 26.17, 0.260, 1.368, 0.004

0, 9, 18, 1, 53.1299, 30.3114, 25.20, 26.17, 0.300, 1.390, 0.004

1, 9, 19, 1, 53.1299, 30.3114, 27.15, 26.17, 0.260, 1.375, 0.004

0, 9, 18, 2, 53.1299, 30.3114, 25.20, 26.17, 0.300, 1.393, 0.004

1, 9, 19, 2, 53.1299, 30.3114, 27.15, 26.17, 0.260, 1.368, 0.004

0, 9, 18, 3, 53.1299, 30.3114, 25.20, 26.17, 0.290, 1.394, 0.004

1, 9, 19, 3, 53.1299, 30.3114, 27.15, 26.17, 0.250, 1.374, 0.004

0, 9, 18, 4, 53.1299, 30.3114, 25.20, 26.17, 0.300, 1.391, 0.004

1, 9, 19, 4, 53.1299, 30.3114, 27.15, 26.17, 0.260, 1.365, 0.004

0, 9, 18, 0, 53.1299, 30.5614, 25.20, 25.68, 0.300, 1.384, 0.004

1, 9, 19, 0, 53.1299, 30.5614, 26.66, 25.68, 0.260, 1.365, 0.004

0, 9, 18, 1, 53.1299, 30.5614, 25.20, 25.68, 0.300, 1.390, 0.004

1, 9, 19, 1, 53.1299, 30.5614, 26.66, 25.68, 0.260, 1.367, 0.004

0, 9, 18, 2, 53.1299, 30.5614, 25.20, 25.68, 0.300, 1.390, 0.004

1, 9, 19, 2, 53.1299, 30.5614, 26.66, 25.68, 0.250, 1.363, 0.004

0, 9, 18, 3, 53.1299, 30.5614, 25.20, 25.68, 0.300, 1.394, 0.004

1, 9, 19, 3, 53.1299, 30.5614, 26.66, 25.68, 0.260, 1.373, 0.004

0, 9, 18, 4, 53.1299, 30.5614, 25.20, 25.68, 0.300, 1.388, 0.004

1, 9, 19, 4, 53.1299, 30.5614, 26.66, 25.68, 0.260, 1.361, 0.004

0, 9, 18, 0, 53.1299, 30.8114, 25.68, 25.68, 0.300, 1.398, 0.004

1, 9, 19, 0, 53.1299, 30.8114, 27.15, 25.68, 0.260, 1.362, 0.004

0, 9, 18, 1, 53.1299, 30.8114, 25.68, 25.68, 0.300, 1.400, 0.004

1, 9, 19, 1, 53.1299, 30.8114, 27.15, 25.68, 0.260, 1.369, 0.004

0, 9, 18, 2, 53.1299, 30.8114, 25.68, 25.68, 0.290, 1.394, 0.004

1, 9, 19, 2, 53.1299, 30.8114, 27.15, 25.68, 0.250, 1.371, 0.004

0, 9, 18, 3, 53.1299, 30.8114, 25.68, 25.68, 0.300, 1.397, 0.004

1, 9, 19, 3, 53.1299, 30.8114, 27.15, 25.68, 0.250, 1.365, 0.004

0, 9, 18, 4, 53.1299, 30.8114, 25.68, 25.68, 0.300, 1.380, 0.004

1, 9, 19, 4, 53.1299, 30.8114, 27.15, 25.68, 0.260, 1.366, 0.004

0, 9, 18, 0, 53.1299, 31.0614, 30.57, 26.17, 0.290, 1.389, 0.004

1, 9, 19, 0, 53.1299, 31.0614, 27.15, 26.17, 0.260, 1.367, 0.004

0, 9, 18, 1, 53.1299, 31.0614, 30.57, 26.17, 0.290, 1.394, 0.004

1, 9, 19, 1, 53.1299, 31.0614, 27.15, 26.17, 0.260, 1.370, 0.004

0, 9, 18, 2, 53.1299, 31.0614, 30.57, 26.17, 0.300, 1.390, 0.004

1, 9, 19, 2, 53.1299, 31.0614, 27.15, 26.17, 0.260, 1.366, 0.004

0, 9, 18, 3, 53.1299, 31.0614, 30.57, 26.17, 0.300, 1.397, 0.004

1, 9, 19, 3, 53.1299, 31.0614, 27.15, 26.17, 0.260, 1.370, 0.004

0, 9, 18, 4, 53.1299, 31.0614, 30.57, 26.17, 0.290, 1.379, 0.004

1, 9, 19, 4, 53.1299, 31.0614, 27.15, 26.17, 0.260, 1.371, 0.004

0, 9, 18, 0, 53.1299, 31.3114, 26.66, 25.68, 0.300, 1.385, 0.004

1, 9, 19, 0, 53.1299, 31.3114, 26.66, 25.68, 0.260, 1.369, 0.004

0, 9, 18, 1, 53.1299, 31.3114, 26.66, 25.68, 0.300, 1.401, 0.004

1, 9, 19, 1, 53.1299, 31.3114, 26.66, 25.68, 0.250, 1.363, 0.004

0, 9, 18, 2, 53.1299, 31.3114, 26.66, 25.68, 0.300, 1.393, 0.004

1, 9, 19, 2, 53.1299, 31.3114, 26.66, 25.68, 0.260, 1.367, 0.004

0, 9, 18, 3, 53.1299, 31.3114, 26.66, 25.68, 0.290, 1.393, 0.004

1, 9, 19, 3, 53.1299, 31.3114, 26.66, 25.68, 0.260, 1.365, 0.004

0, 9, 18, 4, 53.1299, 31.3114, 26.66, 25.68, 0.300, 1.399, 0.004

1, 9, 19, 4, 53.1299, 31.3114, 26.66, 25.68, 0.260, 1.369, 0.004

0, 9, 18, 0, 53.1299, 31.5614, 25.20, 26.17, 0.300, 1.395, 0.004

1, 9, 19, 0, 53.1299, 31.5614, 26.66, 26.17, 0.250, 1.366, 0.004

0, 9, 18, 1, 53.1299, 31.5614, 25.20, 26.17, 0.300, 1.393, 0.004

1, 9, 19, 1, 53.1299, 31.5614, 26.66, 26.17, 0.260, 1.363, 0.004

0, 9, 18, 2, 53.1299, 31.5614, 25.20, 26.17, 0.290, 1.390, 0.004

1, 9, 19, 2, 53.1299, 31.5614, 26.66, 26.17, 0.260, 1.358, 0.004

0, 9, 18, 3, 53.1299, 31.5614, 25.20, 26.17, 0.300, 1.401, 0.004

1, 9, 19, 3, 53.1299, 31.5614, 26.66, 26.17, 0.250, 1.368, 0.004

0, 9, 18, 4, 53.1299, 31.5614, 25.20, 26.17, 0.290, 1.391, 0.004

1, 9, 19, 4, 53.1299, 31.5614, 26.66, 26.17, 0.260, 1.379, 0.004

0, 9, 18, 0, 53.1299, 31.8114, 25.68, 26.17, 0.300, 1.393, 0.004

1, 9, 19, 0, 53.1299, 31.8114, 26.17, 26.17, 0.260, 1.365, 0.004

0, 9, 18, 1, 53.1299, 31.8114, 25.68, 26.17, 0.290, 1.389, 0.004

1, 9, 19, 1, 53.1299, 31.8114, 26.17, 26.17, 0.260, 1.370, 0.004

0, 9, 18, 2, 53.1299, 31.8114, 25.68, 26.17, 0.290, 1.391, 0.004

1, 9, 19, 2, 53.1299, 31.8114, 26.17, 26.17, 0.250, 1.364, 0.004

0, 9, 18, 3, 53.1299, 31.8114, 25.68, 26.17, 0.300, 1.401, 0.004

1, 9, 19, 3, 53.1299, 31.8114, 26.17, 26.17, 0.260, 1.369, 0.004

0, 9, 18, 4, 53.1299, 31.8114, 25.68, 26.17, 0.290, 1.379, 0.004

1, 9, 19, 4, 53.1299, 31.8114, 26.17, 26.17, 0.250, 1.360, 0.004

0, 9, 18, 0, 0, 0, 27.15, 26.66, 0.260, 1.396, 0.004

1, 9, 19, 0, 0, 0, 27.15, 26.66, 0.250, 1.367, 0.004

0, 9, 18, 1, 0, 0, 27.15, 26.66, 0.260, 1.394, 0.004

1, 9, 19, 1, 0, 0, 27.15, 26.66, 0.260, 1.369, 0.004

0, 9, 18, 2, 0, 0, 27.15, 26.66, 0.260, 1.398, 0.004

1, 9, 19, 2, 0, 0, 27.15, 26.66, 0.260, 1.367, 0.004

0, 9, 18, 3, 0, 0, 27.15, 26.66, 0.260, 1.395, 0.004

1, 9, 19, 3, 0, 0, 27.15, 26.66, 0.260, 1.373, 0.004

0, 9, 18, 4, 0, 0, 27.15, 26.66, 0.260, 1.394, 0.004

1, 9, 19, 4, 0, 0, 27.15, 26.66, 0.250, 1.363, 0.004

0, 9, 18, 0, 53.1299, 32.0614, 30.57, 25.68, 0.290, 1.390, 0.004

1, 9, 19, 0, 53.1299, 32.0614, 27.15, 25.68, 0.250, 1.370, 0.004

0, 9, 18, 1, 53.1299, 32.0614, 30.57, 25.68, 0.300, 1.396, 0.004

1, 9, 19, 1, 53.1299, 32.0614, 27.15, 25.68, 0.260, 1.367, 0.004

0, 9, 18, 2, 53.1299, 32.0614, 30.57, 25.68, 0.300, 1.387, 0.004

1, 9, 19, 2, 53.1299, 32.0614, 27.15, 25.68, 0.260, 1.371, 0.004

0, 9, 18, 3, 53.1299, 32.0614, 30.57, 25.68, 0.300, 1.386, 0.004

1, 9, 19, 3, 53.1299, 32.0614, 27.15, 25.68, 0.260, 1.366, 0.004

0, 9, 18, 4, 53.1299, 32.0614, 30.57, 25.68, 0.300, 1.392, 0.004

1, 9, 19, 4, 53.1299, 32.0614, 27.15, 25.68, 0.250, 1.369, 0.004

0, 9, 18, 0, 53.1299, 32.3114, 27.15, 26.66, 0.290, 1.393, 0.004

1, 9, 19, 0, 53.1299, 32.3114, 27.15, 26.66, 0.260, 1.369, 0.004

0, 9, 18, 1, 53.1299, 32.3114, 27.15, 26.66, 0.300, 1.393, 0.004

1, 9, 19, 1, 53.1299, 32.3114, 27.15, 26.66, 0.250, 1.371, 0.004

0, 9, 18, 2, 53.1299, 32.3114, 27.15, 26.66, 0.290, 1.396, 0.004

1, 9, 19, 2, 53.1299, 32.3114, 27.15, 26.66, 0.260, 1.366, 0.004

0, 9, 18, 3, 53.1299, 32.3114, 27.15, 26.66, 0.300, 1.403, 0.004

1, 9, 19, 3, 53.1299, 32.3114, 27.15, 26.66, 0.260, 1.372, 0.004

0, 9, 18, 4, 53.1299, 32.3114, 27.15, 26.66, 0.290, 1.398, 0.004

1, 9, 19, 4, 53.1299, 32.3114, 27.15, 26.66, 0.250, 1.368, 0.004

0, 9, 18, 0, 53.1299, 32.5614, 26.17, 26.66, 0.300, 1.396, 0.004

1, 9, 19, 0, 53.1299, 32.5614, 28.61, 26.66, 0.260, 1.375, 0.004

0, 9, 18, 1, 53.1299, 32.5614, 26.17, 26.66, 0.300, 1.398, 0.004

1, 9, 19, 1, 53.1299, 32.5614, 28.61, 26.66, 0.250, 1.375, 0.004

0, 9, 18, 2, 53.1299, 32.5614, 26.17, 26.66, 0.300, 1.403, 0.004

1, 9, 19, 2, 53.1299, 32.5614, 28.61, 26.66, 0.250, 1.359, 0.004

0, 9, 18, 3, 53.1299, 32.5614, 26.17, 26.66, 0.300, 1.393, 0.004

1, 9, 19, 3, 53.1299, 32.5614, 28.61, 26.66, 0.260, 1.373, 0.004

0, 9, 18, 4, 53.1299, 32.5614, 26.17, 26.66, 0.300, 1.390, 0.004

1, 9, 19, 4, 53.1299, 32.5614, 28.61, 26.66, 0.260, 1.367, 0.004

0, 9, 18, 0, 53.1299, 32.8114, 27.15, 28.61, 0.290, 1.395, 0.004

1, 9, 19, 0, 53.1299, 32.8114, 26.66, 28.61, 0.260, 1.371, 0.004

0, 9, 18, 1, 53.1299, 32.8114, 27.15, 28.61, 0.300, 1.394, 0.004

1, 9, 19, 1, 53.1299, 32.8114, 26.66, 28.61, 0.250, 1.378, 0.004

0, 9, 18, 2, 53.1299, 32.8114, 27.15, 28.61, 0.290, 1.397, 0.004

1, 9, 19, 2, 53.1299, 32.8114, 26.66, 28.61, 0.260, 1.366, 0.004

0, 9, 18, 3, 53.1299, 32.8114, 27.15, 28.61, 0.300, 1.387, 0.004

1, 9, 19, 3, 53.1299, 32.8114, 26.66, 28.61, 0.250, 1.371, 0.004

0, 9, 18, 4, 53.1299, 32.8114, 27.15, 28.61, 0.300, 1.397, 0.004

1, 9, 19, 4, 53.1299, 32.8114, 26.66, 28.61, 0.250, 1.374, 0.004

0, 9, 18, 0, 53.1299, 33.0614, 26.17, 24.71, 0.290, 1.396, 0.004

1, 9, 19, 0, 53.1299, 33.0614, 26.66, 24.71, 0.250, 1.364, 0.004

0, 9, 18, 1, 53.1299, 33.0614, 26.17, 24.71, 0.300, 1.393, 0.004

1, 9, 19, 1, 53.1299, 33.0614, 26.66, 24.71, 0.250, 1.369, 0.004

0, 9, 18, 2, 53.1299, 33.0614, 26.17, 24.71, 0.290, 1.396, 0.004

1, 9, 19, 2, 53.1299, 33.0614, 26.66, 24.71, 0.260, 1.365, 0.004

0, 9, 18, 3, 53.1299, 33.0614, 26.17, 24.71, 0.290, 1.397, 0.004

1, 9, 19, 3, 53.1299, 33.0614, 26.66, 24.71, 0.250, 1.367, 0.004

0, 9, 18, 4, 53.1299, 33.0614, 26.17, 24.71, 0.300, 1.385, 0.004

1, 9, 19, 4, 53.1299, 33.0614, 26.66, 24.71, 0.260, 1.368, 0.004

0, 9, 18, 0, 53.1299, 33.3114, 26.66, 26.17, 0.290, 1.398, 0.004

1, 9, 19, 0, 53.1299, 33.3114, 26.66, 26.17, 0.260, 1.371, 0.004

0, 9, 18, 1, 53.1299, 33.3114, 26.66, 26.17, 0.300, 1.382, 0.004

1, 9, 19, 1, 53.1299, 33.3114, 26.66, 26.17, 0.260, 1.368, 0.004

0, 9, 18, 2, 53.1299, 33.3114, 26.66, 26.17, 0.300, 1.391, 0.004

1, 9, 19, 2, 53.1299, 33.3114, 26.66, 26.17, 0.250, 1.368, 0.004

0, 9, 18, 3, 53.1299, 33.3114, 26.66, 26.17, 0.300, 1.394, 0.004

1, 9, 19, 3, 53.1299, 33.3114, 26.66, 26.17, 0.260, 1.373, 0.004

0, 9, 18, 4, 53.1299, 33.3114, 26.66, 26.17, 0.300, 1.385, 0.004

1, 9, 19, 4, 53.1299, 33.3114, 26.66, 26.17, 0.250, 1.366, 0.004

0, 9, 18, 0, 53.1299, 33.5614, 24.71, 26.17, 0.300, 1.393, 0.004

1, 9, 19, 0, 53.1299, 33.5614, 27.15, 26.17, 0.260, 1.368, 0.004

0, 9, 18, 1, 53.1299, 33.5614, 24.71, 26.17, 0.290, 1.388, 0.004

1, 9, 19, 1, 53.1299, 33.5614, 27.15, 26.17, 0.260, 1.365, 0.004

0, 9, 18, 2, 53.1299, 33.5614, 24.71, 26.17, 0.300, 1.398, 0.004

1, 9, 19, 2, 53.1299, 33.5614, 27.15, 26.17, 0.260, 1.366, 0.004

0, 9, 18, 3, 53.1299, 33.5614, 24.71, 26.17, 0.300, 1.395, 0.004

1, 9, 19, 3, 53.1299, 33.5614, 27.15, 26.17, 0.260, 1.371, 0.004

0, 9, 18, 4, 53.1299, 33.5614, 24.71, 26.17, 0.300, 1.391, 0.004

1, 9, 19, 4, 53.1299, 33.5614, 27.15, 26.17, 0.260, 1.374, 0.004

0, 9, 18, 0, 53.1299, 33.8114, 23.73, 26.17, 0.300, 1.389, 0.004

1, 9, 19, 0, 53.1299, 33.8114, 26.66, 26.17, 0.260, 1.370, 0.004

0, 9, 18, 1, 53.1299, 33.8114, 23.73, 26.17, 0.300, 1.400, 0.004

1, 9, 19, 1, 53.1299, 33.8114, 26.66, 26.17, 0.260, 1.373, 0.004

0, 9, 18, 2, 53.1299, 33.8114, 23.73, 26.17, 0.300, 1.398, 0.004

1, 9, 19, 2, 53.1299, 33.8114, 26.66, 26.17, 0.250, 1.378, 0.004

0, 9, 18, 3, 53.1299, 33.8114, 23.73, 26.17, 0.300, 1.404, 0.004

1, 9, 19, 3, 53.1299, 33.8114, 26.66, 26.17, 0.250, 1.365, 0.004

0, 9, 18, 4, 53.1299, 33.8114, 23.73, 26.17, 0.300, 1.392, 0.004

1, 9, 19, 4, 53.1299, 33.8114, 26.66, 26.17, 0.260, 1.369, 0.004

0, 9, 18, 0, 53.1299, 34.0614, 24.71, 26.17, 0.300, 1.390, 0.004

1, 9, 19, 0, 53.1299, 34.0614, 26.17, 26.17, 0.250, 1.367, 0.004

0, 9, 18, 1, 53.1299, 34.0614, 24.71, 26.17, 0.300, 1.393, 0.004

1, 9, 19, 1, 53.1299, 34.0614, 26.17, 26.17, 0.260, 1.370, 0.004

0, 9, 18, 2, 53.1299, 34.0614, 24.71, 26.17, 0.290, 1.399, 0.004

1, 9, 19, 2, 53.1299, 34.0614, 26.17, 26.17, 0.260, 1.364, 0.004

0, 9, 18, 3, 53.1299, 34.0614, 24.71, 26.17, 0.290, 1.397, 0.004

1, 9, 19, 3, 53.1299, 34.0614, 26.17, 26.17, 0.250, 1.364, 0.004

0, 9, 18, 4, 53.1299, 34.0614, 24.71, 26.17, 0.300, 1.393, 0.004

1, 9, 19, 4, 53.1299, 34.0614, 26.17, 26.17, 0.260, 1.364, 0.004

0, 9, 18, 0, 53.1299, 34.3114, 26.17, 25.20, 0.300, 1.387, 0.004

1, 9, 19, 0, 53.1299, 34.3114, 27.15, 25.20, 0.250, 1.374, 0.004

0, 9, 18, 1, 53.1299, 34.3114, 26.17, 25.20, 0.300, 1.397, 0.004

1, 9, 19, 1, 53.1299, 34.3114, 27.15, 25.20, 0.250, 1.356, 0.004

0, 9, 18, 2, 53.1299, 34.3114, 26.17, 25.20, 0.300, 1.388, 0.004

1, 9, 19, 2, 53.1299, 34.3114, 27.15, 25.20, 0.250, 1.366, 0.004

0, 9, 18, 3, 53.1299, 34.3114, 26.17, 25.20, 0.300, 1.390, 0.004

1, 9, 19, 3, 53.1299, 34.3114, 27.15, 25.20, 0.260, 1.372, 0.004

0, 9, 18, 4, 53.1299, 34.3114, 26.17, 25.20, 0.300, 1.393, 0.004

1, 9, 19, 4, 53.1299, 34.3114, 27.15, 25.20, 0.260, 1.370, 0.004

0, 9, 18, 0, 53.1299, 34.5614, 26.17, 26.66, 0.290, 1.388, 0.004

1, 9, 19, 0, 53.1299, 34.5614, 27.15, 26.66, 0.250, 1.364, 0.004

0, 9, 18, 1, 53.1299, 34.5614, 26.17, 26.66, 0.300, 1.382, 0.004

1, 9, 19, 1, 53.1299, 34.5614, 27.15, 26.66, 0.250, 1.376, 0.004

0, 9, 18, 2, 53.1299, 34.5614, 26.17, 26.66, 0.300, 1.386, 0.004

1, 9, 19, 2, 53.1299, 34.5614, 27.15, 26.66, 0.260, 1.371, 0.004

0, 9, 18, 3, 53.1299, 34.5614, 26.17, 26.66, 0.300, 1.397, 0.004

1, 9, 19, 3, 53.1299, 34.5614, 27.15, 26.66, 0.260, 1.375, 0.004

0, 9, 18, 4, 53.1299, 34.5614, 26.17, 26.66, 0.300, 1.398, 0.004

1, 9, 19, 4, 53.1299, 34.5614, 27.15, 26.66, 0.260, 1.371, 0.004

0, 9, 18, 0, 53.1299, 34.8114, 25.20, 26.66, 0.300, 1.391, 0.004

1, 9, 19, 0, 53.1299, 34.8114, 27.15, 26.66, 0.250, 1.368, 0.004

0, 9, 18, 1, 53.1299, 34.8114, 25.20, 26.66, 0.300, 1.393, 0.004

1, 9, 19, 1, 53.1299, 34.8114, 27.15, 26.66, 0.250, 1.365, 0.004

0, 9, 18, 2, 53.1299, 34.8114, 25.20, 26.66, 0.290, 1.393, 0.004

1, 9, 19, 2, 53.1299, 34.8114, 27.15, 26.66, 0.250, 1.365, 0.004

0, 9, 18, 3, 53.1299, 34.8114, 25.20, 26.66, 0.290, 1.392, 0.004

1, 9, 19, 3, 53.1299, 34.8114, 27.15, 26.66, 0.260, 1.369, 0.004

0, 9, 18, 4, 53.1299, 34.8114, 25.20, 26.66, 0.300, 1.394, 0.004

1, 9, 19, 4, 53.1299, 34.8114, 27.15, 26.66, 0.250, 1.372, 0.004

0, 9, 18, 0, 53.1299, 35.0614, 25.20, 26.66, 0.290, 1.394, 0.004

1, 9, 19, 0, 53.1299, 35.0614, 26.17, 26.66, 0.250, 1.370, 0.004

0, 9, 18, 1, 53.1299, 35.0614, 25.20, 26.66, 0.300, 1.393, 0.004

1, 9, 19, 1, 53.1299, 35.0614, 26.17, 26.66, 0.260, 1.367, 0.004

0, 9, 18, 2, 53.1299, 35.0614, 25.20, 26.66, 0.300, 1.381, 0.004

1, 9, 19, 2, 53.1299, 35.0614, 26.17, 26.66, 0.250, 1.365, 0.004

0, 9, 18, 3, 53.1299, 35.0614, 25.20, 26.66, 0.300, 1.398, 0.004

1, 9, 19, 3, 53.1299, 35.0614, 26.17, 26.66, 0.260, 1.373, 0.004

0, 9, 18, 4, 53.1299, 35.0614, 25.20, 26.66, 0.290, 1.399, 0.004

1, 9, 19, 4, 53.1299, 35.0614, 26.17, 26.66, 0.250, 1.373, 0.004

0, 9, 18, 0, 53.1299, 35.3114, 25.20, 25.20, 0.290, 1.387, 0.004

1, 9, 19, 0, 53.1299, 35.3114, 27.15, 25.20, 0.250, 1.373, 0.004

0, 9, 18, 1, 53.1299, 35.3114, 25.20, 25.20, 0.290, 1.387, 0.004

1, 9, 19, 1, 53.1299, 35.3114, 27.15, 25.20, 0.260, 1.369, 0.004

0, 9, 18, 2, 53.1299, 35.3114, 25.20, 25.20, 0.300, 1.399, 0.004

1, 9, 19, 2, 53.1299, 35.3114, 27.15, 25.20, 0.260, 1.371, 0.004

0, 9, 18, 3, 53.1299, 35.3114, 25.20, 25.20, 0.300, 1.388, 0.004

1, 9, 19, 3, 53.1299, 35.3114, 27.15, 25.20, 0.260, 1.368, 0.004

0, 9, 18, 4, 53.1299, 35.3114, 25.20, 25.20, 0.300, 1.384, 0.004

1, 9, 19, 4, 53.1299, 35.3114, 27.15, 25.20, 0.250, 1.362, 0.004

0, 9, 18, 0, 53.1299, 35.5614, 25.20, 26.66, 0.290, 1.390, 0.004

1, 9, 19, 0, 53.1299, 35.5614, 26.17, 26.66, 0.260, 1.359, 0.004

0, 9, 18, 1, 53.1299, 35.5614, 25.20, 26.66, 0.290, 1.395, 0.004

1, 9, 19, 1, 53.1299, 35.5614, 26.17, 26.66, 0.260, 1.365, 0.004

0, 9, 18, 2, 53.1299, 35.5614, 25.20, 26.66, 0.290, 1.394, 0.004

1, 9, 19, 2, 53.1299, 35.5614, 26.17, 26.66, 0.260, 1.372, 0.004

0, 9, 18, 3, 53.1299, 35.5614, 25.20, 26.66, 0.300, 1.395, 0.004

1, 9, 19, 3, 53.1299, 35.5614, 26.17, 26.66, 0.250, 1.362, 0.004

0, 9, 18, 4, 53.1299, 35.5614, 25.20, 26.66, 0.300, 1.397, 0.004

1, 9, 19, 4, 53.1299, 35.5614, 26.17, 26.66, 0.250, 1.364, 0.004

0, 9, 18, 0, 53.1299, 35.8114, 25.20, 25.20, 0.290, 1.397, 0.004

1, 9, 19, 0, 53.1299, 35.8114, 26.17, 25.20, 0.260, 1.382, 0.004

0, 9, 18, 1, 53.1299, 35.8114, 25.20, 25.20, 0.300, 1.393, 0.004

1, 9, 19, 1, 53.1299, 35.8114, 26.17, 25.20, 0.260, 1.364, 0.004

0, 9, 18, 2, 53.1299, 35.8114, 25.20, 25.20, 0.290, 1.387, 0.004

1, 9, 19, 2, 53.1299, 35.8114, 26.17, 25.20, 0.250, 1.370, 0.004

0, 9, 18, 3, 53.1299, 35.8114, 25.20, 25.20, 0.290, 1.390, 0.004

1, 9, 19, 3, 53.1299, 35.8114, 26.17, 25.20, 0.250, 1.372, 0.004

0, 9, 18, 4, 53.1299, 35.8114, 25.20, 25.20, 0.290, 1.399, 0.004

1, 9, 19, 4, 53.1299, 35.8114, 26.17, 25.20, 0.260, 1.364, 0.004

0, 9, 18, 0, 0, 0, 25.68, 26.66, 0.260, 1.386, 0.004

1, 9, 19, 0, 0, 0, 27.64, 26.66, 0.250, 1.369, 0.004

0, 9, 18, 1, 0, 0, 25.68, 26.66, 0.260, 1.397, 0.004

1, 9, 19, 1, 0, 0, 27.64, 26.66, 0.260, 1.367, 0.004

0, 9, 18, 2, 0, 0, 25.68, 26.66, 0.260, 1.390, 0.004

1, 9, 19, 2, 0, 0, 27.64, 26.66, 0.260, 1.373, 0.004

0, 9, 18, 3, 0, 0, 25.68, 26.66, 0.260, 1.393, 0.004

1, 9, 19, 3, 0, 0, 27.64, 26.66, 0.260, 1.369, 0.004

0, 9, 18, 4, 0, 0, 25.68, 26.66, 0.260, 1.388, 0.004

1, 9, 19, 4, 0, 0, 27.64, 26.66, 0.260, 1.372, 0.004

0, 9, 18, 0, 53.1299, 36.0614, 24.22, 26.17, 0.290, 1.391, 0.004

1, 9, 19, 0, 53.1299, 36.0614, 26.66, 26.17, 0.260, 1.365, 0.004

0, 9, 18, 1, 53.1299, 36.0614, 24.22, 26.17, 0.290, 1.393, 0.004

1, 9, 19, 1, 53.1299, 36.0614, 26.66, 26.17, 0.260, 1.361, 0.004

0, 9, 18, 2, 53.1299, 36.0614, 24.22, 26.17, 0.290, 1.403, 0.004

1, 9, 19, 2, 53.1299, 36.0614, 26.66, 26.17, 0.260, 1.373, 0.004

0, 9, 18, 3, 53.1299, 36.0614, 24.22, 26.17, 0.290, 1.392, 0.004

1, 9, 19, 3, 53.1299, 36.0614, 26.66, 26.17, 0.260, 1.365, 0.004

0, 9, 18, 4, 53.1299, 36.0614, 24.22, 26.17, 0.290, 1.385, 0.004

1, 9, 19, 4, 53.1299, 36.0614, 26.66, 26.17, 0.260, 1.375, 0.004

0, 9, 18, 0, 53.1299, 36.3114, 25.68, 27.64, 0.290, 1.397, 0.004

1, 9, 19, 0, 53.1299, 36.3114, 27.15, 27.64, 0.260, 1.374, 0.004

0, 9, 18, 1, 53.1299, 36.3114, 25.68, 27.64, 0.290, 1.400, 0.004

1, 9, 19, 1, 53.1299, 36.3114, 27.15, 27.64, 0.260, 1.374, 0.004

0, 9, 18, 2, 53.1299, 36.3114, 25.68, 27.64, 0.290, 1.387, 0.004

1, 9, 19, 2, 53.1299, 36.3114, 27.15, 27.64, 0.260, 1.377, 0.004

0, 9, 18, 3, 53.1299, 36.3114, 25.68, 27.64, 0.290, 1.398, 0.004

1, 9, 19, 3, 53.1299, 36.3114, 27.15, 27.64, 0.260, 1.364, 0.004

0, 9, 18, 4, 53.1299, 36.3114, 25.68, 27.64, 0.290, 1.395, 0.004

1, 9, 19, 4, 53.1299, 36.3114, 27.15, 27.64, 0.260, 1.363, 0.004

0, 9, 18, 0, 53.1299, 36.5614, 25.68, 27.64, 0.290, 1.389, 0.004

1, 9, 19, 0, 53.1299, 36.5614, 26.66, 27.64, 0.250, 1.369, 0.004

0, 9, 18, 1, 53.1299, 36.5614, 25.68, 27.64, 0.290, 1.394, 0.004

1, 9, 19, 1, 53.1299, 36.5614, 26.66, 27.64, 0.260, 1.366, 0.004

0, 9, 18, 2, 53.1299, 36.5614, 25.68, 27.64, 0.290, 1.391, 0.004

1, 9, 19, 2, 53.1299, 36.5614, 26.66, 27.64, 0.260, 1.376, 0.004

0, 9, 18, 3, 53.1299, 36.5614, 25.68, 27.64, 0.290, 1.395, 0.004

1, 9, 19, 3, 53.1299, 36.5614, 26.66, 27.64, 0.250, 1.370, 0.004

0, 9, 18, 4, 53.1299, 36.5614, 25.68, 27.64, 0.290, 1.394, 0.004

1, 9, 19, 4, 53.1299, 36.5614, 26.66, 27.64, 0.260, 1.373, 0.004

0, 9, 18, 0, 53.1299, 36.8114, 26.66, 26.66, 0.290, 1.396, 0.004

1, 9, 19, 0, 53.1299, 36.8114, 26.66, 26.66, 0.260, 1.376, 0.004

0, 9, 18, 1, 53.1299, 36.8114, 26.66, 26.66, 0.290, 1.395, 0.004

1, 9, 19, 1, 53.1299, 36.8114, 26.66, 26.66, 0.260, 1.383, 0.004

0, 9, 18, 2, 53.1299, 36.8114, 26.66, 26.66, 0.290, 1.396, 0.004

1, 9, 19, 2, 53.1299, 36.8114, 26.66, 26.66, 0.250, 1.363, 0.004

0, 9, 18, 3, 53.1299, 36.8114, 26.66, 26.66, 0.290, 1.399, 0.004

1, 9, 19, 3, 53.1299, 36.8114, 26.66, 26.66, 0.260, 1.364, 0.004

0, 9, 18, 4, 53.1299, 36.8114, 26.66, 26.66, 0.300, 1.395, 0.004

1, 9, 19, 4, 53.1299, 36.8114, 26.66, 26.66, 0.250, 1.378, 0.004

0, 9, 18, 0, 53.1299, 37.0614, 25.20, 25.20, 0.290, 1.393, 0.004

1, 9, 19, 0, 53.1299, 37.0614, 25.68, 25.20, 0.260, 1.367, 0.004

0, 9, 18, 1, 53.1299, 37.0614, 25.20, 25.20, 0.300, 1.383, 0.004

1, 9, 19, 1, 53.1299, 37.0614, 25.68, 25.20, 0.260, 1.372, 0.004

0, 9, 18, 2, 53.1299, 37.0614, 25.20, 25.20, 0.300, 1.384, 0.004

1, 9, 19, 2, 53.1299, 37.0614, 25.68, 25.20, 0.260, 1.368, 0.004

0, 9, 18, 3, 53.1299, 37.0614, 25.20, 25.20, 0.290, 1.388, 0.004

1, 9, 19, 3, 53.1299, 37.0614, 25.68, 25.20, 0.250, 1.368, 0.004

0, 9, 18, 4, 53.1299, 37.0614, 25.20, 25.20, 0.300, 1.390, 0.004

1, 9, 19, 4, 53.1299, 37.0614, 25.68, 25.20, 0.250, 1.366, 0.004

0, 9, 18, 0, 53.1299, 37.3114, 25.68, 25.68, 0.290, 1.390, 0.004

1, 9, 19, 0, 53.1299, 37.3114, 26.66, 25.68, 0.250, 1.372, 0.004

0, 9, 18, 1, 53.1299, 37.3114, 25.68, 25.68, 0.300, 1.398, 0.004

1, 9, 19, 1, 53.1299, 37.3114, 26.66, 25.68, 0.260, 1.367, 0.004

0, 9, 18, 2, 53.1299, 37.3114, 25.68, 25.68, 0.290, 1.398, 0.004

1, 9, 19, 2, 53.1299, 37.3114, 26.66, 25.68, 0.260, 1.364, 0.004

0, 9, 18, 3, 53.1299, 37.3114, 25.68, 25.68, 0.290, 1.398, 0.004

1, 9, 19, 3, 53.1299, 37.3114, 26.66, 25.68, 0.250, 1.373, 0.004

0, 9, 18, 4, 53.1299, 37.3114, 25.68, 25.68, 0.290, 1.395, 0.004

1, 9, 19, 4, 53.1299, 37.3114, 26.66, 25.68, 0.260, 1.374, 0.004

0, 9, 18, 0, 53.1299, 37.5614, 26.17, 26.66, 0.290, 1.399, 0.004

1, 9, 19, 0, 53.1299, 37.5614, 26.17, 26.66, 0.250, 1.370, 0.004

0, 9, 18, 1, 53.1299, 37.5614, 26.17, 26.66, 0.290, 1.393, 0.004

1, 9, 19, 1, 53.1299, 37.5614, 26.17, 26.66, 0.260, 1.360, 0.004

0, 9, 18, 2, 53.1299, 37.5614, 26.17, 26.66, 0.290, 1.398, 0.004

1, 9, 19, 2, 53.1299, 37.5614, 26.17, 26.66, 0.260, 1.375, 0.004

0, 9, 18, 3, 53.1299, 37.5614, 26.17, 26.66, 0.300, 1.392, 0.004

1, 9, 19, 3, 53.1299, 37.5614, 26.17, 26.66, 0.260, 1.371, 0.004

0, 9, 18, 4, 53.1299, 37.5614, 26.17, 26.66, 0.290, 1.393, 0.004

1, 9, 19, 4, 53.1299, 37.5614, 26.17, 26.66, 0.250, 1.362, 0.004

0, 9, 18, 0, 53.1299, 37.8114, 25.68, 25.68, 0.290, 1.386, 0.004

1, 9, 19, 0, 53.1299, 37.8114, 26.66, 25.68, 0.260, 1.365, 0.004

0, 9, 18, 1, 53.1299, 37.8114, 25.68, 25.68, 0.290, 1.394, 0.004

1, 9, 19, 1, 53.1299, 37.8114, 26.66, 25.68, 0.260, 1.375, 0.004

0, 9, 18, 2, 53.1299, 37.8114, 25.68, 25.68, 0.290, 1.384, 0.004

1, 9, 19, 2, 53.1299, 37.8114, 26.66, 25.68, 0.250, 1.371, 0.004

0, 9, 18, 3, 53.1299, 37.8114, 25.68, 25.68, 0.290, 1.398, 0.004

1, 9, 19, 3, 53.1299, 37.8114, 26.66, 25.68, 0.260, 1.368, 0.004

0, 9, 18, 4, 53.1299, 37.8114, 25.68, 25.68, 0.290, 1.393, 0.004

1, 9, 19, 4, 53.1299, 37.8114, 26.66, 25.68, 0.260, 1.365, 0.004

0, 9, 18, 0, 53.1299, 38.0614, 25.68, 25.68, 0.280, 1.395, 0.004

1, 9, 19, 0, 53.1299, 38.0614, 27.15, 25.68, 0.250, 1.376, 0.004

0, 9, 18, 1, 53.1299, 38.0614, 25.68, 25.68, 0.280, 1.396, 0.004

1, 9, 19, 1, 53.1299, 38.0614, 27.15, 25.68, 0.250, 1.373, 0.004

0, 9, 18, 2, 53.1299, 38.0614, 25.68, 25.68, 0.280, 1.393, 0.004

1, 9, 19, 2, 53.1299, 38.0614, 27.15, 25.68, 0.250, 1.370, 0.004

0, 9, 18, 3, 53.1299, 38.0614, 25.68, 25.68, 0.290, 1.392, 0.004

1, 9, 19, 3, 53.1299, 38.0614, 27.15, 25.68, 0.250, 1.374, 0.004

0, 9, 18, 4, 53.1299, 38.0614, 25.68, 25.68, 0.290, 1.388, 0.004

1, 9, 19, 4, 53.1299, 38.0614, 27.15, 25.68, 0.250, 1.372, 0.004

0, 9, 18, 0, 53.1299, 38.3114, 25.68, 26.17, 0.280, 1.395, 0.004

1, 9, 19, 0, 53.1299, 38.3114, 27.15, 26.17, 0.260, 1.371, 0.004

0, 9, 18, 1, 53.1299, 38.3114, 25.68, 26.17, 0.280, 1.387, 0.004

1, 9, 19, 1, 53.1299, 38.3114, 27.15, 26.17, 0.250, 1.362, 0.004

0, 9, 18, 2, 53.1299, 38.3114, 25.68, 26.17, 0.270, 1.388, 0.004

1, 9, 19, 2, 53.1299, 38.3114, 27.15, 26.17, 0.260, 1.363, 0.004

0, 9, 18, 3, 53.1299, 38.3114, 25.68, 26.17, 0.270, 1.394, 0.004

1, 9, 19, 3, 53.1299, 38.3114, 27.15, 26.17, 0.260, 1.369, 0.004

0, 9, 18, 4, 53.1299, 38.3114, 25.68, 26.17, 0.280, 1.398, 0.004

1, 9, 19, 4, 53.1299, 38.3114, 27.15, 26.17, 0.250, 1.370, 0.004

0, 9, 18, 0, 53.1299, 38.5614, 23.73, 26.17, 0.260, 1.400, 0.004

1, 9, 19, 0, 53.1299, 38.5614, 29.59, 26.17, 0.260, 1.367, 0.004

0, 9, 18, 1, 53.1299, 38.5614, 23.73, 26.17, 0.260, 1.398, 0.004

1, 9, 19, 1, 53.1299, 38.5614, 29.59, 26.17, 0.250, 1.364, 0.004

0, 9, 18, 2, 53.1299, 38.5614, 23.73, 26.17, 0.270, 1.386, 0.004

1, 9, 19, 2, 53.1299, 38.5614, 29.59, 26.17, 0.260, 1.372, 0.004

0, 9, 18, 3, 53.1299, 38.5614, 23.73, 26.17, 0.260, 1.393, 0.004

1, 9, 19, 3, 53.1299, 38.5614, 29.59, 26.17, 0.260, 1.359, 0.004

0, 9, 18, 4, 53.1299, 38.5614, 23.73, 26.17, 0.270, 1.392, 0.004

1, 9, 19, 4, 53.1299, 38.5614, 29.59, 26.17, 0.250, 1.371, 0.004

0, 9, 18, 0, 53.1299, 38.8114, 26.66, 27.15, 0.260, 1.386, 0.004

1, 9, 19, 0, 53.1299, 38.8114, 26.66, 27.15, 0.260, 1.363, 0.004

0, 9, 18, 1, 53.1299, 38.8114, 26.66, 27.15, 0.260, 1.400, 0.004

1, 9, 19, 1, 53.1299, 38.8114, 26.66, 27.15, 0.260, 1.371, 0.004

0, 9, 18, 2, 53.1299, 38.8114, 26.66, 27.15, 0.260, 1.392, 0.004

1, 9, 19, 2, 53.1299, 38.8114, 26.66, 27.15, 0.250, 1.365, 0.004

0, 9, 18, 3, 53.1299, 38.8114, 26.66, 27.15, 0.260, 1.393, 0.004

1, 9, 19, 3, 53.1299, 38.8114, 26.66, 27.15, 0.260, 1.370, 0.004

0, 9, 18, 4, 53.1299, 38.8114, 26.66, 27.15, 0.260, 1.379, 0.004

1, 9, 19, 4, 53.1299, 38.8114, 26.66, 27.15, 0.250, 1.380, 0.004

0, 9, 18, 0, 53.1299, 39.0614, 25.20, 26.66, 0.260, 1.395, 0.004

1, 9, 19, 0, 53.1299, 39.0614, 26.66, 26.66, 0.260, 1.367, 0.004

0, 9, 18, 1, 53.1299, 39.0614, 25.20, 26.66, 0.260, 1.391, 0.004

1, 9, 19, 1, 53.1299, 39.0614, 26.66, 26.66, 0.250, 1.369, 0.004

0, 9, 18, 2, 53.1299, 39.0614, 25.20, 26.66, 0.260, 1.392, 0.004

1, 9, 19, 2, 53.1299, 39.0614, 26.66, 26.66, 0.250, 1.377, 0.004

0, 9, 18, 3, 53.1299, 39.0614, 25.20, 26.66, 0.260, 1.401, 0.004

1, 9, 19, 3, 53.1299, 39.0614, 26.66, 26.66, 0.250, 1.372, 0.004

0, 9, 18, 4, 53.1299, 39.0614, 25.20, 26.66, 0.260, 1.398, 0.004

1, 9, 19, 4, 53.1299, 39.0614, 26.66, 26.66, 0.260, 1.364, 0.004

0, 9, 18, 0, 53.1299, 39.3114, 25.20, 26.17, 0.260, 1.389, 0.004

1, 9, 19, 0, 53.1299, 39.3114, 26.17, 26.17, 0.250, 1.369, 0.004

0, 9, 18, 1, 53.1299, 39.3114, 25.20, 26.17, 0.260, 1.397, 0.004

1, 9, 19, 1, 53.1299, 39.3114, 26.17, 26.17, 0.260, 1.375, 0.004

0, 9, 18, 2, 53.1299, 39.3114, 25.20, 26.17, 0.260, 1.399, 0.004

1, 9, 19, 2, 53.1299, 39.3114, 26.17, 26.17, 0.260, 1.370, 0.004

0, 9, 18, 3, 53.1299, 39.3114, 25.20, 26.17, 0.260, 1.386, 0.004

1, 9, 19, 3, 53.1299, 39.3114, 26.17, 26.17, 0.260, 1.371, 0.004

0, 9, 18, 4, 53.1299, 39.3114, 25.20, 26.17, 0.260, 1.388, 0.004

1, 9, 19, 4, 53.1299, 39.3114, 26.17, 26.17, 0.260, 1.369, 0.004

0, 9, 18, 0, 53.1299, 39.5614, 25.68, 25.68, 0.260, 1.385, 0.004

1, 9, 19, 0, 53.1299, 39.5614, 26.66, 25.68, 0.260, 1.366, 0.004

0, 9, 18, 1, 53.1299, 39.5614, 25.68, 25.68, 0.260, 1.394, 0.004

1, 9, 19, 1, 53.1299, 39.5614, 26.66, 25.68, 0.260, 1.363, 0.004

0, 9, 18, 2, 53.1299, 39.5614, 25.68, 25.68, 0.260, 1.394, 0.004

1, 9, 19, 2, 53.1299, 39.5614, 26.66, 25.68, 0.250, 1.368, 0.004

0, 9, 18, 3, 53.1299, 39.5614, 25.68, 25.68, 0.260, 1.395, 0.004

1, 9, 19, 3, 53.1299, 39.5614, 26.66, 25.68, 0.260, 1.370, 0.004

0, 9, 18, 4, 53.1299, 39.5614, 25.68, 25.68, 0.260, 1.398, 0.004

1, 9, 19, 4, 53.1299, 39.5614, 26.66, 25.68, 0.260, 1.369, 0.004

0, 9, 18, 0, 53.1299, 39.8114, 25.68, 26.17, 0.260, 1.395, 0.004

1, 9, 19, 0, 53.1299, 39.8114, 26.66, 26.17, 0.260, 1.364, 0.004

0, 9, 18, 1, 53.1299, 39.8114, 25.68, 26.17, 0.260, 1.388, 0.004

1, 9, 19, 1, 53.1299, 39.8114, 26.66, 26.17, 0.260, 1.370, 0.004

0, 9, 18, 2, 53.1299, 39.8114, 25.68, 26.17, 0.260, 1.393, 0.004

1, 9, 19, 2, 53.1299, 39.8114, 26.66, 26.17, 0.260, 1.371, 0.004

0, 9, 18, 3, 53.1299, 39.8114, 25.68, 26.17, 0.260, 1.395, 0.004

1, 9, 19, 3, 53.1299, 39.8114, 26.66, 26.17, 0.260, 1.370, 0.004

0, 9, 18, 4, 53.1299, 39.8114, 25.68, 26.17, 0.260, 1.389, 0.004

1, 9, 19, 4, 53.1299, 39.8114, 26.66, 26.17, 0.260, 1.366, 0.004

0, 9, 18, 0, 0, 0, 26.66, 26.17, 0.260, 1.390, 0.004

1, 9, 19, 0, 0, 0, 26.66, 26.17, 0.250, 1.366, 0.004

0, 9, 18, 1, 0, 0, 26.66, 26.17, 0.260, 1.396, 0.004

1, 9, 19, 1, 0, 0, 26.66, 26.17, 0.260, 1.368, 0.004

0, 9, 18, 2, 0, 0, 26.66, 26.17, 0.260, 1.401, 0.004

1, 9, 19, 2, 0, 0, 26.66, 26.17, 0.250, 1.366, 0.004

0, 9, 18, 3, 0, 0, 26.66, 26.17, 0.260, 1.396, 0.004

1, 9, 19, 3, 0, 0, 26.66, 26.17, 0.250, 1.369, 0.004

0, 9, 18, 4, 0, 0, 26.66, 26.17, 0.260, 1.401, 0.004

1, 9, 19, 4, 0, 0, 26.66, 26.17, 0.260, 1.368, 0.004

