Test Sector:
Device ID, Channel, Tile ID, trial, x, y, temp, temp_control, IMON, RMON, VCOMP
xorigincm, xfinalcm, xsteplengthcm, xsteps = 25.5391, 25.5391, 0, 71
yorigincm, yfinalcm, ysteplengthcm, nRepeat = 15.0755, 32.9245, 0.25, 5
0, 4, 8, 0, 0, 0, 27.64, 27.15, 0.230, 1.395, 0.004

1, 4, 9, 0, 0, 0, 27.15, 27.15, 0.280, 1.374, 0.004

0, 4, 8, 1, 0, 0, 27.64, 27.15, 0.230, 1.385, 0.004

1, 4, 9, 1, 0, 0, 27.15, 27.15, 0.280, 1.384, 0.004

0, 4, 8, 2, 0, 0, 27.64, 27.15, 0.220, 1.382, 0.004

1, 4, 9, 2, 0, 0, 27.15, 27.15, 0.280, 1.382, 0.004

0, 4, 8, 3, 0, 0, 27.64, 27.15, 0.230, 1.394, 0.004

1, 4, 9, 3, 0, 0, 27.15, 27.15, 0.280, 1.378, 0.004

0, 4, 8, 4, 0, 0, 27.64, 27.15, 0.220, 1.384, 0.004

1, 4, 9, 4, 0, 0, 27.15, 27.15, 0.270, 1.379, 0.004

0, 4, 8, 0, 25.5391, 15.0755, 24.22, 26.17, 0.220, 1.384, 0.004

1, 4, 9, 0, 25.5391, 15.0755, 28.61, 26.17, 0.280, 1.378, 0.004

0, 4, 8, 1, 25.5391, 15.0755, 24.22, 26.17, 0.220, 1.389, 0.004

1, 4, 9, 1, 25.5391, 15.0755, 28.61, 26.17, 0.280, 1.382, 0.004

0, 4, 8, 2, 25.5391, 15.0755, 24.22, 26.17, 0.220, 1.388, 0.004

1, 4, 9, 2, 25.5391, 15.0755, 28.61, 26.17, 0.280, 1.385, 0.004

0, 4, 8, 3, 25.5391, 15.0755, 24.22, 26.17, 0.220, 1.383, 0.004

1, 4, 9, 3, 25.5391, 15.0755, 28.61, 26.17, 0.280, 1.388, 0.004

0, 4, 8, 4, 25.5391, 15.0755, 24.22, 26.17, 0.220, 1.389, 0.004

1, 4, 9, 4, 25.5391, 15.0755, 28.61, 26.17, 0.280, 1.385, 0.004

0, 4, 8, 0, 25.5391, 15.3255, 25.68, 26.66, 0.220, 1.384, 0.004

1, 4, 9, 0, 25.5391, 15.3255, 27.15, 26.66, 0.280, 1.385, 0.004

0, 4, 8, 1, 25.5391, 15.3255, 25.68, 26.66, 0.220, 1.393, 0.004

1, 4, 9, 1, 25.5391, 15.3255, 27.15, 26.66, 0.280, 1.378, 0.004

0, 4, 8, 2, 25.5391, 15.3255, 25.68, 26.66, 0.220, 1.389, 0.004

1, 4, 9, 2, 25.5391, 15.3255, 27.15, 26.66, 0.280, 1.386, 0.004

0, 4, 8, 3, 25.5391, 15.3255, 25.68, 26.66, 0.220, 1.388, 0.004

1, 4, 9, 3, 25.5391, 15.3255, 27.15, 26.66, 0.280, 1.374, 0.004

0, 4, 8, 4, 25.5391, 15.3255, 25.68, 26.66, 0.220, 1.378, 0.004

1, 4, 9, 4, 25.5391, 15.3255, 27.15, 26.66, 0.280, 1.386, 0.004

0, 4, 8, 0, 25.5391, 15.5755, 27.64, 25.20, 0.220, 1.384, 0.004

1, 4, 9, 0, 25.5391, 15.5755, 26.17, 25.20, 0.280, 1.384, 0.004

0, 4, 8, 1, 25.5391, 15.5755, 27.64, 25.20, 0.220, 1.382, 0.004

1, 4, 9, 1, 25.5391, 15.5755, 26.17, 25.20, 0.280, 1.384, 0.004

0, 4, 8, 2, 25.5391, 15.5755, 27.64, 25.20, 0.220, 1.388, 0.004

1, 4, 9, 2, 25.5391, 15.5755, 26.17, 25.20, 0.280, 1.387, 0.004

0, 4, 8, 3, 25.5391, 15.5755, 27.64, 25.20, 0.220, 1.386, 0.004

1, 4, 9, 3, 25.5391, 15.5755, 26.17, 25.20, 0.280, 1.384, 0.004

0, 4, 8, 4, 25.5391, 15.5755, 27.64, 25.20, 0.220, 1.388, 0.004

1, 4, 9, 4, 25.5391, 15.5755, 26.17, 25.20, 0.280, 1.385, 0.004

0, 4, 8, 0, 25.5391, 15.8255, 24.71, 26.17, 0.220, 1.389, 0.004

1, 4, 9, 0, 25.5391, 15.8255, 26.17, 26.17, 0.280, 1.377, 0.004

0, 4, 8, 1, 25.5391, 15.8255, 24.71, 26.17, 0.220, 1.386, 0.004

1, 4, 9, 1, 25.5391, 15.8255, 26.17, 26.17, 0.280, 1.376, 0.004

0, 4, 8, 2, 25.5391, 15.8255, 24.71, 26.17, 0.220, 1.383, 0.004

1, 4, 9, 2, 25.5391, 15.8255, 26.17, 26.17, 0.280, 1.381, 0.004

0, 4, 8, 3, 25.5391, 15.8255, 24.71, 26.17, 0.210, 1.387, 0.004

1, 4, 9, 3, 25.5391, 15.8255, 26.17, 26.17, 0.280, 1.377, 0.004

0, 4, 8, 4, 25.5391, 15.8255, 24.71, 26.17, 0.220, 1.391, 0.004

1, 4, 9, 4, 25.5391, 15.8255, 26.17, 26.17, 0.280, 1.384, 0.004

0, 4, 8, 0, 25.5391, 16.0755, 26.66, 27.64, 0.220, 1.386, 0.004

1, 4, 9, 0, 25.5391, 16.0755, 27.64, 27.64, 0.280, 1.373, 0.004

0, 4, 8, 1, 25.5391, 16.0755, 26.66, 27.64, 0.220, 1.386, 0.004

1, 4, 9, 1, 25.5391, 16.0755, 27.64, 27.64, 0.280, 1.382, 0.004

0, 4, 8, 2, 25.5391, 16.0755, 26.66, 27.64, 0.210, 1.384, 0.004

1, 4, 9, 2, 25.5391, 16.0755, 27.64, 27.64, 0.280, 1.390, 0.004

0, 4, 8, 3, 25.5391, 16.0755, 26.66, 27.64, 0.210, 1.378, 0.004

1, 4, 9, 3, 25.5391, 16.0755, 27.64, 27.64, 0.290, 1.384, 0.004

0, 4, 8, 4, 25.5391, 16.0755, 26.66, 27.64, 0.210, 1.391, 0.004

1, 4, 9, 4, 25.5391, 16.0755, 27.64, 27.64, 0.280, 1.382, 0.004

0, 4, 8, 0, 25.5391, 16.3255, 25.20, 24.71, 0.220, 1.385, 0.004

1, 4, 9, 0, 25.5391, 16.3255, 25.68, 24.71, 0.290, 1.390, 0.004

0, 4, 8, 1, 25.5391, 16.3255, 25.20, 24.71, 0.220, 1.384, 0.004

1, 4, 9, 1, 25.5391, 16.3255, 25.68, 24.71, 0.290, 1.386, 0.004

0, 4, 8, 2, 25.5391, 16.3255, 25.20, 24.71, 0.210, 1.385, 0.004

1, 4, 9, 2, 25.5391, 16.3255, 25.68, 24.71, 0.290, 1.385, 0.004

0, 4, 8, 3, 25.5391, 16.3255, 25.20, 24.71, 0.220, 1.381, 0.004

1, 4, 9, 3, 25.5391, 16.3255, 25.68, 24.71, 0.290, 1.380, 0.004

0, 4, 8, 4, 25.5391, 16.3255, 25.20, 24.71, 0.220, 1.378, 0.004

1, 4, 9, 4, 25.5391, 16.3255, 25.68, 24.71, 0.290, 1.379, 0.004

0, 4, 8, 0, 25.5391, 16.5755, 25.20, 28.12, 0.220, 1.394, 0.004

1, 4, 9, 0, 25.5391, 16.5755, 26.66, 28.12, 0.290, 1.381, 0.004

0, 4, 8, 1, 25.5391, 16.5755, 25.20, 28.12, 0.210, 1.384, 0.004

1, 4, 9, 1, 25.5391, 16.5755, 26.66, 28.12, 0.290, 1.379, 0.004

0, 4, 8, 2, 25.5391, 16.5755, 25.20, 28.12, 0.220, 1.391, 0.004

1, 4, 9, 2, 25.5391, 16.5755, 26.66, 28.12, 0.290, 1.373, 0.004

0, 4, 8, 3, 25.5391, 16.5755, 25.20, 28.12, 0.210, 1.384, 0.004

1, 4, 9, 3, 25.5391, 16.5755, 26.66, 28.12, 0.290, 1.387, 0.004

0, 4, 8, 4, 25.5391, 16.5755, 25.20, 28.12, 0.210, 1.385, 0.004

1, 4, 9, 4, 25.5391, 16.5755, 26.66, 28.12, 0.290, 1.376, 0.004

0, 4, 8, 0, 25.5391, 16.8255, 26.17, 25.68, 0.220, 1.388, 0.004

1, 4, 9, 0, 25.5391, 16.8255, 26.17, 25.68, 0.300, 1.383, 0.004

0, 4, 8, 1, 25.5391, 16.8255, 26.17, 25.68, 0.220, 1.396, 0.004

1, 4, 9, 1, 25.5391, 16.8255, 26.17, 25.68, 0.300, 1.384, 0.004

0, 4, 8, 2, 25.5391, 16.8255, 26.17, 25.68, 0.220, 1.381, 0.004

1, 4, 9, 2, 25.5391, 16.8255, 26.17, 25.68, 0.290, 1.384, 0.004

0, 4, 8, 3, 25.5391, 16.8255, 26.17, 25.68, 0.210, 1.384, 0.004

1, 4, 9, 3, 25.5391, 16.8255, 26.17, 25.68, 0.290, 1.385, 0.004

0, 4, 8, 4, 25.5391, 16.8255, 26.17, 25.68, 0.220, 1.391, 0.004

1, 4, 9, 4, 25.5391, 16.8255, 26.17, 25.68, 0.290, 1.377, 0.004

0, 4, 8, 0, 25.5391, 17.0755, 24.71, 25.20, 0.210, 1.386, 0.004

1, 4, 9, 0, 25.5391, 17.0755, 25.68, 25.20, 0.310, 1.383, 0.004

0, 4, 8, 1, 25.5391, 17.0755, 24.71, 25.20, 0.220, 1.382, 0.004

1, 4, 9, 1, 25.5391, 17.0755, 25.68, 25.20, 0.310, 1.377, 0.004

0, 4, 8, 2, 25.5391, 17.0755, 24.71, 25.20, 0.220, 1.386, 0.004

1, 4, 9, 2, 25.5391, 17.0755, 25.68, 25.20, 0.310, 1.383, 0.004

0, 4, 8, 3, 25.5391, 17.0755, 24.71, 25.20, 0.220, 1.389, 0.004

1, 4, 9, 3, 25.5391, 17.0755, 25.68, 25.20, 0.310, 1.384, 0.004

0, 4, 8, 4, 25.5391, 17.0755, 24.71, 25.20, 0.220, 1.386, 0.004

1, 4, 9, 4, 25.5391, 17.0755, 25.68, 25.20, 0.310, 1.375, 0.004

0, 4, 8, 0, 25.5391, 17.3255, 24.71, 26.17, 0.220, 1.385, 0.004

1, 4, 9, 0, 25.5391, 17.3255, 26.66, 26.17, 0.330, 1.377, 0.004

0, 4, 8, 1, 25.5391, 17.3255, 24.71, 26.17, 0.210, 1.390, 0.004

1, 4, 9, 1, 25.5391, 17.3255, 26.66, 26.17, 0.330, 1.386, 0.004

0, 4, 8, 2, 25.5391, 17.3255, 24.71, 26.17, 0.220, 1.388, 0.004

1, 4, 9, 2, 25.5391, 17.3255, 26.66, 26.17, 0.330, 1.383, 0.004

0, 4, 8, 3, 25.5391, 17.3255, 24.71, 26.17, 0.220, 1.372, 0.004

1, 4, 9, 3, 25.5391, 17.3255, 26.66, 26.17, 0.330, 1.390, 0.004

0, 4, 8, 4, 25.5391, 17.3255, 24.71, 26.17, 0.210, 1.387, 0.004

1, 4, 9, 4, 25.5391, 17.3255, 26.66, 26.17, 0.340, 1.384, 0.004

0, 4, 8, 0, 25.5391, 17.5755, 25.20, 25.20, 0.220, 1.392, 0.004

1, 4, 9, 0, 25.5391, 17.5755, 26.17, 25.20, 0.350, 1.385, 0.004

0, 4, 8, 1, 25.5391, 17.5755, 25.20, 25.20, 0.210, 1.395, 0.004

1, 4, 9, 1, 25.5391, 17.5755, 26.17, 25.20, 0.350, 1.380, 0.004

0, 4, 8, 2, 25.5391, 17.5755, 25.20, 25.20, 0.210, 1.389, 0.004

1, 4, 9, 2, 25.5391, 17.5755, 26.17, 25.20, 0.360, 1.378, 0.004

0, 4, 8, 3, 25.5391, 17.5755, 25.20, 25.20, 0.210, 1.391, 0.004

1, 4, 9, 3, 25.5391, 17.5755, 26.17, 25.20, 0.350, 1.376, 0.004

0, 4, 8, 4, 25.5391, 17.5755, 25.20, 25.20, 0.220, 1.383, 0.004

1, 4, 9, 4, 25.5391, 17.5755, 26.17, 25.20, 0.350, 1.381, 0.004

0, 4, 8, 0, 25.5391, 17.8255, 25.68, 26.17, 0.220, 1.385, 0.004

1, 4, 9, 0, 25.5391, 17.8255, 26.17, 26.17, 0.350, 1.383, 0.004

0, 4, 8, 1, 25.5391, 17.8255, 25.68, 26.17, 0.220, 1.388, 0.004

1, 4, 9, 1, 25.5391, 17.8255, 26.17, 26.17, 0.350, 1.378, 0.004

0, 4, 8, 2, 25.5391, 17.8255, 25.68, 26.17, 0.210, 1.383, 0.004

1, 4, 9, 2, 25.5391, 17.8255, 26.17, 26.17, 0.350, 1.373, 0.004

0, 4, 8, 3, 25.5391, 17.8255, 25.68, 26.17, 0.210, 1.385, 0.004

1, 4, 9, 3, 25.5391, 17.8255, 26.17, 26.17, 0.350, 1.383, 0.004

0, 4, 8, 4, 25.5391, 17.8255, 25.68, 26.17, 0.210, 1.389, 0.004

1, 4, 9, 4, 25.5391, 17.8255, 26.17, 26.17, 0.350, 1.380, 0.004

0, 4, 8, 0, 25.5391, 18.0755, 25.20, 27.15, 0.220, 1.374, 0.004

1, 4, 9, 0, 25.5391, 18.0755, 26.17, 27.15, 0.340, 1.382, 0.004

0, 4, 8, 1, 25.5391, 18.0755, 25.20, 27.15, 0.210, 1.392, 0.004

1, 4, 9, 1, 25.5391, 18.0755, 26.17, 27.15, 0.340, 1.383, 0.004

0, 4, 8, 2, 25.5391, 18.0755, 25.20, 27.15, 0.210, 1.385, 0.004

1, 4, 9, 2, 25.5391, 18.0755, 26.17, 27.15, 0.340, 1.376, 0.004

0, 4, 8, 3, 25.5391, 18.0755, 25.20, 27.15, 0.220, 1.388, 0.004

1, 4, 9, 3, 25.5391, 18.0755, 26.17, 27.15, 0.350, 1.380, 0.004

0, 4, 8, 4, 25.5391, 18.0755, 25.20, 27.15, 0.220, 1.388, 0.004

1, 4, 9, 4, 25.5391, 18.0755, 26.17, 27.15, 0.350, 1.390, 0.004

0, 4, 8, 0, 25.5391, 18.3255, 26.17, 26.17, 0.210, 1.392, 0.004

1, 4, 9, 0, 25.5391, 18.3255, 26.17, 26.17, 0.340, 1.386, 0.004

0, 4, 8, 1, 25.5391, 18.3255, 26.17, 26.17, 0.210, 1.382, 0.004

1, 4, 9, 1, 25.5391, 18.3255, 26.17, 26.17, 0.340, 1.388, 0.004

0, 4, 8, 2, 25.5391, 18.3255, 26.17, 26.17, 0.210, 1.393, 0.004

1, 4, 9, 2, 25.5391, 18.3255, 26.17, 26.17, 0.340, 1.378, 0.004

0, 4, 8, 3, 25.5391, 18.3255, 26.17, 26.17, 0.210, 1.384, 0.004

1, 4, 9, 3, 25.5391, 18.3255, 26.17, 26.17, 0.340, 1.389, 0.004

0, 4, 8, 4, 25.5391, 18.3255, 26.17, 26.17, 0.210, 1.392, 0.004

1, 4, 9, 4, 25.5391, 18.3255, 26.17, 26.17, 0.340, 1.381, 0.004

0, 4, 8, 0, 25.5391, 18.5755, 25.20, 26.17, 0.210, 1.389, 0.004

1, 4, 9, 0, 25.5391, 18.5755, 26.17, 26.17, 0.350, 1.375, 0.004

0, 4, 8, 1, 25.5391, 18.5755, 25.20, 26.17, 0.220, 1.388, 0.004

1, 4, 9, 1, 25.5391, 18.5755, 26.17, 26.17, 0.340, 1.391, 0.004

0, 4, 8, 2, 25.5391, 18.5755, 25.20, 26.17, 0.210, 1.387, 0.004

1, 4, 9, 2, 25.5391, 18.5755, 26.17, 26.17, 0.340, 1.382, 0.004

0, 4, 8, 3, 25.5391, 18.5755, 25.20, 26.17, 0.220, 1.384, 0.004

1, 4, 9, 3, 25.5391, 18.5755, 26.17, 26.17, 0.340, 1.387, 0.004

0, 4, 8, 4, 25.5391, 18.5755, 25.20, 26.17, 0.220, 1.385, 0.004

1, 4, 9, 4, 25.5391, 18.5755, 26.17, 26.17, 0.350, 1.373, 0.004

0, 4, 8, 0, 25.5391, 18.8255, 24.71, 25.20, 0.220, 1.387, 0.004

1, 4, 9, 0, 25.5391, 18.8255, 25.20, 25.20, 0.340, 1.386, 0.004

0, 4, 8, 1, 25.5391, 18.8255, 24.71, 25.20, 0.210, 1.385, 0.004

1, 4, 9, 1, 25.5391, 18.8255, 25.20, 25.20, 0.350, 1.386, 0.004

0, 4, 8, 2, 25.5391, 18.8255, 24.71, 25.20, 0.210, 1.383, 0.004

1, 4, 9, 2, 25.5391, 18.8255, 25.20, 25.20, 0.350, 1.383, 0.004

0, 4, 8, 3, 25.5391, 18.8255, 24.71, 25.20, 0.210, 1.384, 0.004

1, 4, 9, 3, 25.5391, 18.8255, 25.20, 25.20, 0.350, 1.388, 0.004

0, 4, 8, 4, 25.5391, 18.8255, 24.71, 25.20, 0.220, 1.391, 0.004

1, 4, 9, 4, 25.5391, 18.8255, 25.20, 25.20, 0.350, 1.379, 0.004

0, 4, 8, 0, 25.5391, 19.0755, 24.22, 25.68, 0.220, 1.385, 0.004

1, 4, 9, 0, 25.5391, 19.0755, 29.10, 25.68, 0.350, 1.379, 0.004

0, 4, 8, 1, 25.5391, 19.0755, 24.22, 25.68, 0.210, 1.390, 0.004

1, 4, 9, 1, 25.5391, 19.0755, 29.10, 25.68, 0.350, 1.379, 0.004

0, 4, 8, 2, 25.5391, 19.0755, 24.22, 25.68, 0.210, 1.382, 0.004

1, 4, 9, 2, 25.5391, 19.0755, 29.10, 25.68, 0.350, 1.380, 0.004

0, 4, 8, 3, 25.5391, 19.0755, 24.22, 25.68, 0.210, 1.389, 0.004

1, 4, 9, 3, 25.5391, 19.0755, 29.10, 25.68, 0.350, 1.391, 0.004

0, 4, 8, 4, 25.5391, 19.0755, 24.22, 25.68, 0.210, 1.377, 0.004

1, 4, 9, 4, 25.5391, 19.0755, 29.10, 25.68, 0.350, 1.387, 0.004

0, 4, 8, 0, 0, 0, 25.20, 26.66, 0.210, 1.395, 0.004

1, 4, 9, 0, 0, 0, 27.64, 26.66, 0.280, 1.386, 0.004

0, 4, 8, 1, 0, 0, 25.20, 26.66, 0.210, 1.388, 0.004

1, 4, 9, 1, 0, 0, 27.64, 26.66, 0.280, 1.386, 0.004

0, 4, 8, 2, 0, 0, 25.20, 26.66, 0.220, 1.382, 0.004

1, 4, 9, 2, 0, 0, 27.64, 26.66, 0.280, 1.393, 0.004

0, 4, 8, 3, 0, 0, 25.20, 26.66, 0.220, 1.385, 0.004

1, 4, 9, 3, 0, 0, 27.64, 26.66, 0.280, 1.387, 0.004

0, 4, 8, 4, 0, 0, 25.20, 26.66, 0.210, 1.393, 0.004

1, 4, 9, 4, 0, 0, 27.64, 26.66, 0.280, 1.385, 0.004

0, 4, 8, 0, 25.5391, 19.3255, 23.73, 26.66, 0.210, 1.386, 0.004

1, 4, 9, 0, 25.5391, 19.3255, 26.66, 26.66, 0.350, 1.376, 0.004

0, 4, 8, 1, 25.5391, 19.3255, 23.73, 26.66, 0.210, 1.389, 0.004

1, 4, 9, 1, 25.5391, 19.3255, 26.66, 26.66, 0.350, 1.383, 0.004

0, 4, 8, 2, 25.5391, 19.3255, 23.73, 26.66, 0.220, 1.388, 0.004

1, 4, 9, 2, 25.5391, 19.3255, 26.66, 26.66, 0.350, 1.380, 0.004

0, 4, 8, 3, 25.5391, 19.3255, 23.73, 26.66, 0.220, 1.386, 0.004

1, 4, 9, 3, 25.5391, 19.3255, 26.66, 26.66, 0.350, 1.383, 0.004

0, 4, 8, 4, 25.5391, 19.3255, 23.73, 26.66, 0.210, 1.385, 0.004

1, 4, 9, 4, 25.5391, 19.3255, 26.66, 26.66, 0.350, 1.384, 0.004

0, 4, 8, 0, 25.5391, 19.5755, 25.68, 24.71, 0.220, 1.391, 0.004

1, 4, 9, 0, 25.5391, 19.5755, 26.17, 24.71, 0.350, 1.380, 0.004

0, 4, 8, 1, 25.5391, 19.5755, 25.68, 24.71, 0.210, 1.384, 0.004

1, 4, 9, 1, 25.5391, 19.5755, 26.17, 24.71, 0.360, 1.382, 0.004

0, 4, 8, 2, 25.5391, 19.5755, 25.68, 24.71, 0.220, 1.390, 0.004

1, 4, 9, 2, 25.5391, 19.5755, 26.17, 24.71, 0.360, 1.382, 0.004

0, 4, 8, 3, 25.5391, 19.5755, 25.68, 24.71, 0.220, 1.384, 0.004

1, 4, 9, 3, 25.5391, 19.5755, 26.17, 24.71, 0.360, 1.352, 0.004

0, 4, 8, 4, 25.5391, 19.5755, 25.68, 24.71, 0.220, 1.393, 0.004

1, 4, 9, 4, 25.5391, 19.5755, 26.17, 24.71, 0.350, 1.389, 0.004

0, 4, 8, 0, 25.5391, 19.8255, 25.68, 26.17, 0.220, 1.385, 0.004

1, 4, 9, 0, 25.5391, 19.8255, 26.17, 26.17, 0.360, 1.384, 0.004

0, 4, 8, 1, 25.5391, 19.8255, 25.68, 26.17, 0.210, 1.381, 0.004

1, 4, 9, 1, 25.5391, 19.8255, 26.17, 26.17, 0.360, 1.384, 0.004

0, 4, 8, 2, 25.5391, 19.8255, 25.68, 26.17, 0.210, 1.379, 0.004

1, 4, 9, 2, 25.5391, 19.8255, 26.17, 26.17, 0.360, 1.382, 0.004

0, 4, 8, 3, 25.5391, 19.8255, 25.68, 26.17, 0.220, 1.394, 0.004

1, 4, 9, 3, 25.5391, 19.8255, 26.17, 26.17, 0.360, 1.388, 0.004

0, 4, 8, 4, 25.5391, 19.8255, 25.68, 26.17, 0.220, 1.393, 0.004

1, 4, 9, 4, 25.5391, 19.8255, 26.17, 26.17, 0.360, 1.390, 0.004

0, 4, 8, 0, 25.5391, 20.0755, 25.68, 26.17, 0.220, 1.392, 0.004

1, 4, 9, 0, 25.5391, 20.0755, 26.66, 26.17, 0.350, 1.383, 0.004

0, 4, 8, 1, 25.5391, 20.0755, 25.68, 26.17, 0.210, 1.380, 0.004

1, 4, 9, 1, 25.5391, 20.0755, 26.66, 26.17, 0.360, 1.379, 0.004

0, 4, 8, 2, 25.5391, 20.0755, 25.68, 26.17, 0.220, 1.388, 0.004

1, 4, 9, 2, 25.5391, 20.0755, 26.66, 26.17, 0.360, 1.375, 0.004

0, 4, 8, 3, 25.5391, 20.0755, 25.68, 26.17, 0.220, 1.388, 0.004

1, 4, 9, 3, 25.5391, 20.0755, 26.66, 26.17, 0.360, 1.386, 0.004

0, 4, 8, 4, 25.5391, 20.0755, 25.68, 26.17, 0.210, 1.382, 0.004

1, 4, 9, 4, 25.5391, 20.0755, 26.66, 26.17, 0.360, 1.387, 0.004

0, 4, 8, 0, 25.5391, 20.3255, 26.17, 24.22, 0.220, 1.386, 0.004

1, 4, 9, 0, 25.5391, 20.3255, 26.17, 24.22, 0.360, 1.392, 0.004

0, 4, 8, 1, 25.5391, 20.3255, 26.17, 24.22, 0.220, 1.385, 0.004

1, 4, 9, 1, 25.5391, 20.3255, 26.17, 24.22, 0.360, 1.376, 0.004

0, 4, 8, 2, 25.5391, 20.3255, 26.17, 24.22, 0.220, 1.382, 0.004

1, 4, 9, 2, 25.5391, 20.3255, 26.17, 24.22, 0.360, 1.373, 0.004

0, 4, 8, 3, 25.5391, 20.3255, 26.17, 24.22, 0.210, 1.385, 0.004

1, 4, 9, 3, 25.5391, 20.3255, 26.17, 24.22, 0.360, 1.391, 0.004

0, 4, 8, 4, 25.5391, 20.3255, 26.17, 24.22, 0.220, 1.391, 0.004

1, 4, 9, 4, 25.5391, 20.3255, 26.17, 24.22, 0.350, 1.390, 0.004

0, 4, 8, 0, 25.5391, 20.5755, 26.66, 25.68, 0.220, 1.384, 0.004

1, 4, 9, 0, 25.5391, 20.5755, 26.17, 25.68, 0.360, 1.381, 0.004

0, 4, 8, 1, 25.5391, 20.5755, 26.66, 25.68, 0.220, 1.388, 0.004

1, 4, 9, 1, 25.5391, 20.5755, 26.17, 25.68, 0.350, 1.376, 0.004

0, 4, 8, 2, 25.5391, 20.5755, 26.66, 25.68, 0.210, 1.386, 0.004

1, 4, 9, 2, 25.5391, 20.5755, 26.17, 25.68, 0.350, 1.383, 0.004

0, 4, 8, 3, 25.5391, 20.5755, 26.66, 25.68, 0.210, 1.384, 0.004

1, 4, 9, 3, 25.5391, 20.5755, 26.17, 25.68, 0.360, 1.387, 0.004

0, 4, 8, 4, 25.5391, 20.5755, 26.66, 25.68, 0.220, 1.386, 0.004

1, 4, 9, 4, 25.5391, 20.5755, 26.17, 25.68, 0.350, 1.392, 0.004

0, 4, 8, 0, 25.5391, 20.8255, 26.17, 26.17, 0.220, 1.389, 0.004

1, 4, 9, 0, 25.5391, 20.8255, 27.15, 26.17, 0.360, 1.378, 0.004

0, 4, 8, 1, 25.5391, 20.8255, 26.17, 26.17, 0.210, 1.396, 0.004

1, 4, 9, 1, 25.5391, 20.8255, 27.15, 26.17, 0.350, 1.387, 0.004

0, 4, 8, 2, 25.5391, 20.8255, 26.17, 26.17, 0.220, 1.394, 0.004

1, 4, 9, 2, 25.5391, 20.8255, 27.15, 26.17, 0.350, 1.380, 0.004

0, 4, 8, 3, 25.5391, 20.8255, 26.17, 26.17, 0.220, 1.389, 0.004

1, 4, 9, 3, 25.5391, 20.8255, 27.15, 26.17, 0.350, 1.386, 0.004

0, 4, 8, 4, 25.5391, 20.8255, 26.17, 26.17, 0.220, 1.388, 0.004

1, 4, 9, 4, 25.5391, 20.8255, 27.15, 26.17, 0.360, 1.384, 0.004

0, 4, 8, 0, 25.5391, 21.0755, 25.20, 26.17, 0.220, 1.388, 0.004

1, 4, 9, 0, 25.5391, 21.0755, 25.68, 26.17, 0.340, 1.384, 0.004

0, 4, 8, 1, 25.5391, 21.0755, 25.20, 26.17, 0.220, 1.378, 0.004

1, 4, 9, 1, 25.5391, 21.0755, 25.68, 26.17, 0.360, 1.388, 0.004

0, 4, 8, 2, 25.5391, 21.0755, 25.20, 26.17, 0.210, 1.378, 0.004

1, 4, 9, 2, 25.5391, 21.0755, 25.68, 26.17, 0.350, 1.387, 0.004

0, 4, 8, 3, 25.5391, 21.0755, 25.20, 26.17, 0.210, 1.390, 0.004

1, 4, 9, 3, 25.5391, 21.0755, 25.68, 26.17, 0.360, 1.378, 0.004

0, 4, 8, 4, 25.5391, 21.0755, 25.20, 26.17, 0.220, 1.380, 0.004

1, 4, 9, 4, 25.5391, 21.0755, 25.68, 26.17, 0.350, 1.378, 0.004

0, 4, 8, 0, 25.5391, 21.3255, 26.17, 26.17, 0.220, 1.382, 0.004

1, 4, 9, 0, 25.5391, 21.3255, 26.17, 26.17, 0.350, 1.382, 0.004

0, 4, 8, 1, 25.5391, 21.3255, 26.17, 26.17, 0.220, 1.394, 0.004

1, 4, 9, 1, 25.5391, 21.3255, 26.17, 26.17, 0.360, 1.370, 0.004

0, 4, 8, 2, 25.5391, 21.3255, 26.17, 26.17, 0.220, 1.380, 0.004

1, 4, 9, 2, 25.5391, 21.3255, 26.17, 26.17, 0.360, 1.384, 0.004

0, 4, 8, 3, 25.5391, 21.3255, 26.17, 26.17, 0.210, 1.382, 0.004

1, 4, 9, 3, 25.5391, 21.3255, 26.17, 26.17, 0.350, 1.392, 0.004

0, 4, 8, 4, 25.5391, 21.3255, 26.17, 26.17, 0.210, 1.386, 0.004

1, 4, 9, 4, 25.5391, 21.3255, 26.17, 26.17, 0.350, 1.388, 0.004

0, 4, 8, 0, 25.5391, 21.5755, 25.20, 26.17, 0.210, 1.386, 0.004

1, 4, 9, 0, 25.5391, 21.5755, 25.68, 26.17, 0.360, 1.383, 0.004

0, 4, 8, 1, 25.5391, 21.5755, 25.20, 26.17, 0.220, 1.389, 0.004

1, 4, 9, 1, 25.5391, 21.5755, 25.68, 26.17, 0.350, 1.382, 0.004

0, 4, 8, 2, 25.5391, 21.5755, 25.20, 26.17, 0.210, 1.377, 0.004

1, 4, 9, 2, 25.5391, 21.5755, 25.68, 26.17, 0.350, 1.387, 0.004

0, 4, 8, 3, 25.5391, 21.5755, 25.20, 26.17, 0.220, 1.386, 0.004

1, 4, 9, 3, 25.5391, 21.5755, 25.68, 26.17, 0.360, 1.388, 0.004

0, 4, 8, 4, 25.5391, 21.5755, 25.20, 26.17, 0.210, 1.389, 0.004

1, 4, 9, 4, 25.5391, 21.5755, 25.68, 26.17, 0.360, 1.393, 0.004

0, 4, 8, 0, 25.5391, 21.8255, 25.20, 26.17, 0.220, 1.386, 0.004

1, 4, 9, 0, 25.5391, 21.8255, 27.15, 26.17, 0.360, 1.384, 0.004

0, 4, 8, 1, 25.5391, 21.8255, 25.20, 26.17, 0.220, 1.384, 0.004

1, 4, 9, 1, 25.5391, 21.8255, 27.15, 26.17, 0.350, 1.385, 0.004

0, 4, 8, 2, 25.5391, 21.8255, 25.20, 26.17, 0.220, 1.390, 0.004

1, 4, 9, 2, 25.5391, 21.8255, 27.15, 26.17, 0.350, 1.383, 0.004

0, 4, 8, 3, 25.5391, 21.8255, 25.20, 26.17, 0.210, 1.384, 0.004

1, 4, 9, 3, 25.5391, 21.8255, 27.15, 26.17, 0.360, 1.386, 0.004

0, 4, 8, 4, 25.5391, 21.8255, 25.20, 26.17, 0.220, 1.392, 0.004

1, 4, 9, 4, 25.5391, 21.8255, 27.15, 26.17, 0.350, 1.378, 0.004

0, 4, 8, 0, 25.5391, 22.0755, 24.22, 26.17, 0.220, 1.384, 0.004

1, 4, 9, 0, 25.5391, 22.0755, 26.66, 26.17, 0.350, 1.386, 0.004

0, 4, 8, 1, 25.5391, 22.0755, 24.22, 26.17, 0.220, 1.393, 0.004

1, 4, 9, 1, 25.5391, 22.0755, 26.66, 26.17, 0.350, 1.392, 0.004

0, 4, 8, 2, 25.5391, 22.0755, 24.22, 26.17, 0.220, 1.384, 0.004

1, 4, 9, 2, 25.5391, 22.0755, 26.66, 26.17, 0.350, 1.387, 0.004

0, 4, 8, 3, 25.5391, 22.0755, 24.22, 26.17, 0.220, 1.390, 0.004

1, 4, 9, 3, 25.5391, 22.0755, 26.66, 26.17, 0.340, 1.386, 0.004

0, 4, 8, 4, 25.5391, 22.0755, 24.22, 26.17, 0.220, 1.389, 0.004

1, 4, 9, 4, 25.5391, 22.0755, 26.66, 26.17, 0.350, 1.379, 0.004

0, 4, 8, 0, 25.5391, 22.3255, 28.12, 26.17, 0.220, 1.379, 0.004

1, 4, 9, 0, 25.5391, 22.3255, 26.17, 26.17, 0.350, 1.376, 0.004

0, 4, 8, 1, 25.5391, 22.3255, 28.12, 26.17, 0.210, 1.388, 0.004

1, 4, 9, 1, 25.5391, 22.3255, 26.17, 26.17, 0.350, 1.377, 0.004

0, 4, 8, 2, 25.5391, 22.3255, 28.12, 26.17, 0.210, 1.377, 0.004

1, 4, 9, 2, 25.5391, 22.3255, 26.17, 26.17, 0.340, 1.382, 0.004

0, 4, 8, 3, 25.5391, 22.3255, 28.12, 26.17, 0.220, 1.389, 0.004

1, 4, 9, 3, 25.5391, 22.3255, 26.17, 26.17, 0.350, 1.378, 0.004

0, 4, 8, 4, 25.5391, 22.3255, 28.12, 26.17, 0.220, 1.386, 0.004

1, 4, 9, 4, 25.5391, 22.3255, 26.17, 26.17, 0.350, 1.390, 0.004

0, 4, 8, 0, 25.5391, 22.5755, 25.68, 24.71, 0.220, 1.388, 0.004

1, 4, 9, 0, 25.5391, 22.5755, 26.66, 24.71, 0.340, 1.375, 0.004

0, 4, 8, 1, 25.5391, 22.5755, 25.68, 24.71, 0.220, 1.382, 0.004

1, 4, 9, 1, 25.5391, 22.5755, 26.66, 24.71, 0.340, 1.389, 0.004

0, 4, 8, 2, 25.5391, 22.5755, 25.68, 24.71, 0.220, 1.388, 0.004

1, 4, 9, 2, 25.5391, 22.5755, 26.66, 24.71, 0.350, 1.380, 0.004

0, 4, 8, 3, 25.5391, 22.5755, 25.68, 24.71, 0.210, 1.381, 0.004

1, 4, 9, 3, 25.5391, 22.5755, 26.66, 24.71, 0.340, 1.372, 0.004

0, 4, 8, 4, 25.5391, 22.5755, 25.68, 24.71, 0.220, 1.392, 0.004

1, 4, 9, 4, 25.5391, 22.5755, 26.66, 24.71, 0.340, 1.386, 0.004

0, 4, 8, 0, 25.5391, 22.8255, 25.68, 25.20, 0.210, 1.384, 0.004

1, 4, 9, 0, 25.5391, 22.8255, 29.59, 25.20, 0.340, 1.385, 0.004

0, 4, 8, 1, 25.5391, 22.8255, 25.68, 25.20, 0.220, 1.391, 0.004

1, 4, 9, 1, 25.5391, 22.8255, 29.59, 25.20, 0.340, 1.380, 0.004

0, 4, 8, 2, 25.5391, 22.8255, 25.68, 25.20, 0.220, 1.391, 0.004

1, 4, 9, 2, 25.5391, 22.8255, 29.59, 25.20, 0.330, 1.388, 0.004

0, 4, 8, 3, 25.5391, 22.8255, 25.68, 25.20, 0.220, 1.383, 0.004

1, 4, 9, 3, 25.5391, 22.8255, 29.59, 25.20, 0.340, 1.382, 0.004

0, 4, 8, 4, 25.5391, 22.8255, 25.68, 25.20, 0.220, 1.381, 0.004

1, 4, 9, 4, 25.5391, 22.8255, 29.59, 25.20, 0.340, 1.378, 0.004

0, 4, 8, 0, 25.5391, 23.0755, 26.66, 25.68, 0.220, 1.393, 0.004

1, 4, 9, 0, 25.5391, 23.0755, 26.66, 25.68, 0.330, 1.392, 0.004

0, 4, 8, 1, 25.5391, 23.0755, 26.66, 25.68, 0.220, 1.382, 0.004

1, 4, 9, 1, 25.5391, 23.0755, 26.66, 25.68, 0.330, 1.378, 0.004

0, 4, 8, 2, 25.5391, 23.0755, 26.66, 25.68, 0.220, 1.380, 0.004

1, 4, 9, 2, 25.5391, 23.0755, 26.66, 25.68, 0.340, 1.381, 0.004

0, 4, 8, 3, 25.5391, 23.0755, 26.66, 25.68, 0.220, 1.379, 0.004

1, 4, 9, 3, 25.5391, 23.0755, 26.66, 25.68, 0.330, 1.387, 0.004

0, 4, 8, 4, 25.5391, 23.0755, 26.66, 25.68, 0.210, 1.380, 0.004

1, 4, 9, 4, 25.5391, 23.0755, 26.66, 25.68, 0.330, 1.385, 0.004

0, 4, 8, 0, 0, 0, 26.66, 25.68, 0.210, 1.384, 0.004

1, 4, 9, 0, 0, 0, 27.15, 25.68, 0.280, 1.393, 0.004

0, 4, 8, 1, 0, 0, 26.66, 25.68, 0.210, 1.385, 0.004

1, 4, 9, 1, 0, 0, 27.15, 25.68, 0.280, 1.380, 0.004

0, 4, 8, 2, 0, 0, 26.66, 25.68, 0.210, 1.386, 0.004

1, 4, 9, 2, 0, 0, 27.15, 25.68, 0.280, 1.380, 0.004

0, 4, 8, 3, 0, 0, 26.66, 25.68, 0.220, 1.381, 0.004

1, 4, 9, 3, 0, 0, 27.15, 25.68, 0.270, 1.388, 0.004

0, 4, 8, 4, 0, 0, 26.66, 25.68, 0.210, 1.391, 0.004

1, 4, 9, 4, 0, 0, 27.15, 25.68, 0.280, 1.381, 0.004

0, 4, 8, 0, 25.5391, 23.3255, 25.68, 25.68, 0.220, 1.393, 0.004

1, 4, 9, 0, 25.5391, 23.3255, 25.20, 25.68, 0.320, 1.388, 0.004

0, 4, 8, 1, 25.5391, 23.3255, 25.68, 25.68, 0.220, 1.385, 0.004

1, 4, 9, 1, 25.5391, 23.3255, 25.20, 25.68, 0.320, 1.384, 0.004

0, 4, 8, 2, 25.5391, 23.3255, 25.68, 25.68, 0.220, 1.391, 0.004

1, 4, 9, 2, 25.5391, 23.3255, 25.20, 25.68, 0.330, 1.377, 0.004

0, 4, 8, 3, 25.5391, 23.3255, 25.68, 25.68, 0.210, 1.383, 0.004

1, 4, 9, 3, 25.5391, 23.3255, 25.20, 25.68, 0.330, 1.387, 0.004

0, 4, 8, 4, 25.5391, 23.3255, 25.68, 25.68, 0.220, 1.390, 0.004

1, 4, 9, 4, 25.5391, 23.3255, 25.20, 25.68, 0.320, 1.381, 0.004

0, 4, 8, 0, 25.5391, 23.5755, 25.20, 25.20, 0.220, 1.388, 0.004

1, 4, 9, 0, 25.5391, 23.5755, 26.17, 25.20, 0.310, 1.381, 0.004

0, 4, 8, 1, 25.5391, 23.5755, 25.20, 25.20, 0.220, 1.391, 0.004

1, 4, 9, 1, 25.5391, 23.5755, 26.17, 25.20, 0.310, 1.384, 0.004

0, 4, 8, 2, 25.5391, 23.5755, 25.20, 25.20, 0.210, 1.386, 0.004

1, 4, 9, 2, 25.5391, 23.5755, 26.17, 25.20, 0.310, 1.372, 0.004

0, 4, 8, 3, 25.5391, 23.5755, 25.20, 25.20, 0.220, 1.395, 0.004

1, 4, 9, 3, 25.5391, 23.5755, 26.17, 25.20, 0.310, 1.385, 0.004

0, 4, 8, 4, 25.5391, 23.5755, 25.20, 25.20, 0.220, 1.385, 0.004

1, 4, 9, 4, 25.5391, 23.5755, 26.17, 25.20, 0.300, 1.382, 0.004

0, 4, 8, 0, 25.5391, 23.8255, 25.20, 24.71, 0.220, 1.386, 0.004

1, 4, 9, 0, 25.5391, 23.8255, 25.68, 24.71, 0.300, 1.380, 0.004

0, 4, 8, 1, 25.5391, 23.8255, 25.20, 24.71, 0.220, 1.387, 0.004

1, 4, 9, 1, 25.5391, 23.8255, 25.68, 24.71, 0.300, 1.381, 0.004

0, 4, 8, 2, 25.5391, 23.8255, 25.20, 24.71, 0.220, 1.385, 0.004

1, 4, 9, 2, 25.5391, 23.8255, 25.68, 24.71, 0.300, 1.384, 0.004

0, 4, 8, 3, 25.5391, 23.8255, 25.20, 24.71, 0.220, 1.387, 0.004

1, 4, 9, 3, 25.5391, 23.8255, 25.68, 24.71, 0.300, 1.387, 0.004

0, 4, 8, 4, 25.5391, 23.8255, 25.20, 24.71, 0.220, 1.384, 0.004

1, 4, 9, 4, 25.5391, 23.8255, 25.68, 24.71, 0.300, 1.378, 0.004

0, 4, 8, 0, 25.5391, 24.0755, 25.68, 25.20, 0.230, 1.372, 0.004

1, 4, 9, 0, 25.5391, 24.0755, 26.66, 25.20, 0.290, 1.385, 0.004

0, 4, 8, 1, 25.5391, 24.0755, 25.68, 25.20, 0.230, 1.383, 0.004

1, 4, 9, 1, 25.5391, 24.0755, 26.66, 25.20, 0.290, 1.392, 0.004

0, 4, 8, 2, 25.5391, 24.0755, 25.68, 25.20, 0.230, 1.387, 0.004

1, 4, 9, 2, 25.5391, 24.0755, 26.66, 25.20, 0.290, 1.386, 0.004

0, 4, 8, 3, 25.5391, 24.0755, 25.68, 25.20, 0.230, 1.391, 0.004

1, 4, 9, 3, 25.5391, 24.0755, 26.66, 25.20, 0.290, 1.377, 0.004

0, 4, 8, 4, 25.5391, 24.0755, 25.68, 25.20, 0.230, 1.381, 0.004

1, 4, 9, 4, 25.5391, 24.0755, 26.66, 25.20, 0.290, 1.381, 0.004

0, 4, 8, 0, 25.5391, 24.3255, 26.66, 24.22, 0.240, 1.384, 0.004

1, 4, 9, 0, 25.5391, 24.3255, 26.17, 24.22, 0.280, 1.388, 0.004

0, 4, 8, 1, 25.5391, 24.3255, 26.66, 24.22, 0.240, 1.385, 0.004

1, 4, 9, 1, 25.5391, 24.3255, 26.17, 24.22, 0.280, 1.383, 0.004

0, 4, 8, 2, 25.5391, 24.3255, 26.66, 24.22, 0.240, 1.385, 0.004

1, 4, 9, 2, 25.5391, 24.3255, 26.17, 24.22, 0.290, 1.380, 0.004

0, 4, 8, 3, 25.5391, 24.3255, 26.66, 24.22, 0.240, 1.386, 0.004

1, 4, 9, 3, 25.5391, 24.3255, 26.17, 24.22, 0.280, 1.382, 0.004

0, 4, 8, 4, 25.5391, 24.3255, 26.66, 24.22, 0.240, 1.388, 0.004

1, 4, 9, 4, 25.5391, 24.3255, 26.17, 24.22, 0.280, 1.384, 0.004

0, 4, 8, 0, 25.5391, 24.5755, 25.20, 24.71, 0.260, 1.384, 0.004

1, 4, 9, 0, 25.5391, 24.5755, 26.17, 24.71, 0.280, 1.376, 0.004

0, 4, 8, 1, 25.5391, 24.5755, 25.20, 24.71, 0.250, 1.383, 0.004

1, 4, 9, 1, 25.5391, 24.5755, 26.17, 24.71, 0.290, 1.388, 0.004

0, 4, 8, 2, 25.5391, 24.5755, 25.20, 24.71, 0.250, 1.387, 0.004

1, 4, 9, 2, 25.5391, 24.5755, 26.17, 24.71, 0.280, 1.384, 0.004

0, 4, 8, 3, 25.5391, 24.5755, 25.20, 24.71, 0.260, 1.389, 0.004

1, 4, 9, 3, 25.5391, 24.5755, 26.17, 24.71, 0.280, 1.386, 0.004

0, 4, 8, 4, 25.5391, 24.5755, 25.20, 24.71, 0.250, 1.387, 0.004

1, 4, 9, 4, 25.5391, 24.5755, 26.17, 24.71, 0.280, 1.382, 0.004

0, 4, 8, 0, 25.5391, 24.8255, 24.71, 25.68, 0.270, 1.377, 0.004

1, 4, 9, 0, 25.5391, 24.8255, 25.68, 25.68, 0.280, 1.387, 0.004

0, 4, 8, 1, 25.5391, 24.8255, 24.71, 25.68, 0.270, 1.377, 0.004

1, 4, 9, 1, 25.5391, 24.8255, 25.68, 25.68, 0.280, 1.385, 0.004

0, 4, 8, 2, 25.5391, 24.8255, 24.71, 25.68, 0.260, 1.369, 0.004

1, 4, 9, 2, 25.5391, 24.8255, 25.68, 25.68, 0.290, 1.382, 0.004

0, 4, 8, 3, 25.5391, 24.8255, 24.71, 25.68, 0.270, 1.389, 0.004

1, 4, 9, 3, 25.5391, 24.8255, 25.68, 25.68, 0.280, 1.378, 0.004

0, 4, 8, 4, 25.5391, 24.8255, 24.71, 25.68, 0.270, 1.392, 0.004

1, 4, 9, 4, 25.5391, 24.8255, 25.68, 25.68, 0.280, 1.381, 0.004

0, 4, 8, 0, 25.5391, 25.0755, 24.71, 25.68, 0.280, 1.393, 0.004

1, 4, 9, 0, 25.5391, 25.0755, 26.17, 25.68, 0.280, 1.382, 0.004

0, 4, 8, 1, 25.5391, 25.0755, 24.71, 25.68, 0.270, 1.379, 0.004

1, 4, 9, 1, 25.5391, 25.0755, 26.17, 25.68, 0.280, 1.390, 0.004

0, 4, 8, 2, 25.5391, 25.0755, 24.71, 25.68, 0.270, 1.384, 0.004

1, 4, 9, 2, 25.5391, 25.0755, 26.17, 25.68, 0.280, 1.384, 0.004

0, 4, 8, 3, 25.5391, 25.0755, 24.71, 25.68, 0.280, 1.380, 0.004

1, 4, 9, 3, 25.5391, 25.0755, 26.17, 25.68, 0.280, 1.384, 0.004

0, 4, 8, 4, 25.5391, 25.0755, 24.71, 25.68, 0.270, 1.381, 0.004

1, 4, 9, 4, 25.5391, 25.0755, 26.17, 25.68, 0.280, 1.388, 0.004

0, 4, 8, 0, 25.5391, 25.3255, 25.20, 25.20, 0.270, 1.386, 0.004

1, 4, 9, 0, 25.5391, 25.3255, 25.68, 25.20, 0.280, 1.391, 0.004

0, 4, 8, 1, 25.5391, 25.3255, 25.20, 25.20, 0.270, 1.373, 0.004

1, 4, 9, 1, 25.5391, 25.3255, 25.68, 25.20, 0.280, 1.390, 0.004

0, 4, 8, 2, 25.5391, 25.3255, 25.20, 25.20, 0.270, 1.384, 0.004

1, 4, 9, 2, 25.5391, 25.3255, 25.68, 25.20, 0.280, 1.385, 0.004

0, 4, 8, 3, 25.5391, 25.3255, 25.20, 25.20, 0.270, 1.391, 0.004

1, 4, 9, 3, 25.5391, 25.3255, 25.68, 25.20, 0.280, 1.386, 0.004

0, 4, 8, 4, 25.5391, 25.3255, 25.20, 25.20, 0.280, 1.381, 0.004

1, 4, 9, 4, 25.5391, 25.3255, 25.68, 25.20, 0.280, 1.378, 0.004

0, 4, 8, 0, 25.5391, 25.5755, 25.20, 24.71, 0.280, 1.383, 0.004

1, 4, 9, 0, 25.5391, 25.5755, 26.17, 24.71, 0.290, 1.383, 0.004

0, 4, 8, 1, 25.5391, 25.5755, 25.20, 24.71, 0.280, 1.393, 0.004

1, 4, 9, 1, 25.5391, 25.5755, 26.17, 24.71, 0.280, 1.390, 0.004

0, 4, 8, 2, 25.5391, 25.5755, 25.20, 24.71, 0.280, 1.378, 0.004

1, 4, 9, 2, 25.5391, 25.5755, 26.17, 24.71, 0.280, 1.384, 0.004

0, 4, 8, 3, 25.5391, 25.5755, 25.20, 24.71, 0.280, 1.383, 0.004

1, 4, 9, 3, 25.5391, 25.5755, 26.17, 24.71, 0.280, 1.377, 0.004

0, 4, 8, 4, 25.5391, 25.5755, 25.20, 24.71, 0.280, 1.380, 0.004

1, 4, 9, 4, 25.5391, 25.5755, 26.17, 24.71, 0.280, 1.382, 0.004

0, 4, 8, 0, 25.5391, 25.8255, 27.15, 25.68, 0.280, 1.390, 0.004

1, 4, 9, 0, 25.5391, 25.8255, 26.66, 25.68, 0.280, 1.385, 0.004

0, 4, 8, 1, 25.5391, 25.8255, 27.15, 25.68, 0.290, 1.387, 0.004

1, 4, 9, 1, 25.5391, 25.8255, 26.66, 25.68, 0.280, 1.376, 0.004

0, 4, 8, 2, 25.5391, 25.8255, 27.15, 25.68, 0.290, 1.389, 0.004

1, 4, 9, 2, 25.5391, 25.8255, 26.66, 25.68, 0.280, 1.391, 0.004

0, 4, 8, 3, 25.5391, 25.8255, 27.15, 25.68, 0.280, 1.388, 0.004

1, 4, 9, 3, 25.5391, 25.8255, 26.66, 25.68, 0.280, 1.376, 0.004

0, 4, 8, 4, 25.5391, 25.8255, 27.15, 25.68, 0.290, 1.387, 0.004

1, 4, 9, 4, 25.5391, 25.8255, 26.66, 25.68, 0.280, 1.392, 0.004

0, 4, 8, 0, 25.5391, 26.0755, 25.68, 24.71, 0.290, 1.367, 0.004

1, 4, 9, 0, 25.5391, 26.0755, 26.66, 24.71, 0.280, 1.387, 0.004

0, 4, 8, 1, 25.5391, 26.0755, 25.68, 24.71, 0.300, 1.383, 0.004

1, 4, 9, 1, 25.5391, 26.0755, 26.66, 24.71, 0.290, 1.389, 0.004

0, 4, 8, 2, 25.5391, 26.0755, 25.68, 24.71, 0.290, 1.389, 0.004

1, 4, 9, 2, 25.5391, 26.0755, 26.66, 24.71, 0.280, 1.390, 0.004

0, 4, 8, 3, 25.5391, 26.0755, 25.68, 24.71, 0.290, 1.387, 0.004

1, 4, 9, 3, 25.5391, 26.0755, 26.66, 24.71, 0.280, 1.386, 0.004

0, 4, 8, 4, 25.5391, 26.0755, 25.68, 24.71, 0.290, 1.389, 0.004

1, 4, 9, 4, 25.5391, 26.0755, 26.66, 24.71, 0.280, 1.388, 0.004

0, 4, 8, 0, 25.5391, 26.3255, 25.68, 26.17, 0.290, 1.387, 0.004

1, 4, 9, 0, 25.5391, 26.3255, 27.15, 26.17, 0.280, 1.382, 0.004

0, 4, 8, 1, 25.5391, 26.3255, 25.68, 26.17, 0.290, 1.381, 0.004

1, 4, 9, 1, 25.5391, 26.3255, 27.15, 26.17, 0.280, 1.378, 0.004

0, 4, 8, 2, 25.5391, 26.3255, 25.68, 26.17, 0.290, 1.386, 0.004

1, 4, 9, 2, 25.5391, 26.3255, 27.15, 26.17, 0.280, 1.378, 0.004

0, 4, 8, 3, 25.5391, 26.3255, 25.68, 26.17, 0.290, 1.389, 0.004

1, 4, 9, 3, 25.5391, 26.3255, 27.15, 26.17, 0.280, 1.382, 0.004

0, 4, 8, 4, 25.5391, 26.3255, 25.68, 26.17, 0.290, 1.377, 0.004

1, 4, 9, 4, 25.5391, 26.3255, 27.15, 26.17, 0.280, 1.392, 0.004

0, 4, 8, 0, 25.5391, 26.5755, 26.17, 26.66, 0.300, 1.383, 0.004

1, 4, 9, 0, 25.5391, 26.5755, 26.66, 26.66, 0.290, 1.397, 0.004

0, 4, 8, 1, 25.5391, 26.5755, 26.17, 26.66, 0.290, 1.390, 0.004

1, 4, 9, 1, 25.5391, 26.5755, 26.66, 26.66, 0.280, 1.389, 0.004

0, 4, 8, 2, 25.5391, 26.5755, 26.17, 26.66, 0.290, 1.376, 0.004

1, 4, 9, 2, 25.5391, 26.5755, 26.66, 26.66, 0.280, 1.387, 0.004

0, 4, 8, 3, 25.5391, 26.5755, 26.17, 26.66, 0.290, 1.385, 0.004

1, 4, 9, 3, 25.5391, 26.5755, 26.66, 26.66, 0.280, 1.383, 0.004

0, 4, 8, 4, 25.5391, 26.5755, 26.17, 26.66, 0.300, 1.385, 0.004

1, 4, 9, 4, 25.5391, 26.5755, 26.66, 26.66, 0.280, 1.383, 0.004

0, 4, 8, 0, 25.5391, 26.8255, 25.68, 26.17, 0.290, 1.375, 0.004

1, 4, 9, 0, 25.5391, 26.8255, 25.68, 26.17, 0.280, 1.380, 0.004

0, 4, 8, 1, 25.5391, 26.8255, 25.68, 26.17, 0.290, 1.384, 0.004

1, 4, 9, 1, 25.5391, 26.8255, 25.68, 26.17, 0.280, 1.383, 0.004

0, 4, 8, 2, 25.5391, 26.8255, 25.68, 26.17, 0.290, 1.385, 0.004

1, 4, 9, 2, 25.5391, 26.8255, 25.68, 26.17, 0.280, 1.375, 0.004

0, 4, 8, 3, 25.5391, 26.8255, 25.68, 26.17, 0.290, 1.357, 0.004

1, 4, 9, 3, 25.5391, 26.8255, 25.68, 26.17, 0.280, 1.379, 0.004

0, 4, 8, 4, 25.5391, 26.8255, 25.68, 26.17, 0.290, 1.386, 0.004

1, 4, 9, 4, 25.5391, 26.8255, 25.68, 26.17, 0.280, 1.388, 0.004

0, 4, 8, 0, 25.5391, 27.0755, 25.68, 26.17, 0.290, 1.386, 0.004

1, 4, 9, 0, 25.5391, 27.0755, 26.66, 26.17, 0.280, 1.392, 0.004

0, 4, 8, 1, 25.5391, 27.0755, 25.68, 26.17, 0.290, 1.393, 0.004

1, 4, 9, 1, 25.5391, 27.0755, 26.66, 26.17, 0.280, 1.382, 0.004

0, 4, 8, 2, 25.5391, 27.0755, 25.68, 26.17, 0.290, 1.388, 0.004

1, 4, 9, 2, 25.5391, 27.0755, 26.66, 26.17, 0.280, 1.380, 0.004

0, 4, 8, 3, 25.5391, 27.0755, 25.68, 26.17, 0.290, 1.384, 0.004

1, 4, 9, 3, 25.5391, 27.0755, 26.66, 26.17, 0.280, 1.385, 0.004

0, 4, 8, 4, 25.5391, 27.0755, 25.68, 26.17, 0.280, 1.387, 0.004

1, 4, 9, 4, 25.5391, 27.0755, 26.66, 26.17, 0.280, 1.384, 0.004

0, 4, 8, 0, 0, 0, 26.66, 26.66, 0.210, 1.387, 0.004

1, 4, 9, 0, 0, 0, 27.15, 26.66, 0.280, 1.386, 0.004

0, 4, 8, 1, 0, 0, 26.66, 26.66, 0.220, 1.378, 0.004

1, 4, 9, 1, 0, 0, 27.15, 26.66, 0.280, 1.389, 0.004

0, 4, 8, 2, 0, 0, 26.66, 26.66, 0.220, 1.387, 0.004

1, 4, 9, 2, 0, 0, 27.15, 26.66, 0.280, 1.390, 0.004

0, 4, 8, 3, 0, 0, 26.66, 26.66, 0.210, 1.382, 0.004

1, 4, 9, 3, 0, 0, 27.15, 26.66, 0.280, 1.380, 0.004

0, 4, 8, 4, 0, 0, 26.66, 26.66, 0.220, 1.389, 0.004

1, 4, 9, 4, 0, 0, 27.15, 26.66, 0.280, 1.385, 0.004

0, 4, 8, 0, 25.5391, 27.3255, 25.20, 25.20, 0.300, 1.378, 0.004

1, 4, 9, 0, 25.5391, 27.3255, 26.17, 25.20, 0.280, 1.376, 0.004

0, 4, 8, 1, 25.5391, 27.3255, 25.20, 25.20, 0.290, 1.372, 0.004

1, 4, 9, 1, 25.5391, 27.3255, 26.17, 25.20, 0.280, 1.382, 0.004

0, 4, 8, 2, 25.5391, 27.3255, 25.20, 25.20, 0.290, 1.373, 0.004

1, 4, 9, 2, 25.5391, 27.3255, 26.17, 25.20, 0.280, 1.388, 0.004

0, 4, 8, 3, 25.5391, 27.3255, 25.20, 25.20, 0.290, 1.394, 0.004

1, 4, 9, 3, 25.5391, 27.3255, 26.17, 25.20, 0.280, 1.380, 0.004

0, 4, 8, 4, 25.5391, 27.3255, 25.20, 25.20, 0.290, 1.384, 0.004

1, 4, 9, 4, 25.5391, 27.3255, 26.17, 25.20, 0.280, 1.378, 0.004

0, 4, 8, 0, 25.5391, 27.5755, 25.20, 26.17, 0.290, 1.385, 0.004

1, 4, 9, 0, 25.5391, 27.5755, 25.68, 26.17, 0.280, 1.389, 0.004

0, 4, 8, 1, 25.5391, 27.5755, 25.20, 26.17, 0.280, 1.388, 0.004

1, 4, 9, 1, 25.5391, 27.5755, 25.68, 26.17, 0.280, 1.381, 0.004

0, 4, 8, 2, 25.5391, 27.5755, 25.20, 26.17, 0.290, 1.381, 0.004

1, 4, 9, 2, 25.5391, 27.5755, 25.68, 26.17, 0.280, 1.386, 0.004

0, 4, 8, 3, 25.5391, 27.5755, 25.20, 26.17, 0.290, 1.381, 0.004

1, 4, 9, 3, 25.5391, 27.5755, 25.68, 26.17, 0.280, 1.382, 0.004

0, 4, 8, 4, 25.5391, 27.5755, 25.20, 26.17, 0.290, 1.381, 0.004

1, 4, 9, 4, 25.5391, 27.5755, 25.68, 26.17, 0.280, 1.387, 0.004

0, 4, 8, 0, 25.5391, 27.8255, 26.66, 24.71, 0.290, 1.383, 0.004

1, 4, 9, 0, 25.5391, 27.8255, 26.17, 24.71, 0.280, 1.381, 0.004

0, 4, 8, 1, 25.5391, 27.8255, 26.66, 24.71, 0.290, 1.383, 0.004

1, 4, 9, 1, 25.5391, 27.8255, 26.17, 24.71, 0.280, 1.387, 0.004

0, 4, 8, 2, 25.5391, 27.8255, 26.66, 24.71, 0.290, 1.381, 0.004

1, 4, 9, 2, 25.5391, 27.8255, 26.17, 24.71, 0.280, 1.383, 0.004

0, 4, 8, 3, 25.5391, 27.8255, 26.66, 24.71, 0.300, 1.389, 0.004

1, 4, 9, 3, 25.5391, 27.8255, 26.17, 24.71, 0.280, 1.391, 0.004

0, 4, 8, 4, 25.5391, 27.8255, 26.66, 24.71, 0.290, 1.390, 0.004

1, 4, 9, 4, 25.5391, 27.8255, 26.17, 24.71, 0.280, 1.384, 0.004

0, 4, 8, 0, 25.5391, 28.0755, 25.20, 25.68, 0.300, 1.387, 0.004

1, 4, 9, 0, 25.5391, 28.0755, 26.66, 25.68, 0.280, 1.380, 0.004

0, 4, 8, 1, 25.5391, 28.0755, 25.20, 25.68, 0.300, 1.389, 0.004

1, 4, 9, 1, 25.5391, 28.0755, 26.66, 25.68, 0.280, 1.382, 0.004

0, 4, 8, 2, 25.5391, 28.0755, 25.20, 25.68, 0.300, 1.386, 0.004

1, 4, 9, 2, 25.5391, 28.0755, 26.66, 25.68, 0.280, 1.384, 0.004

0, 4, 8, 3, 25.5391, 28.0755, 25.20, 25.68, 0.290, 1.387, 0.004

1, 4, 9, 3, 25.5391, 28.0755, 26.66, 25.68, 0.280, 1.389, 0.004

0, 4, 8, 4, 25.5391, 28.0755, 25.20, 25.68, 0.290, 1.370, 0.004

1, 4, 9, 4, 25.5391, 28.0755, 26.66, 25.68, 0.280, 1.375, 0.004

0, 4, 8, 0, 25.5391, 28.3255, 26.17, 26.17, 0.290, 1.382, 0.004

1, 4, 9, 0, 25.5391, 28.3255, 26.66, 26.17, 0.280, 1.379, 0.004

0, 4, 8, 1, 25.5391, 28.3255, 26.17, 26.17, 0.290, 1.378, 0.004

1, 4, 9, 1, 25.5391, 28.3255, 26.66, 26.17, 0.280, 1.389, 0.004

0, 4, 8, 2, 25.5391, 28.3255, 26.17, 26.17, 0.290, 1.388, 0.004

1, 4, 9, 2, 25.5391, 28.3255, 26.66, 26.17, 0.280, 1.382, 0.004

0, 4, 8, 3, 25.5391, 28.3255, 26.17, 26.17, 0.300, 1.377, 0.004

1, 4, 9, 3, 25.5391, 28.3255, 26.66, 26.17, 0.280, 1.375, 0.004

0, 4, 8, 4, 25.5391, 28.3255, 26.17, 26.17, 0.300, 1.382, 0.004

1, 4, 9, 4, 25.5391, 28.3255, 26.66, 26.17, 0.280, 1.389, 0.004

0, 4, 8, 0, 25.5391, 28.5755, 25.20, 26.66, 0.300, 1.387, 0.004

1, 4, 9, 0, 25.5391, 28.5755, 26.17, 26.66, 0.280, 1.383, 0.004

0, 4, 8, 1, 25.5391, 28.5755, 25.20, 26.66, 0.290, 1.378, 0.004

1, 4, 9, 1, 25.5391, 28.5755, 26.17, 26.66, 0.280, 1.384, 0.004

0, 4, 8, 2, 25.5391, 28.5755, 25.20, 26.66, 0.290, 1.381, 0.004

1, 4, 9, 2, 25.5391, 28.5755, 26.17, 26.66, 0.280, 1.388, 0.004

0, 4, 8, 3, 25.5391, 28.5755, 25.20, 26.66, 0.290, 1.383, 0.004

1, 4, 9, 3, 25.5391, 28.5755, 26.17, 26.66, 0.280, 1.391, 0.004

0, 4, 8, 4, 25.5391, 28.5755, 25.20, 26.66, 0.300, 1.395, 0.004

1, 4, 9, 4, 25.5391, 28.5755, 26.17, 26.66, 0.280, 1.383, 0.004

0, 4, 8, 0, 25.5391, 28.8255, 25.68, 26.66, 0.290, 1.391, 0.004

1, 4, 9, 0, 25.5391, 28.8255, 30.08, 26.66, 0.280, 1.385, 0.004

0, 4, 8, 1, 25.5391, 28.8255, 25.68, 26.66, 0.290, 1.383, 0.004

1, 4, 9, 1, 25.5391, 28.8255, 30.08, 26.66, 0.280, 1.374, 0.004

0, 4, 8, 2, 25.5391, 28.8255, 25.68, 26.66, 0.290, 1.383, 0.004

1, 4, 9, 2, 25.5391, 28.8255, 30.08, 26.66, 0.280, 1.394, 0.004

0, 4, 8, 3, 25.5391, 28.8255, 25.68, 26.66, 0.290, 1.380, 0.004

1, 4, 9, 3, 25.5391, 28.8255, 30.08, 26.66, 0.280, 1.381, 0.004

0, 4, 8, 4, 25.5391, 28.8255, 25.68, 26.66, 0.290, 1.382, 0.004

1, 4, 9, 4, 25.5391, 28.8255, 30.08, 26.66, 0.280, 1.386, 0.004

0, 4, 8, 0, 25.5391, 29.0755, 25.68, 25.68, 0.290, 1.385, 0.004

1, 4, 9, 0, 25.5391, 29.0755, 25.68, 25.68, 0.290, 1.372, 0.004

0, 4, 8, 1, 25.5391, 29.0755, 25.68, 25.68, 0.290, 1.389, 0.004

1, 4, 9, 1, 25.5391, 29.0755, 25.68, 25.68, 0.280, 1.388, 0.004

0, 4, 8, 2, 25.5391, 29.0755, 25.68, 25.68, 0.290, 1.377, 0.004

1, 4, 9, 2, 25.5391, 29.0755, 25.68, 25.68, 0.280, 1.391, 0.004

0, 4, 8, 3, 25.5391, 29.0755, 25.68, 25.68, 0.300, 1.377, 0.004

1, 4, 9, 3, 25.5391, 29.0755, 25.68, 25.68, 0.280, 1.385, 0.004

0, 4, 8, 4, 25.5391, 29.0755, 25.68, 25.68, 0.290, 1.377, 0.004

1, 4, 9, 4, 25.5391, 29.0755, 25.68, 25.68, 0.280, 1.382, 0.004

0, 4, 8, 0, 25.5391, 29.3255, 26.17, 25.68, 0.290, 1.384, 0.004

1, 4, 9, 0, 25.5391, 29.3255, 29.10, 25.68, 0.280, 1.385, 0.004

0, 4, 8, 1, 25.5391, 29.3255, 26.17, 25.68, 0.290, 1.390, 0.004

1, 4, 9, 1, 25.5391, 29.3255, 29.10, 25.68, 0.280, 1.381, 0.004

0, 4, 8, 2, 25.5391, 29.3255, 26.17, 25.68, 0.280, 1.379, 0.004

1, 4, 9, 2, 25.5391, 29.3255, 29.10, 25.68, 0.280, 1.389, 0.004

0, 4, 8, 3, 25.5391, 29.3255, 26.17, 25.68, 0.290, 1.381, 0.004

1, 4, 9, 3, 25.5391, 29.3255, 29.10, 25.68, 0.280, 1.387, 0.004

0, 4, 8, 4, 25.5391, 29.3255, 26.17, 25.68, 0.290, 1.379, 0.004

1, 4, 9, 4, 25.5391, 29.3255, 29.10, 25.68, 0.280, 1.382, 0.004

0, 4, 8, 0, 25.5391, 29.5755, 28.12, 26.66, 0.280, 1.382, 0.004

1, 4, 9, 0, 25.5391, 29.5755, 26.66, 26.66, 0.280, 1.383, 0.004

0, 4, 8, 1, 25.5391, 29.5755, 28.12, 26.66, 0.280, 1.389, 0.004

1, 4, 9, 1, 25.5391, 29.5755, 26.66, 26.66, 0.280, 1.390, 0.004

0, 4, 8, 2, 25.5391, 29.5755, 28.12, 26.66, 0.280, 1.389, 0.004

1, 4, 9, 2, 25.5391, 29.5755, 26.66, 26.66, 0.280, 1.383, 0.004

0, 4, 8, 3, 25.5391, 29.5755, 28.12, 26.66, 0.280, 1.390, 0.004

1, 4, 9, 3, 25.5391, 29.5755, 26.66, 26.66, 0.280, 1.391, 0.004

0, 4, 8, 4, 25.5391, 29.5755, 28.12, 26.66, 0.280, 1.394, 0.004

1, 4, 9, 4, 25.5391, 29.5755, 26.66, 26.66, 0.280, 1.387, 0.004

0, 4, 8, 0, 25.5391, 29.8255, 25.68, 25.68, 0.280, 1.386, 0.004

1, 4, 9, 0, 25.5391, 29.8255, 26.66, 25.68, 0.280, 1.390, 0.004

0, 4, 8, 1, 25.5391, 29.8255, 25.68, 25.68, 0.280, 1.391, 0.004

1, 4, 9, 1, 25.5391, 29.8255, 26.66, 25.68, 0.280, 1.385, 0.004

0, 4, 8, 2, 25.5391, 29.8255, 25.68, 25.68, 0.280, 1.387, 0.004

1, 4, 9, 2, 25.5391, 29.8255, 26.66, 25.68, 0.290, 1.386, 0.004

0, 4, 8, 3, 25.5391, 29.8255, 25.68, 25.68, 0.280, 1.383, 0.004

1, 4, 9, 3, 25.5391, 29.8255, 26.66, 25.68, 0.280, 1.382, 0.004

0, 4, 8, 4, 25.5391, 29.8255, 25.68, 25.68, 0.280, 1.388, 0.004

1, 4, 9, 4, 25.5391, 29.8255, 26.66, 25.68, 0.280, 1.386, 0.004

0, 4, 8, 0, 25.5391, 30.0755, 25.20, 28.12, 0.290, 1.387, 0.004

1, 4, 9, 0, 25.5391, 30.0755, 28.12, 28.12, 0.280, 1.386, 0.004

0, 4, 8, 1, 25.5391, 30.0755, 25.20, 28.12, 0.290, 1.384, 0.004

1, 4, 9, 1, 25.5391, 30.0755, 28.12, 28.12, 0.280, 1.385, 0.004

0, 4, 8, 2, 25.5391, 30.0755, 25.20, 28.12, 0.290, 1.382, 0.004

1, 4, 9, 2, 25.5391, 30.0755, 28.12, 28.12, 0.280, 1.380, 0.004

0, 4, 8, 3, 25.5391, 30.0755, 25.20, 28.12, 0.290, 1.384, 0.004

1, 4, 9, 3, 25.5391, 30.0755, 28.12, 28.12, 0.280, 1.382, 0.004

0, 4, 8, 4, 25.5391, 30.0755, 25.20, 28.12, 0.290, 1.392, 0.004

1, 4, 9, 4, 25.5391, 30.0755, 28.12, 28.12, 0.280, 1.385, 0.004

0, 4, 8, 0, 25.5391, 30.3255, 26.17, 23.73, 0.280, 1.392, 0.004

1, 4, 9, 0, 25.5391, 30.3255, 26.66, 23.73, 0.280, 1.378, 0.004

0, 4, 8, 1, 25.5391, 30.3255, 26.17, 23.73, 0.290, 1.377, 0.004

1, 4, 9, 1, 25.5391, 30.3255, 26.66, 23.73, 0.280, 1.381, 0.004

0, 4, 8, 2, 25.5391, 30.3255, 26.17, 23.73, 0.300, 1.388, 0.004

1, 4, 9, 2, 25.5391, 30.3255, 26.66, 23.73, 0.280, 1.383, 0.004

0, 4, 8, 3, 25.5391, 30.3255, 26.17, 23.73, 0.300, 1.389, 0.004

1, 4, 9, 3, 25.5391, 30.3255, 26.66, 23.73, 0.280, 1.385, 0.004

0, 4, 8, 4, 25.5391, 30.3255, 26.17, 23.73, 0.280, 1.375, 0.004

1, 4, 9, 4, 25.5391, 30.3255, 26.66, 23.73, 0.280, 1.380, 0.004

0, 4, 8, 0, 25.5391, 30.5755, 24.22, 27.64, 0.290, 1.381, 0.004

1, 4, 9, 0, 25.5391, 30.5755, 26.66, 27.64, 0.280, 1.376, 0.004

0, 4, 8, 1, 25.5391, 30.5755, 24.22, 27.64, 0.280, 1.396, 0.004

1, 4, 9, 1, 25.5391, 30.5755, 26.66, 27.64, 0.280, 1.386, 0.004

0, 4, 8, 2, 25.5391, 30.5755, 24.22, 27.64, 0.280, 1.383, 0.004

1, 4, 9, 2, 25.5391, 30.5755, 26.66, 27.64, 0.280, 1.387, 0.004

0, 4, 8, 3, 25.5391, 30.5755, 24.22, 27.64, 0.280, 1.389, 0.004

1, 4, 9, 3, 25.5391, 30.5755, 26.66, 27.64, 0.280, 1.391, 0.004

0, 4, 8, 4, 25.5391, 30.5755, 24.22, 27.64, 0.280, 1.383, 0.004

1, 4, 9, 4, 25.5391, 30.5755, 26.66, 27.64, 0.280, 1.382, 0.004

0, 4, 8, 0, 25.5391, 30.8255, 25.68, 25.68, 0.260, 1.386, 0.004

1, 4, 9, 0, 25.5391, 30.8255, 26.66, 25.68, 0.280, 1.380, 0.004

0, 4, 8, 1, 25.5391, 30.8255, 25.68, 25.68, 0.260, 1.386, 0.004

1, 4, 9, 1, 25.5391, 30.8255, 26.66, 25.68, 0.280, 1.389, 0.004

0, 4, 8, 2, 25.5391, 30.8255, 25.68, 25.68, 0.260, 1.382, 0.004

1, 4, 9, 2, 25.5391, 30.8255, 26.66, 25.68, 0.280, 1.382, 0.004

0, 4, 8, 3, 25.5391, 30.8255, 25.68, 25.68, 0.260, 1.380, 0.004

1, 4, 9, 3, 25.5391, 30.8255, 26.66, 25.68, 0.280, 1.379, 0.004

0, 4, 8, 4, 25.5391, 30.8255, 25.68, 25.68, 0.260, 1.385, 0.004

1, 4, 9, 4, 25.5391, 30.8255, 26.66, 25.68, 0.280, 1.387, 0.004

0, 4, 8, 0, 25.5391, 31.0755, 25.68, 24.22, 0.240, 1.390, 0.004

1, 4, 9, 0, 25.5391, 31.0755, 26.17, 24.22, 0.280, 1.388, 0.004

0, 4, 8, 1, 25.5391, 31.0755, 25.68, 24.22, 0.240, 1.391, 0.004

1, 4, 9, 1, 25.5391, 31.0755, 26.17, 24.22, 0.280, 1.382, 0.004

0, 4, 8, 2, 25.5391, 31.0755, 25.68, 24.22, 0.240, 1.385, 0.004

1, 4, 9, 2, 25.5391, 31.0755, 26.17, 24.22, 0.280, 1.381, 0.004

0, 4, 8, 3, 25.5391, 31.0755, 25.68, 24.22, 0.240, 1.387, 0.004

1, 4, 9, 3, 25.5391, 31.0755, 26.17, 24.22, 0.280, 1.389, 0.004

0, 4, 8, 4, 25.5391, 31.0755, 25.68, 24.22, 0.240, 1.391, 0.004

1, 4, 9, 4, 25.5391, 31.0755, 26.17, 24.22, 0.280, 1.384, 0.004

0, 4, 8, 0, 0, 0, 26.66, 26.17, 0.210, 1.379, 0.004

1, 4, 9, 0, 0, 0, 27.64, 26.17, 0.280, 1.384, 0.004

0, 4, 8, 1, 0, 0, 26.66, 26.17, 0.210, 1.382, 0.004

1, 4, 9, 1, 0, 0, 27.64, 26.17, 0.280, 1.379, 0.004

0, 4, 8, 2, 0, 0, 26.66, 26.17, 0.220, 1.388, 0.004

1, 4, 9, 2, 0, 0, 27.64, 26.17, 0.280, 1.392, 0.004

0, 4, 8, 3, 0, 0, 26.66, 26.17, 0.210, 1.386, 0.004

1, 4, 9, 3, 0, 0, 27.64, 26.17, 0.280, 1.379, 0.004

0, 4, 8, 4, 0, 0, 26.66, 26.17, 0.220, 1.383, 0.004

1, 4, 9, 4, 0, 0, 27.64, 26.17, 0.270, 1.381, 0.004

0, 4, 8, 0, 25.5391, 31.3255, 25.20, 25.20, 0.220, 1.391, 0.004

1, 4, 9, 0, 25.5391, 31.3255, 26.66, 25.20, 0.280, 1.383, 0.004

0, 4, 8, 1, 25.5391, 31.3255, 25.20, 25.20, 0.220, 1.391, 0.004

1, 4, 9, 1, 25.5391, 31.3255, 26.66, 25.20, 0.280, 1.386, 0.004

0, 4, 8, 2, 25.5391, 31.3255, 25.20, 25.20, 0.230, 1.384, 0.004

1, 4, 9, 2, 25.5391, 31.3255, 26.66, 25.20, 0.280, 1.379, 0.004

0, 4, 8, 3, 25.5391, 31.3255, 25.20, 25.20, 0.220, 1.394, 0.004

1, 4, 9, 3, 25.5391, 31.3255, 26.66, 25.20, 0.280, 1.382, 0.004

0, 4, 8, 4, 25.5391, 31.3255, 25.20, 25.20, 0.220, 1.392, 0.004

1, 4, 9, 4, 25.5391, 31.3255, 26.66, 25.20, 0.280, 1.384, 0.004

0, 4, 8, 0, 25.5391, 31.5755, 25.68, 26.66, 0.220, 1.382, 0.004

1, 4, 9, 0, 25.5391, 31.5755, 27.64, 26.66, 0.270, 1.389, 0.004

0, 4, 8, 1, 25.5391, 31.5755, 25.68, 26.66, 0.220, 1.379, 0.004

1, 4, 9, 1, 25.5391, 31.5755, 27.64, 26.66, 0.280, 1.386, 0.004

0, 4, 8, 2, 25.5391, 31.5755, 25.68, 26.66, 0.220, 1.389, 0.004

1, 4, 9, 2, 25.5391, 31.5755, 27.64, 26.66, 0.280, 1.385, 0.004

0, 4, 8, 3, 25.5391, 31.5755, 25.68, 26.66, 0.220, 1.393, 0.004

1, 4, 9, 3, 25.5391, 31.5755, 27.64, 26.66, 0.280, 1.393, 0.004

0, 4, 8, 4, 25.5391, 31.5755, 25.68, 26.66, 0.220, 1.388, 0.004

1, 4, 9, 4, 25.5391, 31.5755, 27.64, 26.66, 0.280, 1.389, 0.004

0, 4, 8, 0, 25.5391, 31.8255, 24.22, 25.68, 0.210, 1.385, 0.004

1, 4, 9, 0, 25.5391, 31.8255, 26.66, 25.68, 0.280, 1.387, 0.004

0, 4, 8, 1, 25.5391, 31.8255, 24.22, 25.68, 0.210, 1.392, 0.004

1, 4, 9, 1, 25.5391, 31.8255, 26.66, 25.68, 0.280, 1.394, 0.004

0, 4, 8, 2, 25.5391, 31.8255, 24.22, 25.68, 0.220, 1.381, 0.004

1, 4, 9, 2, 25.5391, 31.8255, 26.66, 25.68, 0.280, 1.389, 0.004

0, 4, 8, 3, 25.5391, 31.8255, 24.22, 25.68, 0.210, 1.385, 0.004

1, 4, 9, 3, 25.5391, 31.8255, 26.66, 25.68, 0.280, 1.384, 0.004

0, 4, 8, 4, 25.5391, 31.8255, 24.22, 25.68, 0.220, 1.373, 0.004

1, 4, 9, 4, 25.5391, 31.8255, 26.66, 25.68, 0.280, 1.387, 0.004

0, 4, 8, 0, 25.5391, 32.0755, 25.68, 25.20, 0.220, 1.386, 0.004

1, 4, 9, 0, 25.5391, 32.0755, 26.66, 25.20, 0.280, 1.377, 0.004

0, 4, 8, 1, 25.5391, 32.0755, 25.68, 25.20, 0.220, 1.379, 0.004

1, 4, 9, 1, 25.5391, 32.0755, 26.66, 25.20, 0.280, 1.388, 0.004

0, 4, 8, 2, 25.5391, 32.0755, 25.68, 25.20, 0.210, 1.384, 0.004

1, 4, 9, 2, 25.5391, 32.0755, 26.66, 25.20, 0.280, 1.383, 0.004

0, 4, 8, 3, 25.5391, 32.0755, 25.68, 25.20, 0.220, 1.391, 0.004

1, 4, 9, 3, 25.5391, 32.0755, 26.66, 25.20, 0.280, 1.385, 0.004

0, 4, 8, 4, 25.5391, 32.0755, 25.68, 25.20, 0.210, 1.388, 0.004

1, 4, 9, 4, 25.5391, 32.0755, 26.66, 25.20, 0.280, 1.384, 0.004

0, 4, 8, 0, 25.5391, 32.3255, 25.68, 23.73, 0.210, 1.392, 0.004

1, 4, 9, 0, 25.5391, 32.3255, 26.66, 23.73, 0.280, 1.382, 0.004

0, 4, 8, 1, 25.5391, 32.3255, 25.68, 23.73, 0.210, 1.385, 0.004

1, 4, 9, 1, 25.5391, 32.3255, 26.66, 23.73, 0.280, 1.389, 0.004

0, 4, 8, 2, 25.5391, 32.3255, 25.68, 23.73, 0.210, 1.384, 0.004

1, 4, 9, 2, 25.5391, 32.3255, 26.66, 23.73, 0.280, 1.385, 0.004

0, 4, 8, 3, 25.5391, 32.3255, 25.68, 23.73, 0.210, 1.381, 0.004

1, 4, 9, 3, 25.5391, 32.3255, 26.66, 23.73, 0.280, 1.389, 0.004

0, 4, 8, 4, 25.5391, 32.3255, 25.68, 23.73, 0.210, 1.383, 0.004

1, 4, 9, 4, 25.5391, 32.3255, 26.66, 23.73, 0.280, 1.386, 0.004

0, 4, 8, 0, 25.5391, 32.5755, 25.68, 25.68, 0.210, 1.380, 0.004

1, 4, 9, 0, 25.5391, 32.5755, 26.66, 25.68, 0.290, 1.380, 0.004

0, 4, 8, 1, 25.5391, 32.5755, 25.68, 25.68, 0.220, 1.383, 0.004

1, 4, 9, 1, 25.5391, 32.5755, 26.66, 25.68, 0.280, 1.380, 0.004

0, 4, 8, 2, 25.5391, 32.5755, 25.68, 25.68, 0.210, 1.392, 0.004

1, 4, 9, 2, 25.5391, 32.5755, 26.66, 25.68, 0.280, 1.382, 0.004

0, 4, 8, 3, 25.5391, 32.5755, 25.68, 25.68, 0.210, 1.385, 0.004

1, 4, 9, 3, 25.5391, 32.5755, 26.66, 25.68, 0.280, 1.381, 0.004

0, 4, 8, 4, 25.5391, 32.5755, 25.68, 25.68, 0.220, 1.384, 0.004

1, 4, 9, 4, 25.5391, 32.5755, 26.66, 25.68, 0.280, 1.381, 0.004

