Test Sector:
Device ID, Channel, Tile ID, trial, x, y, temp, temp_control, IMON, RMON, VCOMP
xorigincm, xfinalcm, xsteplengthcm, xsteps = 36.5754, 36.5754, 0, 94
yorigincm, yfinalcm, ysteplengthcm, nRepeat = 12.17, 35.83, 0.25, 5
0, 6, 12, 0, 0, 0, 29.10, 27.15, 0.270, 1.382, 0.004

1, 6, 13, 0, 0, 0, 26.66, 27.15, 0.260, 1.383, 0.004

0, 6, 12, 1, 0, 0, 29.10, 27.15, 0.280, 1.387, 0.004

1, 6, 13, 1, 0, 0, 26.66, 27.15, 0.260, 1.379, 0.004

0, 6, 12, 2, 0, 0, 29.10, 27.15, 0.280, 1.386, 0.004

1, 6, 13, 2, 0, 0, 26.66, 27.15, 0.260, 1.386, 0.004

0, 6, 12, 3, 0, 0, 29.10, 27.15, 0.270, 1.391, 0.004

1, 6, 13, 3, 0, 0, 26.66, 27.15, 0.260, 1.380, 0.004

0, 6, 12, 4, 0, 0, 29.10, 27.15, 0.270, 1.384, 0.004

1, 6, 13, 4, 0, 0, 26.66, 27.15, 0.260, 1.383, 0.004

0, 6, 12, 0, 36.5754, 12.17, 25.68, 27.15, 0.270, 1.396, 0.004

1, 6, 13, 0, 36.5754, 12.17, 27.15, 27.15, 0.260, 1.380, 0.004

0, 6, 12, 1, 36.5754, 12.17, 25.68, 27.15, 0.270, 1.386, 0.004

1, 6, 13, 1, 36.5754, 12.17, 27.15, 27.15, 0.270, 1.384, 0.004

0, 6, 12, 2, 36.5754, 12.17, 25.68, 27.15, 0.270, 1.392, 0.004

1, 6, 13, 2, 36.5754, 12.17, 27.15, 27.15, 0.260, 1.380, 0.004

0, 6, 12, 3, 36.5754, 12.17, 25.68, 27.15, 0.270, 1.392, 0.004

1, 6, 13, 3, 36.5754, 12.17, 27.15, 27.15, 0.260, 1.379, 0.004

0, 6, 12, 4, 36.5754, 12.17, 25.68, 27.15, 0.270, 1.392, 0.004

1, 6, 13, 4, 36.5754, 12.17, 27.15, 27.15, 0.260, 1.369, 0.004

0, 6, 12, 0, 36.5754, 12.42, 26.17, 25.68, 0.270, 1.390, 0.004

1, 6, 13, 0, 36.5754, 12.42, 26.17, 25.68, 0.270, 1.386, 0.004

0, 6, 12, 1, 36.5754, 12.42, 26.17, 25.68, 0.260, 1.381, 0.004

1, 6, 13, 1, 36.5754, 12.42, 26.17, 25.68, 0.270, 1.384, 0.004

0, 6, 12, 2, 36.5754, 12.42, 26.17, 25.68, 0.260, 1.398, 0.004

1, 6, 13, 2, 36.5754, 12.42, 26.17, 25.68, 0.260, 1.381, 0.004

0, 6, 12, 3, 36.5754, 12.42, 26.17, 25.68, 0.260, 1.386, 0.004

1, 6, 13, 3, 36.5754, 12.42, 26.17, 25.68, 0.260, 1.379, 0.004

0, 6, 12, 4, 36.5754, 12.42, 26.17, 25.68, 0.260, 1.394, 0.004

1, 6, 13, 4, 36.5754, 12.42, 26.17, 25.68, 0.260, 1.386, 0.004

0, 6, 12, 0, 36.5754, 12.67, 25.20, 25.68, 0.260, 1.391, 0.004

1, 6, 13, 0, 36.5754, 12.67, 26.66, 25.68, 0.260, 1.381, 0.004

0, 6, 12, 1, 36.5754, 12.67, 25.20, 25.68, 0.260, 1.386, 0.004

1, 6, 13, 1, 36.5754, 12.67, 26.66, 25.68, 0.270, 1.386, 0.004

0, 6, 12, 2, 36.5754, 12.67, 25.20, 25.68, 0.260, 1.391, 0.004

1, 6, 13, 2, 36.5754, 12.67, 26.66, 25.68, 0.260, 1.378, 0.004

0, 6, 12, 3, 36.5754, 12.67, 25.20, 25.68, 0.260, 1.397, 0.004

1, 6, 13, 3, 36.5754, 12.67, 26.66, 25.68, 0.260, 1.376, 0.004

0, 6, 12, 4, 36.5754, 12.67, 25.20, 25.68, 0.270, 1.392, 0.004

1, 6, 13, 4, 36.5754, 12.67, 26.66, 25.68, 0.260, 1.377, 0.004

0, 6, 12, 0, 36.5754, 12.92, 26.17, 25.68, 0.270, 1.393, 0.004

1, 6, 13, 0, 36.5754, 12.92, 26.17, 25.68, 0.260, 1.382, 0.004

0, 6, 12, 1, 36.5754, 12.92, 26.17, 25.68, 0.260, 1.394, 0.004

1, 6, 13, 1, 36.5754, 12.92, 26.17, 25.68, 0.270, 1.380, 0.004

0, 6, 12, 2, 36.5754, 12.92, 26.17, 25.68, 0.260, 1.391, 0.004

1, 6, 13, 2, 36.5754, 12.92, 26.17, 25.68, 0.260, 1.377, 0.004

0, 6, 12, 3, 36.5754, 12.92, 26.17, 25.68, 0.260, 1.394, 0.004

1, 6, 13, 3, 36.5754, 12.92, 26.17, 25.68, 0.260, 1.384, 0.004

0, 6, 12, 4, 36.5754, 12.92, 26.17, 25.68, 0.260, 1.401, 0.004

1, 6, 13, 4, 36.5754, 12.92, 26.17, 25.68, 0.260, 1.381, 0.004

0, 6, 12, 0, 36.5754, 13.17, 27.64, 26.17, 0.260, 1.392, 0.004

1, 6, 13, 0, 36.5754, 13.17, 27.15, 26.17, 0.260, 1.380, 0.004

0, 6, 12, 1, 36.5754, 13.17, 27.64, 26.17, 0.260, 1.385, 0.004

1, 6, 13, 1, 36.5754, 13.17, 27.15, 26.17, 0.260, 1.388, 0.004

0, 6, 12, 2, 36.5754, 13.17, 27.64, 26.17, 0.260, 1.395, 0.004

1, 6, 13, 2, 36.5754, 13.17, 27.15, 26.17, 0.260, 1.381, 0.004

0, 6, 12, 3, 36.5754, 13.17, 27.64, 26.17, 0.270, 1.393, 0.004

1, 6, 13, 3, 36.5754, 13.17, 27.15, 26.17, 0.260, 1.384, 0.004

0, 6, 12, 4, 36.5754, 13.17, 27.64, 26.17, 0.260, 1.390, 0.004

1, 6, 13, 4, 36.5754, 13.17, 27.15, 26.17, 0.270, 1.378, 0.004

0, 6, 12, 0, 36.5754, 13.42, 25.20, 26.17, 0.260, 1.388, 0.004

1, 6, 13, 0, 36.5754, 13.42, 26.17, 26.17, 0.260, 1.387, 0.004

0, 6, 12, 1, 36.5754, 13.42, 25.20, 26.17, 0.260, 1.398, 0.004

1, 6, 13, 1, 36.5754, 13.42, 26.17, 26.17, 0.270, 1.381, 0.004

0, 6, 12, 2, 36.5754, 13.42, 25.20, 26.17, 0.260, 1.397, 0.004

1, 6, 13, 2, 36.5754, 13.42, 26.17, 26.17, 0.270, 1.380, 0.004

0, 6, 12, 3, 36.5754, 13.42, 25.20, 26.17, 0.260, 1.395, 0.004

1, 6, 13, 3, 36.5754, 13.42, 26.17, 26.17, 0.270, 1.376, 0.004

0, 6, 12, 4, 36.5754, 13.42, 25.20, 26.17, 0.260, 1.393, 0.004

1, 6, 13, 4, 36.5754, 13.42, 26.17, 26.17, 0.270, 1.380, 0.004

0, 6, 12, 0, 36.5754, 13.67, 25.20, 26.17, 0.260, 1.384, 0.004

1, 6, 13, 0, 36.5754, 13.67, 26.66, 26.17, 0.270, 1.373, 0.004

0, 6, 12, 1, 36.5754, 13.67, 25.20, 26.17, 0.260, 1.391, 0.004

1, 6, 13, 1, 36.5754, 13.67, 26.66, 26.17, 0.270, 1.379, 0.004

0, 6, 12, 2, 36.5754, 13.67, 25.20, 26.17, 0.260, 1.391, 0.004

1, 6, 13, 2, 36.5754, 13.67, 26.66, 26.17, 0.270, 1.386, 0.004

0, 6, 12, 3, 36.5754, 13.67, 25.20, 26.17, 0.260, 1.388, 0.004

1, 6, 13, 3, 36.5754, 13.67, 26.66, 26.17, 0.270, 1.377, 0.004

0, 6, 12, 4, 36.5754, 13.67, 25.20, 26.17, 0.260, 1.394, 0.004

1, 6, 13, 4, 36.5754, 13.67, 26.66, 26.17, 0.270, 1.375, 0.004

0, 6, 12, 0, 36.5754, 13.92, 25.20, 26.17, 0.260, 1.388, 0.004

1, 6, 13, 0, 36.5754, 13.92, 27.15, 26.17, 0.270, 1.379, 0.004

0, 6, 12, 1, 36.5754, 13.92, 25.20, 26.17, 0.270, 1.396, 0.004

1, 6, 13, 1, 36.5754, 13.92, 27.15, 26.17, 0.270, 1.379, 0.004

0, 6, 12, 2, 36.5754, 13.92, 25.20, 26.17, 0.260, 1.390, 0.004

1, 6, 13, 2, 36.5754, 13.92, 27.15, 26.17, 0.280, 1.386, 0.004

0, 6, 12, 3, 36.5754, 13.92, 25.20, 26.17, 0.260, 1.393, 0.004

1, 6, 13, 3, 36.5754, 13.92, 27.15, 26.17, 0.270, 1.385, 0.004

0, 6, 12, 4, 36.5754, 13.92, 25.20, 26.17, 0.260, 1.390, 0.004

1, 6, 13, 4, 36.5754, 13.92, 27.15, 26.17, 0.270, 1.383, 0.004

0, 6, 12, 0, 36.5754, 14.17, 24.71, 26.17, 0.260, 1.391, 0.004

1, 6, 13, 0, 36.5754, 14.17, 26.66, 26.17, 0.280, 1.388, 0.004

0, 6, 12, 1, 36.5754, 14.17, 24.71, 26.17, 0.260, 1.390, 0.004

1, 6, 13, 1, 36.5754, 14.17, 26.66, 26.17, 0.280, 1.381, 0.004

0, 6, 12, 2, 36.5754, 14.17, 24.71, 26.17, 0.260, 1.383, 0.004

1, 6, 13, 2, 36.5754, 14.17, 26.66, 26.17, 0.290, 1.382, 0.004

0, 6, 12, 3, 36.5754, 14.17, 24.71, 26.17, 0.260, 1.394, 0.004

1, 6, 13, 3, 36.5754, 14.17, 26.66, 26.17, 0.290, 1.385, 0.004

0, 6, 12, 4, 36.5754, 14.17, 24.71, 26.17, 0.260, 1.385, 0.004

1, 6, 13, 4, 36.5754, 14.17, 26.66, 26.17, 0.280, 1.373, 0.004

0, 6, 12, 0, 36.5754, 14.42, 26.17, 26.66, 0.260, 1.389, 0.004

1, 6, 13, 0, 36.5754, 14.42, 27.15, 26.66, 0.300, 1.380, 0.004

0, 6, 12, 1, 36.5754, 14.42, 26.17, 26.66, 0.260, 1.391, 0.004

1, 6, 13, 1, 36.5754, 14.42, 27.15, 26.66, 0.300, 1.376, 0.004

0, 6, 12, 2, 36.5754, 14.42, 26.17, 26.66, 0.260, 1.391, 0.004

1, 6, 13, 2, 36.5754, 14.42, 27.15, 26.66, 0.300, 1.374, 0.004

0, 6, 12, 3, 36.5754, 14.42, 26.17, 26.66, 0.260, 1.394, 0.004

1, 6, 13, 3, 36.5754, 14.42, 27.15, 26.66, 0.300, 1.382, 0.004

0, 6, 12, 4, 36.5754, 14.42, 26.17, 26.66, 0.260, 1.390, 0.004

1, 6, 13, 4, 36.5754, 14.42, 27.15, 26.66, 0.300, 1.384, 0.004

0, 6, 12, 0, 36.5754, 14.67, 25.20, 24.22, 0.260, 1.386, 0.004

1, 6, 13, 0, 36.5754, 14.67, 26.66, 24.22, 0.310, 1.373, 0.004

0, 6, 12, 1, 36.5754, 14.67, 25.20, 24.22, 0.270, 1.387, 0.004

1, 6, 13, 1, 36.5754, 14.67, 26.66, 24.22, 0.310, 1.388, 0.004

0, 6, 12, 2, 36.5754, 14.67, 25.20, 24.22, 0.260, 1.391, 0.004

1, 6, 13, 2, 36.5754, 14.67, 26.66, 24.22, 0.310, 1.382, 0.004

0, 6, 12, 3, 36.5754, 14.67, 25.20, 24.22, 0.260, 1.398, 0.004

1, 6, 13, 3, 36.5754, 14.67, 26.66, 24.22, 0.300, 1.381, 0.004

0, 6, 12, 4, 36.5754, 14.67, 25.20, 24.22, 0.260, 1.393, 0.004

1, 6, 13, 4, 36.5754, 14.67, 26.66, 24.22, 0.310, 1.380, 0.004

0, 6, 12, 0, 36.5754, 14.92, 29.59, 26.17, 0.260, 1.395, 0.004

1, 6, 13, 0, 36.5754, 14.92, 26.66, 26.17, 0.310, 1.376, 0.004

0, 6, 12, 1, 36.5754, 14.92, 29.59, 26.17, 0.260, 1.391, 0.004

1, 6, 13, 1, 36.5754, 14.92, 26.66, 26.17, 0.310, 1.382, 0.004

0, 6, 12, 2, 36.5754, 14.92, 29.59, 26.17, 0.260, 1.387, 0.004

1, 6, 13, 2, 36.5754, 14.92, 26.66, 26.17, 0.310, 1.371, 0.004

0, 6, 12, 3, 36.5754, 14.92, 29.59, 26.17, 0.260, 1.385, 0.004

1, 6, 13, 3, 36.5754, 14.92, 26.66, 26.17, 0.310, 1.381, 0.004

0, 6, 12, 4, 36.5754, 14.92, 29.59, 26.17, 0.260, 1.394, 0.004

1, 6, 13, 4, 36.5754, 14.92, 26.66, 26.17, 0.300, 1.376, 0.004

0, 6, 12, 0, 36.5754, 15.17, 26.66, 26.17, 0.260, 1.398, 0.004

1, 6, 13, 0, 36.5754, 15.17, 26.17, 26.17, 0.310, 1.386, 0.004

0, 6, 12, 1, 36.5754, 15.17, 26.66, 26.17, 0.260, 1.378, 0.004

1, 6, 13, 1, 36.5754, 15.17, 26.17, 26.17, 0.320, 1.378, 0.004

0, 6, 12, 2, 36.5754, 15.17, 26.66, 26.17, 0.260, 1.385, 0.004

1, 6, 13, 2, 36.5754, 15.17, 26.17, 26.17, 0.310, 1.383, 0.004

0, 6, 12, 3, 36.5754, 15.17, 26.66, 26.17, 0.260, 1.389, 0.004

1, 6, 13, 3, 36.5754, 15.17, 26.17, 26.17, 0.310, 1.378, 0.004

0, 6, 12, 4, 36.5754, 15.17, 26.66, 26.17, 0.260, 1.393, 0.004

1, 6, 13, 4, 36.5754, 15.17, 26.17, 26.17, 0.310, 1.384, 0.004

0, 6, 12, 0, 36.5754, 15.42, 25.20, 25.20, 0.260, 1.383, 0.004

1, 6, 13, 0, 36.5754, 15.42, 25.68, 25.20, 0.310, 1.382, 0.004

0, 6, 12, 1, 36.5754, 15.42, 25.20, 25.20, 0.260, 1.385, 0.004

1, 6, 13, 1, 36.5754, 15.42, 25.68, 25.20, 0.310, 1.378, 0.004

0, 6, 12, 2, 36.5754, 15.42, 25.20, 25.20, 0.260, 1.374, 0.004

1, 6, 13, 2, 36.5754, 15.42, 25.68, 25.20, 0.300, 1.379, 0.004

0, 6, 12, 3, 36.5754, 15.42, 25.20, 25.20, 0.260, 1.382, 0.004

1, 6, 13, 3, 36.5754, 15.42, 25.68, 25.20, 0.310, 1.383, 0.004

0, 6, 12, 4, 36.5754, 15.42, 25.20, 25.20, 0.260, 1.390, 0.004

1, 6, 13, 4, 36.5754, 15.42, 25.68, 25.20, 0.310, 1.385, 0.004

0, 6, 12, 0, 36.5754, 15.67, 25.20, 26.66, 0.260, 1.389, 0.004

1, 6, 13, 0, 36.5754, 15.67, 26.17, 26.66, 0.300, 1.382, 0.004

0, 6, 12, 1, 36.5754, 15.67, 25.20, 26.66, 0.260, 1.394, 0.004

1, 6, 13, 1, 36.5754, 15.67, 26.17, 26.66, 0.310, 1.385, 0.004

0, 6, 12, 2, 36.5754, 15.67, 25.20, 26.66, 0.260, 1.394, 0.004

1, 6, 13, 2, 36.5754, 15.67, 26.17, 26.66, 0.310, 1.383, 0.004

0, 6, 12, 3, 36.5754, 15.67, 25.20, 26.66, 0.260, 1.390, 0.004

1, 6, 13, 3, 36.5754, 15.67, 26.17, 26.66, 0.300, 1.390, 0.004

0, 6, 12, 4, 36.5754, 15.67, 25.20, 26.66, 0.260, 1.387, 0.004

1, 6, 13, 4, 36.5754, 15.67, 26.17, 26.66, 0.300, 1.372, 0.004

0, 6, 12, 0, 36.5754, 15.92, 25.68, 26.17, 0.260, 1.394, 0.004

1, 6, 13, 0, 36.5754, 15.92, 25.20, 26.17, 0.310, 1.380, 0.004

0, 6, 12, 1, 36.5754, 15.92, 25.68, 26.17, 0.260, 1.394, 0.004

1, 6, 13, 1, 36.5754, 15.92, 25.20, 26.17, 0.300, 1.373, 0.004

0, 6, 12, 2, 36.5754, 15.92, 25.68, 26.17, 0.260, 1.385, 0.004

1, 6, 13, 2, 36.5754, 15.92, 25.20, 26.17, 0.300, 1.381, 0.004

0, 6, 12, 3, 36.5754, 15.92, 25.68, 26.17, 0.260, 1.393, 0.004

1, 6, 13, 3, 36.5754, 15.92, 25.20, 26.17, 0.310, 1.389, 0.004

0, 6, 12, 4, 36.5754, 15.92, 25.68, 26.17, 0.260, 1.388, 0.004

1, 6, 13, 4, 36.5754, 15.92, 25.20, 26.17, 0.300, 1.373, 0.004

0, 6, 12, 0, 36.5754, 16.17, 25.20, 25.20, 0.260, 1.395, 0.004

1, 6, 13, 0, 36.5754, 16.17, 26.66, 25.20, 0.300, 1.387, 0.004

0, 6, 12, 1, 36.5754, 16.17, 25.20, 25.20, 0.260, 1.388, 0.004

1, 6, 13, 1, 36.5754, 16.17, 26.66, 25.20, 0.310, 1.385, 0.004

0, 6, 12, 2, 36.5754, 16.17, 25.20, 25.20, 0.260, 1.398, 0.004

1, 6, 13, 2, 36.5754, 16.17, 26.66, 25.20, 0.310, 1.389, 0.004

0, 6, 12, 3, 36.5754, 16.17, 25.20, 25.20, 0.260, 1.396, 0.004

1, 6, 13, 3, 36.5754, 16.17, 26.66, 25.20, 0.310, 1.378, 0.004

0, 6, 12, 4, 36.5754, 16.17, 25.20, 25.20, 0.260, 1.394, 0.004

1, 6, 13, 4, 36.5754, 16.17, 26.66, 25.20, 0.310, 1.388, 0.004

0, 6, 12, 0, 0, 0, 26.17, 26.66, 0.260, 1.400, 0.004

1, 6, 13, 0, 0, 0, 28.12, 26.66, 0.260, 1.383, 0.004

0, 6, 12, 1, 0, 0, 26.17, 26.66, 0.260, 1.387, 0.004

1, 6, 13, 1, 0, 0, 28.12, 26.66, 0.260, 1.377, 0.004

0, 6, 12, 2, 0, 0, 26.17, 26.66, 0.260, 1.390, 0.004

1, 6, 13, 2, 0, 0, 28.12, 26.66, 0.270, 1.384, 0.004

0, 6, 12, 3, 0, 0, 26.17, 26.66, 0.260, 1.390, 0.004

1, 6, 13, 3, 0, 0, 28.12, 26.66, 0.260, 1.377, 0.004

0, 6, 12, 4, 0, 0, 26.17, 26.66, 0.260, 1.389, 0.004

1, 6, 13, 4, 0, 0, 28.12, 26.66, 0.260, 1.388, 0.004

0, 6, 12, 0, 36.5754, 16.42, 26.17, 27.15, 0.260, 1.393, 0.004

1, 6, 13, 0, 36.5754, 16.42, 26.66, 27.15, 0.310, 1.384, 0.004

0, 6, 12, 1, 36.5754, 16.42, 26.17, 27.15, 0.270, 1.394, 0.004

1, 6, 13, 1, 36.5754, 16.42, 26.66, 27.15, 0.310, 1.387, 0.004

0, 6, 12, 2, 36.5754, 16.42, 26.17, 27.15, 0.260, 1.390, 0.004

1, 6, 13, 2, 36.5754, 16.42, 26.66, 27.15, 0.310, 1.379, 0.004

0, 6, 12, 3, 36.5754, 16.42, 26.17, 27.15, 0.260, 1.390, 0.004

1, 6, 13, 3, 36.5754, 16.42, 26.66, 27.15, 0.320, 1.383, 0.004

0, 6, 12, 4, 36.5754, 16.42, 26.17, 27.15, 0.260, 1.390, 0.004

1, 6, 13, 4, 36.5754, 16.42, 26.66, 27.15, 0.310, 1.381, 0.004

0, 6, 12, 0, 36.5754, 16.67, 24.71, 25.68, 0.270, 1.389, 0.004

1, 6, 13, 0, 36.5754, 16.67, 26.66, 25.68, 0.320, 1.382, 0.004

0, 6, 12, 1, 36.5754, 16.67, 24.71, 25.68, 0.260, 1.394, 0.004

1, 6, 13, 1, 36.5754, 16.67, 26.66, 25.68, 0.310, 1.382, 0.004

0, 6, 12, 2, 36.5754, 16.67, 24.71, 25.68, 0.270, 1.396, 0.004

1, 6, 13, 2, 36.5754, 16.67, 26.66, 25.68, 0.310, 1.388, 0.004

0, 6, 12, 3, 36.5754, 16.67, 24.71, 25.68, 0.260, 1.386, 0.004

1, 6, 13, 3, 36.5754, 16.67, 26.66, 25.68, 0.310, 1.365, 0.004

0, 6, 12, 4, 36.5754, 16.67, 24.71, 25.68, 0.260, 1.388, 0.004

1, 6, 13, 4, 36.5754, 16.67, 26.66, 25.68, 0.310, 1.380, 0.004

0, 6, 12, 0, 36.5754, 16.92, 25.20, 25.20, 0.260, 1.382, 0.004

1, 6, 13, 0, 36.5754, 16.92, 27.64, 25.20, 0.310, 1.375, 0.004

0, 6, 12, 1, 36.5754, 16.92, 25.20, 25.20, 0.260, 1.394, 0.004

1, 6, 13, 1, 36.5754, 16.92, 27.64, 25.20, 0.310, 1.391, 0.004

0, 6, 12, 2, 36.5754, 16.92, 25.20, 25.20, 0.260, 1.385, 0.004

1, 6, 13, 2, 36.5754, 16.92, 27.64, 25.20, 0.310, 1.376, 0.004

0, 6, 12, 3, 36.5754, 16.92, 25.20, 25.20, 0.260, 1.390, 0.004

1, 6, 13, 3, 36.5754, 16.92, 27.64, 25.20, 0.320, 1.380, 0.004

0, 6, 12, 4, 36.5754, 16.92, 25.20, 25.20, 0.260, 1.397, 0.004

1, 6, 13, 4, 36.5754, 16.92, 27.64, 25.20, 0.320, 1.375, 0.004

0, 6, 12, 0, 36.5754, 17.17, 25.20, 25.20, 0.260, 1.397, 0.004

1, 6, 13, 0, 36.5754, 17.17, 26.17, 25.20, 0.310, 1.380, 0.004

0, 6, 12, 1, 36.5754, 17.17, 25.20, 25.20, 0.270, 1.387, 0.004

1, 6, 13, 1, 36.5754, 17.17, 26.17, 25.20, 0.310, 1.385, 0.004

0, 6, 12, 2, 36.5754, 17.17, 25.20, 25.20, 0.260, 1.387, 0.004

1, 6, 13, 2, 36.5754, 17.17, 26.17, 25.20, 0.320, 1.385, 0.004

0, 6, 12, 3, 36.5754, 17.17, 25.20, 25.20, 0.260, 1.394, 0.004

1, 6, 13, 3, 36.5754, 17.17, 26.17, 25.20, 0.310, 1.365, 0.004

0, 6, 12, 4, 36.5754, 17.17, 25.20, 25.20, 0.270, 1.387, 0.004

1, 6, 13, 4, 36.5754, 17.17, 26.17, 25.20, 0.310, 1.378, 0.004

0, 6, 12, 0, 36.5754, 17.42, 25.68, 26.66, 0.260, 1.393, 0.004

1, 6, 13, 0, 36.5754, 17.42, 27.15, 26.66, 0.310, 1.376, 0.004

0, 6, 12, 1, 36.5754, 17.42, 25.68, 26.66, 0.260, 1.391, 0.004

1, 6, 13, 1, 36.5754, 17.42, 27.15, 26.66, 0.310, 1.385, 0.004

0, 6, 12, 2, 36.5754, 17.42, 25.68, 26.66, 0.260, 1.386, 0.004

1, 6, 13, 2, 36.5754, 17.42, 27.15, 26.66, 0.310, 1.375, 0.004

0, 6, 12, 3, 36.5754, 17.42, 25.68, 26.66, 0.270, 1.392, 0.004

1, 6, 13, 3, 36.5754, 17.42, 27.15, 26.66, 0.310, 1.376, 0.004

0, 6, 12, 4, 36.5754, 17.42, 25.68, 26.66, 0.260, 1.390, 0.004

1, 6, 13, 4, 36.5754, 17.42, 27.15, 26.66, 0.310, 1.374, 0.004

0, 6, 12, 0, 36.5754, 17.67, 25.20, 27.15, 0.260, 1.390, 0.004

1, 6, 13, 0, 36.5754, 17.67, 26.66, 27.15, 0.320, 1.382, 0.004

0, 6, 12, 1, 36.5754, 17.67, 25.20, 27.15, 0.260, 1.385, 0.004

1, 6, 13, 1, 36.5754, 17.67, 26.66, 27.15, 0.310, 1.377, 0.004

0, 6, 12, 2, 36.5754, 17.67, 25.20, 27.15, 0.260, 1.396, 0.004

1, 6, 13, 2, 36.5754, 17.67, 26.66, 27.15, 0.310, 1.374, 0.004

0, 6, 12, 3, 36.5754, 17.67, 25.20, 27.15, 0.270, 1.399, 0.004

1, 6, 13, 3, 36.5754, 17.67, 26.66, 27.15, 0.310, 1.367, 0.004

0, 6, 12, 4, 36.5754, 17.67, 25.20, 27.15, 0.260, 1.389, 0.004

1, 6, 13, 4, 36.5754, 17.67, 26.66, 27.15, 0.310, 1.381, 0.004

0, 6, 12, 0, 36.5754, 17.92, 26.66, 25.68, 0.260, 1.391, 0.004

1, 6, 13, 0, 36.5754, 17.92, 26.66, 25.68, 0.310, 1.382, 0.004

0, 6, 12, 1, 36.5754, 17.92, 26.66, 25.68, 0.260, 1.388, 0.004

1, 6, 13, 1, 36.5754, 17.92, 26.66, 25.68, 0.310, 1.376, 0.004

0, 6, 12, 2, 36.5754, 17.92, 26.66, 25.68, 0.260, 1.392, 0.004

1, 6, 13, 2, 36.5754, 17.92, 26.66, 25.68, 0.310, 1.368, 0.004

0, 6, 12, 3, 36.5754, 17.92, 26.66, 25.68, 0.260, 1.389, 0.004

1, 6, 13, 3, 36.5754, 17.92, 26.66, 25.68, 0.310, 1.384, 0.004

0, 6, 12, 4, 36.5754, 17.92, 26.66, 25.68, 0.260, 1.391, 0.004

1, 6, 13, 4, 36.5754, 17.92, 26.66, 25.68, 0.310, 1.371, 0.004

0, 6, 12, 0, 36.5754, 18.17, 26.66, 26.17, 0.260, 1.387, 0.004

1, 6, 13, 0, 36.5754, 18.17, 26.66, 26.17, 0.310, 1.384, 0.004

0, 6, 12, 1, 36.5754, 18.17, 26.66, 26.17, 0.260, 1.394, 0.004

1, 6, 13, 1, 36.5754, 18.17, 26.66, 26.17, 0.310, 1.378, 0.004

0, 6, 12, 2, 36.5754, 18.17, 26.66, 26.17, 0.260, 1.384, 0.004

1, 6, 13, 2, 36.5754, 18.17, 26.66, 26.17, 0.310, 1.377, 0.004

0, 6, 12, 3, 36.5754, 18.17, 26.66, 26.17, 0.260, 1.384, 0.004

1, 6, 13, 3, 36.5754, 18.17, 26.66, 26.17, 0.310, 1.392, 0.004

0, 6, 12, 4, 36.5754, 18.17, 26.66, 26.17, 0.260, 1.383, 0.004

1, 6, 13, 4, 36.5754, 18.17, 26.66, 26.17, 0.310, 1.384, 0.004

0, 6, 12, 0, 36.5754, 18.42, 24.71, 24.71, 0.260, 1.398, 0.004

1, 6, 13, 0, 36.5754, 18.42, 26.66, 24.71, 0.310, 1.380, 0.004

0, 6, 12, 1, 36.5754, 18.42, 24.71, 24.71, 0.260, 1.389, 0.004

1, 6, 13, 1, 36.5754, 18.42, 26.66, 24.71, 0.310, 1.380, 0.004

0, 6, 12, 2, 36.5754, 18.42, 24.71, 24.71, 0.260, 1.402, 0.004

1, 6, 13, 2, 36.5754, 18.42, 26.66, 24.71, 0.310, 1.374, 0.004

0, 6, 12, 3, 36.5754, 18.42, 24.71, 24.71, 0.260, 1.391, 0.004

1, 6, 13, 3, 36.5754, 18.42, 26.66, 24.71, 0.310, 1.378, 0.004

0, 6, 12, 4, 36.5754, 18.42, 24.71, 24.71, 0.260, 1.387, 0.004

1, 6, 13, 4, 36.5754, 18.42, 26.66, 24.71, 0.300, 1.386, 0.004

0, 6, 12, 0, 36.5754, 18.67, 23.24, 25.68, 0.260, 1.391, 0.004

1, 6, 13, 0, 36.5754, 18.67, 25.68, 25.68, 0.310, 1.381, 0.004

0, 6, 12, 1, 36.5754, 18.67, 23.24, 25.68, 0.260, 1.391, 0.004

1, 6, 13, 1, 36.5754, 18.67, 25.68, 25.68, 0.310, 1.382, 0.004

0, 6, 12, 2, 36.5754, 18.67, 23.24, 25.68, 0.260, 1.396, 0.004

1, 6, 13, 2, 36.5754, 18.67, 25.68, 25.68, 0.310, 1.381, 0.004

0, 6, 12, 3, 36.5754, 18.67, 23.24, 25.68, 0.260, 1.388, 0.004

1, 6, 13, 3, 36.5754, 18.67, 25.68, 25.68, 0.310, 1.381, 0.004

0, 6, 12, 4, 36.5754, 18.67, 23.24, 25.68, 0.260, 1.390, 0.004

1, 6, 13, 4, 36.5754, 18.67, 25.68, 25.68, 0.310, 1.392, 0.004

0, 6, 12, 0, 36.5754, 18.92, 25.20, 28.12, 0.260, 1.388, 0.004

1, 6, 13, 0, 36.5754, 18.92, 26.17, 28.12, 0.300, 1.386, 0.004

0, 6, 12, 1, 36.5754, 18.92, 25.20, 28.12, 0.260, 1.394, 0.004

1, 6, 13, 1, 36.5754, 18.92, 26.17, 28.12, 0.310, 1.382, 0.004

0, 6, 12, 2, 36.5754, 18.92, 25.20, 28.12, 0.260, 1.393, 0.004

1, 6, 13, 2, 36.5754, 18.92, 26.17, 28.12, 0.320, 1.367, 0.004

0, 6, 12, 3, 36.5754, 18.92, 25.20, 28.12, 0.260, 1.388, 0.004

1, 6, 13, 3, 36.5754, 18.92, 26.17, 28.12, 0.310, 1.385, 0.004

0, 6, 12, 4, 36.5754, 18.92, 25.20, 28.12, 0.260, 1.391, 0.004

1, 6, 13, 4, 36.5754, 18.92, 26.17, 28.12, 0.310, 1.376, 0.004

0, 6, 12, 0, 36.5754, 19.17, 25.20, 26.66, 0.260, 1.389, 0.004

1, 6, 13, 0, 36.5754, 19.17, 26.66, 26.66, 0.310, 1.377, 0.004

0, 6, 12, 1, 36.5754, 19.17, 25.20, 26.66, 0.260, 1.393, 0.004

1, 6, 13, 1, 36.5754, 19.17, 26.66, 26.66, 0.310, 1.386, 0.004

0, 6, 12, 2, 36.5754, 19.17, 25.20, 26.66, 0.260, 1.391, 0.004

1, 6, 13, 2, 36.5754, 19.17, 26.66, 26.66, 0.310, 1.371, 0.004

0, 6, 12, 3, 36.5754, 19.17, 25.20, 26.66, 0.260, 1.393, 0.004

1, 6, 13, 3, 36.5754, 19.17, 26.66, 26.66, 0.310, 1.382, 0.004

0, 6, 12, 4, 36.5754, 19.17, 25.20, 26.66, 0.260, 1.395, 0.004

1, 6, 13, 4, 36.5754, 19.17, 26.66, 26.66, 0.310, 1.367, 0.004

0, 6, 12, 0, 36.5754, 19.42, 25.68, 25.20, 0.260, 1.395, 0.004

1, 6, 13, 0, 36.5754, 19.42, 26.66, 25.20, 0.310, 1.383, 0.004

0, 6, 12, 1, 36.5754, 19.42, 25.68, 25.20, 0.260, 1.387, 0.004

1, 6, 13, 1, 36.5754, 19.42, 26.66, 25.20, 0.310, 1.380, 0.004

0, 6, 12, 2, 36.5754, 19.42, 25.68, 25.20, 0.260, 1.390, 0.004

1, 6, 13, 2, 36.5754, 19.42, 26.66, 25.20, 0.310, 1.376, 0.004

0, 6, 12, 3, 36.5754, 19.42, 25.68, 25.20, 0.260, 1.386, 0.004

1, 6, 13, 3, 36.5754, 19.42, 26.66, 25.20, 0.310, 1.385, 0.004

0, 6, 12, 4, 36.5754, 19.42, 25.68, 25.20, 0.260, 1.393, 0.004

1, 6, 13, 4, 36.5754, 19.42, 26.66, 25.20, 0.310, 1.372, 0.004

0, 6, 12, 0, 36.5754, 19.67, 25.68, 25.68, 0.260, 1.394, 0.004

1, 6, 13, 0, 36.5754, 19.67, 28.61, 25.68, 0.310, 1.381, 0.004

0, 6, 12, 1, 36.5754, 19.67, 25.68, 25.68, 0.260, 1.384, 0.004

1, 6, 13, 1, 36.5754, 19.67, 28.61, 25.68, 0.310, 1.391, 0.004

0, 6, 12, 2, 36.5754, 19.67, 25.68, 25.68, 0.260, 1.398, 0.004

1, 6, 13, 2, 36.5754, 19.67, 28.61, 25.68, 0.310, 1.379, 0.004

0, 6, 12, 3, 36.5754, 19.67, 25.68, 25.68, 0.260, 1.393, 0.004

1, 6, 13, 3, 36.5754, 19.67, 28.61, 25.68, 0.310, 1.380, 0.004

0, 6, 12, 4, 36.5754, 19.67, 25.68, 25.68, 0.260, 1.380, 0.004

1, 6, 13, 4, 36.5754, 19.67, 28.61, 25.68, 0.310, 1.377, 0.004

0, 6, 12, 0, 36.5754, 19.92, 26.66, 26.17, 0.260, 1.389, 0.004

1, 6, 13, 0, 36.5754, 19.92, 26.66, 26.17, 0.310, 1.387, 0.004

0, 6, 12, 1, 36.5754, 19.92, 26.66, 26.17, 0.260, 1.386, 0.004

1, 6, 13, 1, 36.5754, 19.92, 26.66, 26.17, 0.310, 1.382, 0.004

0, 6, 12, 2, 36.5754, 19.92, 26.66, 26.17, 0.260, 1.394, 0.004

1, 6, 13, 2, 36.5754, 19.92, 26.66, 26.17, 0.310, 1.386, 0.004

0, 6, 12, 3, 36.5754, 19.92, 26.66, 26.17, 0.260, 1.387, 0.004

1, 6, 13, 3, 36.5754, 19.92, 26.66, 26.17, 0.310, 1.373, 0.004

0, 6, 12, 4, 36.5754, 19.92, 26.66, 26.17, 0.260, 1.389, 0.004

1, 6, 13, 4, 36.5754, 19.92, 26.66, 26.17, 0.310, 1.376, 0.004

0, 6, 12, 0, 36.5754, 20.17, 25.20, 25.68, 0.260, 1.383, 0.004

1, 6, 13, 0, 36.5754, 20.17, 26.17, 25.68, 0.310, 1.375, 0.004

0, 6, 12, 1, 36.5754, 20.17, 25.20, 25.68, 0.260, 1.391, 0.004

1, 6, 13, 1, 36.5754, 20.17, 26.17, 25.68, 0.310, 1.388, 0.004

0, 6, 12, 2, 36.5754, 20.17, 25.20, 25.68, 0.260, 1.384, 0.004

1, 6, 13, 2, 36.5754, 20.17, 26.17, 25.68, 0.310, 1.383, 0.004

0, 6, 12, 3, 36.5754, 20.17, 25.20, 25.68, 0.260, 1.391, 0.004

1, 6, 13, 3, 36.5754, 20.17, 26.17, 25.68, 0.310, 1.374, 0.004

0, 6, 12, 4, 36.5754, 20.17, 25.20, 25.68, 0.260, 1.389, 0.004

1, 6, 13, 4, 36.5754, 20.17, 26.17, 25.68, 0.310, 1.386, 0.004

0, 6, 12, 0, 0, 0, 26.66, 26.66, 0.260, 1.383, 0.004

1, 6, 13, 0, 0, 0, 29.10, 26.66, 0.260, 1.381, 0.004

0, 6, 12, 1, 0, 0, 26.66, 26.66, 0.260, 1.391, 0.004

1, 6, 13, 1, 0, 0, 29.10, 26.66, 0.260, 1.384, 0.004

0, 6, 12, 2, 0, 0, 26.66, 26.66, 0.260, 1.386, 0.004

1, 6, 13, 2, 0, 0, 29.10, 26.66, 0.260, 1.385, 0.004

0, 6, 12, 3, 0, 0, 26.66, 26.66, 0.260, 1.395, 0.004

1, 6, 13, 3, 0, 0, 29.10, 26.66, 0.260, 1.380, 0.004

0, 6, 12, 4, 0, 0, 26.66, 26.66, 0.260, 1.392, 0.004

1, 6, 13, 4, 0, 0, 29.10, 26.66, 0.260, 1.390, 0.004

0, 6, 12, 0, 36.5754, 20.42, 25.68, 26.17, 0.260, 1.382, 0.004

1, 6, 13, 0, 36.5754, 20.42, 25.68, 26.17, 0.310, 1.379, 0.004

0, 6, 12, 1, 36.5754, 20.42, 25.68, 26.17, 0.260, 1.394, 0.004

1, 6, 13, 1, 36.5754, 20.42, 25.68, 26.17, 0.310, 1.378, 0.004

0, 6, 12, 2, 36.5754, 20.42, 25.68, 26.17, 0.260, 1.389, 0.004

1, 6, 13, 2, 36.5754, 20.42, 25.68, 26.17, 0.310, 1.379, 0.004

0, 6, 12, 3, 36.5754, 20.42, 25.68, 26.17, 0.260, 1.391, 0.004

1, 6, 13, 3, 36.5754, 20.42, 25.68, 26.17, 0.310, 1.383, 0.004

0, 6, 12, 4, 36.5754, 20.42, 25.68, 26.17, 0.260, 1.393, 0.004

1, 6, 13, 4, 36.5754, 20.42, 25.68, 26.17, 0.310, 1.387, 0.004

0, 6, 12, 0, 36.5754, 20.67, 24.22, 25.68, 0.260, 1.380, 0.004

1, 6, 13, 0, 36.5754, 20.67, 26.17, 25.68, 0.310, 1.386, 0.004

0, 6, 12, 1, 36.5754, 20.67, 24.22, 25.68, 0.260, 1.390, 0.004

1, 6, 13, 1, 36.5754, 20.67, 26.17, 25.68, 0.310, 1.384, 0.004

0, 6, 12, 2, 36.5754, 20.67, 24.22, 25.68, 0.260, 1.395, 0.004

1, 6, 13, 2, 36.5754, 20.67, 26.17, 25.68, 0.310, 1.384, 0.004

0, 6, 12, 3, 36.5754, 20.67, 24.22, 25.68, 0.260, 1.385, 0.004

1, 6, 13, 3, 36.5754, 20.67, 26.17, 25.68, 0.310, 1.389, 0.004

0, 6, 12, 4, 36.5754, 20.67, 24.22, 25.68, 0.260, 1.393, 0.004

1, 6, 13, 4, 36.5754, 20.67, 26.17, 25.68, 0.310, 1.380, 0.004

0, 6, 12, 0, 36.5754, 20.92, 24.71, 26.17, 0.260, 1.395, 0.004

1, 6, 13, 0, 36.5754, 20.92, 25.68, 26.17, 0.310, 1.378, 0.004

0, 6, 12, 1, 36.5754, 20.92, 24.71, 26.17, 0.260, 1.388, 0.004

1, 6, 13, 1, 36.5754, 20.92, 25.68, 26.17, 0.310, 1.389, 0.004

0, 6, 12, 2, 36.5754, 20.92, 24.71, 26.17, 0.260, 1.382, 0.004

1, 6, 13, 2, 36.5754, 20.92, 25.68, 26.17, 0.310, 1.386, 0.004

0, 6, 12, 3, 36.5754, 20.92, 24.71, 26.17, 0.260, 1.388, 0.004

1, 6, 13, 3, 36.5754, 20.92, 25.68, 26.17, 0.310, 1.381, 0.004

0, 6, 12, 4, 36.5754, 20.92, 24.71, 26.17, 0.260, 1.397, 0.004

1, 6, 13, 4, 36.5754, 20.92, 25.68, 26.17, 0.310, 1.380, 0.004

0, 6, 12, 0, 36.5754, 21.17, 25.68, 27.15, 0.260, 1.391, 0.004

1, 6, 13, 0, 36.5754, 21.17, 25.68, 27.15, 0.320, 1.384, 0.004

0, 6, 12, 1, 36.5754, 21.17, 25.68, 27.15, 0.260, 1.389, 0.004

1, 6, 13, 1, 36.5754, 21.17, 25.68, 27.15, 0.310, 1.386, 0.004

0, 6, 12, 2, 36.5754, 21.17, 25.68, 27.15, 0.260, 1.385, 0.004

1, 6, 13, 2, 36.5754, 21.17, 25.68, 27.15, 0.320, 1.375, 0.004

0, 6, 12, 3, 36.5754, 21.17, 25.68, 27.15, 0.260, 1.379, 0.004

1, 6, 13, 3, 36.5754, 21.17, 25.68, 27.15, 0.310, 1.384, 0.004

0, 6, 12, 4, 36.5754, 21.17, 25.68, 27.15, 0.260, 1.387, 0.004

1, 6, 13, 4, 36.5754, 21.17, 25.68, 27.15, 0.300, 1.381, 0.004

0, 6, 12, 0, 36.5754, 21.42, 24.71, 27.15, 0.260, 1.391, 0.004

1, 6, 13, 0, 36.5754, 21.42, 26.66, 27.15, 0.310, 1.384, 0.004

0, 6, 12, 1, 36.5754, 21.42, 24.71, 27.15, 0.260, 1.388, 0.004

1, 6, 13, 1, 36.5754, 21.42, 26.66, 27.15, 0.310, 1.380, 0.004

0, 6, 12, 2, 36.5754, 21.42, 24.71, 27.15, 0.260, 1.394, 0.004

1, 6, 13, 2, 36.5754, 21.42, 26.66, 27.15, 0.320, 1.382, 0.004

0, 6, 12, 3, 36.5754, 21.42, 24.71, 27.15, 0.260, 1.389, 0.004

1, 6, 13, 3, 36.5754, 21.42, 26.66, 27.15, 0.310, 1.379, 0.004

0, 6, 12, 4, 36.5754, 21.42, 24.71, 27.15, 0.260, 1.387, 0.004

1, 6, 13, 4, 36.5754, 21.42, 26.66, 27.15, 0.310, 1.376, 0.004

0, 6, 12, 0, 36.5754, 21.67, 27.15, 26.17, 0.260, 1.398, 0.004

1, 6, 13, 0, 36.5754, 21.67, 27.15, 26.17, 0.310, 1.385, 0.004

0, 6, 12, 1, 36.5754, 21.67, 27.15, 26.17, 0.260, 1.389, 0.004

1, 6, 13, 1, 36.5754, 21.67, 27.15, 26.17, 0.310, 1.383, 0.004

0, 6, 12, 2, 36.5754, 21.67, 27.15, 26.17, 0.260, 1.393, 0.004

1, 6, 13, 2, 36.5754, 21.67, 27.15, 26.17, 0.310, 1.374, 0.004

0, 6, 12, 3, 36.5754, 21.67, 27.15, 26.17, 0.260, 1.398, 0.004

1, 6, 13, 3, 36.5754, 21.67, 27.15, 26.17, 0.310, 1.369, 0.004

0, 6, 12, 4, 36.5754, 21.67, 27.15, 26.17, 0.260, 1.387, 0.004

1, 6, 13, 4, 36.5754, 21.67, 27.15, 26.17, 0.310, 1.387, 0.004

0, 6, 12, 0, 36.5754, 21.92, 26.66, 26.17, 0.260, 1.399, 0.004

1, 6, 13, 0, 36.5754, 21.92, 29.10, 26.17, 0.320, 1.384, 0.004

0, 6, 12, 1, 36.5754, 21.92, 26.66, 26.17, 0.260, 1.394, 0.004

1, 6, 13, 1, 36.5754, 21.92, 29.10, 26.17, 0.310, 1.378, 0.004

0, 6, 12, 2, 36.5754, 21.92, 26.66, 26.17, 0.260, 1.390, 0.004

1, 6, 13, 2, 36.5754, 21.92, 29.10, 26.17, 0.310, 1.383, 0.004

0, 6, 12, 3, 36.5754, 21.92, 26.66, 26.17, 0.260, 1.386, 0.004

1, 6, 13, 3, 36.5754, 21.92, 29.10, 26.17, 0.310, 1.376, 0.004

0, 6, 12, 4, 36.5754, 21.92, 26.66, 26.17, 0.260, 1.392, 0.004

1, 6, 13, 4, 36.5754, 21.92, 29.10, 26.17, 0.310, 1.383, 0.004

0, 6, 12, 0, 36.5754, 22.17, 25.68, 26.17, 0.260, 1.388, 0.004

1, 6, 13, 0, 36.5754, 22.17, 30.08, 26.17, 0.310, 1.377, 0.004

0, 6, 12, 1, 36.5754, 22.17, 25.68, 26.17, 0.270, 1.389, 0.004

1, 6, 13, 1, 36.5754, 22.17, 30.08, 26.17, 0.300, 1.386, 0.004

0, 6, 12, 2, 36.5754, 22.17, 25.68, 26.17, 0.260, 1.398, 0.004

1, 6, 13, 2, 36.5754, 22.17, 30.08, 26.17, 0.300, 1.386, 0.004

0, 6, 12, 3, 36.5754, 22.17, 25.68, 26.17, 0.260, 1.382, 0.004

1, 6, 13, 3, 36.5754, 22.17, 30.08, 26.17, 0.300, 1.390, 0.004

0, 6, 12, 4, 36.5754, 22.17, 25.68, 26.17, 0.260, 1.395, 0.004

1, 6, 13, 4, 36.5754, 22.17, 30.08, 26.17, 0.300, 1.381, 0.004

0, 6, 12, 0, 36.5754, 22.42, 26.17, 26.66, 0.270, 1.389, 0.004

1, 6, 13, 0, 36.5754, 22.42, 27.15, 26.66, 0.300, 1.384, 0.004

0, 6, 12, 1, 36.5754, 22.42, 26.17, 26.66, 0.260, 1.390, 0.004

1, 6, 13, 1, 36.5754, 22.42, 27.15, 26.66, 0.300, 1.378, 0.004

0, 6, 12, 2, 36.5754, 22.42, 26.17, 26.66, 0.260, 1.393, 0.004

1, 6, 13, 2, 36.5754, 22.42, 27.15, 26.66, 0.300, 1.379, 0.004

0, 6, 12, 3, 36.5754, 22.42, 26.17, 26.66, 0.260, 1.391, 0.004

1, 6, 13, 3, 36.5754, 22.42, 27.15, 26.66, 0.300, 1.380, 0.004

0, 6, 12, 4, 36.5754, 22.42, 26.17, 26.66, 0.260, 1.381, 0.004

1, 6, 13, 4, 36.5754, 22.42, 27.15, 26.66, 0.300, 1.374, 0.004

0, 6, 12, 0, 36.5754, 22.67, 25.20, 28.12, 0.270, 1.386, 0.004

1, 6, 13, 0, 36.5754, 22.67, 27.15, 28.12, 0.310, 1.376, 0.004

0, 6, 12, 1, 36.5754, 22.67, 25.20, 28.12, 0.260, 1.393, 0.004

1, 6, 13, 1, 36.5754, 22.67, 27.15, 28.12, 0.300, 1.387, 0.004

0, 6, 12, 2, 36.5754, 22.67, 25.20, 28.12, 0.260, 1.385, 0.004

1, 6, 13, 2, 36.5754, 22.67, 27.15, 28.12, 0.300, 1.385, 0.004

0, 6, 12, 3, 36.5754, 22.67, 25.20, 28.12, 0.260, 1.389, 0.004

1, 6, 13, 3, 36.5754, 22.67, 27.15, 28.12, 0.310, 1.381, 0.004

0, 6, 12, 4, 36.5754, 22.67, 25.20, 28.12, 0.260, 1.393, 0.004

1, 6, 13, 4, 36.5754, 22.67, 27.15, 28.12, 0.310, 1.382, 0.004

0, 6, 12, 0, 36.5754, 22.92, 25.20, 25.20, 0.260, 1.384, 0.004

1, 6, 13, 0, 36.5754, 22.92, 27.15, 25.20, 0.300, 1.388, 0.004

0, 6, 12, 1, 36.5754, 22.92, 25.20, 25.20, 0.260, 1.394, 0.004

1, 6, 13, 1, 36.5754, 22.92, 27.15, 25.20, 0.300, 1.378, 0.004

0, 6, 12, 2, 36.5754, 22.92, 25.20, 25.20, 0.260, 1.397, 0.004

1, 6, 13, 2, 36.5754, 22.92, 27.15, 25.20, 0.310, 1.383, 0.004

0, 6, 12, 3, 36.5754, 22.92, 25.20, 25.20, 0.260, 1.392, 0.004

1, 6, 13, 3, 36.5754, 22.92, 27.15, 25.20, 0.310, 1.384, 0.004

0, 6, 12, 4, 36.5754, 22.92, 25.20, 25.20, 0.260, 1.390, 0.004

1, 6, 13, 4, 36.5754, 22.92, 27.15, 25.20, 0.300, 1.388, 0.004

0, 6, 12, 0, 36.5754, 23.17, 26.17, 25.20, 0.260, 1.385, 0.004

1, 6, 13, 0, 36.5754, 23.17, 26.66, 25.20, 0.290, 1.382, 0.004

0, 6, 12, 1, 36.5754, 23.17, 26.17, 25.20, 0.260, 1.392, 0.004

1, 6, 13, 1, 36.5754, 23.17, 26.66, 25.20, 0.290, 1.387, 0.004

0, 6, 12, 2, 36.5754, 23.17, 26.17, 25.20, 0.260, 1.399, 0.004

1, 6, 13, 2, 36.5754, 23.17, 26.66, 25.20, 0.300, 1.377, 0.004

0, 6, 12, 3, 36.5754, 23.17, 26.17, 25.20, 0.260, 1.388, 0.004

1, 6, 13, 3, 36.5754, 23.17, 26.66, 25.20, 0.290, 1.381, 0.004

0, 6, 12, 4, 36.5754, 23.17, 26.17, 25.20, 0.260, 1.397, 0.004

1, 6, 13, 4, 36.5754, 23.17, 26.66, 25.20, 0.290, 1.378, 0.004

0, 6, 12, 0, 36.5754, 23.42, 25.68, 25.68, 0.260, 1.380, 0.004

1, 6, 13, 0, 36.5754, 23.42, 27.15, 25.68, 0.280, 1.382, 0.004

0, 6, 12, 1, 36.5754, 23.42, 25.68, 25.68, 0.260, 1.392, 0.004

1, 6, 13, 1, 36.5754, 23.42, 27.15, 25.68, 0.280, 1.390, 0.004

0, 6, 12, 2, 36.5754, 23.42, 25.68, 25.68, 0.260, 1.389, 0.004

1, 6, 13, 2, 36.5754, 23.42, 27.15, 25.68, 0.280, 1.382, 0.004

0, 6, 12, 3, 36.5754, 23.42, 25.68, 25.68, 0.260, 1.388, 0.004

1, 6, 13, 3, 36.5754, 23.42, 27.15, 25.68, 0.280, 1.382, 0.004

0, 6, 12, 4, 36.5754, 23.42, 25.68, 25.68, 0.260, 1.391, 0.004

1, 6, 13, 4, 36.5754, 23.42, 27.15, 25.68, 0.280, 1.377, 0.004

0, 6, 12, 0, 36.5754, 23.67, 25.68, 25.68, 0.260, 1.393, 0.004

1, 6, 13, 0, 36.5754, 23.67, 26.17, 25.68, 0.270, 1.378, 0.004

0, 6, 12, 1, 36.5754, 23.67, 25.68, 25.68, 0.260, 1.390, 0.004

1, 6, 13, 1, 36.5754, 23.67, 26.17, 25.68, 0.270, 1.380, 0.004

0, 6, 12, 2, 36.5754, 23.67, 25.68, 25.68, 0.260, 1.392, 0.004

1, 6, 13, 2, 36.5754, 23.67, 26.17, 25.68, 0.270, 1.387, 0.004

0, 6, 12, 3, 36.5754, 23.67, 25.68, 25.68, 0.260, 1.384, 0.004

1, 6, 13, 3, 36.5754, 23.67, 26.17, 25.68, 0.270, 1.384, 0.004

0, 6, 12, 4, 36.5754, 23.67, 25.68, 25.68, 0.260, 1.382, 0.004

1, 6, 13, 4, 36.5754, 23.67, 26.17, 25.68, 0.270, 1.386, 0.004

0, 6, 12, 0, 36.5754, 23.92, 24.22, 25.68, 0.260, 1.391, 0.004

1, 6, 13, 0, 36.5754, 23.92, 26.66, 25.68, 0.270, 1.386, 0.004

0, 6, 12, 1, 36.5754, 23.92, 24.22, 25.68, 0.260, 1.392, 0.004

1, 6, 13, 1, 36.5754, 23.92, 26.66, 25.68, 0.270, 1.385, 0.004

0, 6, 12, 2, 36.5754, 23.92, 24.22, 25.68, 0.260, 1.389, 0.004

1, 6, 13, 2, 36.5754, 23.92, 26.66, 25.68, 0.270, 1.385, 0.004

0, 6, 12, 3, 36.5754, 23.92, 24.22, 25.68, 0.260, 1.387, 0.004

1, 6, 13, 3, 36.5754, 23.92, 26.66, 25.68, 0.270, 1.382, 0.004

0, 6, 12, 4, 36.5754, 23.92, 24.22, 25.68, 0.260, 1.390, 0.004

1, 6, 13, 4, 36.5754, 23.92, 26.66, 25.68, 0.270, 1.386, 0.004

0, 6, 12, 0, 36.5754, 24.17, 25.20, 26.17, 0.260, 1.395, 0.004

1, 6, 13, 0, 36.5754, 24.17, 26.17, 26.17, 0.270, 1.390, 0.004

0, 6, 12, 1, 36.5754, 24.17, 25.20, 26.17, 0.260, 1.388, 0.004

1, 6, 13, 1, 36.5754, 24.17, 26.17, 26.17, 0.260, 1.388, 0.004

0, 6, 12, 2, 36.5754, 24.17, 25.20, 26.17, 0.260, 1.384, 0.004

1, 6, 13, 2, 36.5754, 24.17, 26.17, 26.17, 0.270, 1.383, 0.004

0, 6, 12, 3, 36.5754, 24.17, 25.20, 26.17, 0.270, 1.396, 0.004

1, 6, 13, 3, 36.5754, 24.17, 26.17, 26.17, 0.260, 1.382, 0.004

0, 6, 12, 4, 36.5754, 24.17, 25.20, 26.17, 0.270, 1.384, 0.004

1, 6, 13, 4, 36.5754, 24.17, 26.17, 26.17, 0.260, 1.379, 0.004

0, 6, 12, 0, 0, 0, 27.64, 26.17, 0.260, 1.388, 0.004

1, 6, 13, 0, 0, 0, 27.15, 26.17, 0.260, 1.376, 0.004

0, 6, 12, 1, 0, 0, 27.64, 26.17, 0.260, 1.393, 0.004

1, 6, 13, 1, 0, 0, 27.15, 26.17, 0.260, 1.389, 0.004

0, 6, 12, 2, 0, 0, 27.64, 26.17, 0.260, 1.386, 0.004

1, 6, 13, 2, 0, 0, 27.15, 26.17, 0.260, 1.380, 0.004

0, 6, 12, 3, 0, 0, 27.64, 26.17, 0.260, 1.381, 0.004

1, 6, 13, 3, 0, 0, 27.15, 26.17, 0.260, 1.384, 0.004

0, 6, 12, 4, 0, 0, 27.64, 26.17, 0.260, 1.386, 0.004

1, 6, 13, 4, 0, 0, 27.15, 26.17, 0.270, 1.381, 0.004

0, 6, 12, 0, 36.5754, 24.42, 25.20, 25.68, 0.270, 1.376, 0.004

1, 6, 13, 0, 36.5754, 24.42, 26.17, 25.68, 0.270, 1.380, 0.004

0, 6, 12, 1, 36.5754, 24.42, 25.20, 25.68, 0.270, 1.385, 0.004

1, 6, 13, 1, 36.5754, 24.42, 26.17, 25.68, 0.260, 1.380, 0.004

0, 6, 12, 2, 36.5754, 24.42, 25.20, 25.68, 0.270, 1.390, 0.004

1, 6, 13, 2, 36.5754, 24.42, 26.17, 25.68, 0.260, 1.381, 0.004

0, 6, 12, 3, 36.5754, 24.42, 25.20, 25.68, 0.270, 1.391, 0.004

1, 6, 13, 3, 36.5754, 24.42, 26.17, 25.68, 0.260, 1.380, 0.004

0, 6, 12, 4, 36.5754, 24.42, 25.20, 25.68, 0.270, 1.393, 0.004

1, 6, 13, 4, 36.5754, 24.42, 26.17, 25.68, 0.260, 1.381, 0.004

0, 6, 12, 0, 36.5754, 24.67, 25.68, 25.68, 0.290, 1.391, 0.004

1, 6, 13, 0, 36.5754, 24.67, 26.17, 25.68, 0.260, 1.385, 0.004

0, 6, 12, 1, 36.5754, 24.67, 25.68, 25.68, 0.290, 1.394, 0.004

1, 6, 13, 1, 36.5754, 24.67, 26.17, 25.68, 0.260, 1.382, 0.004

0, 6, 12, 2, 36.5754, 24.67, 25.68, 25.68, 0.290, 1.390, 0.004

1, 6, 13, 2, 36.5754, 24.67, 26.17, 25.68, 0.260, 1.372, 0.004

0, 6, 12, 3, 36.5754, 24.67, 25.68, 25.68, 0.290, 1.387, 0.004

1, 6, 13, 3, 36.5754, 24.67, 26.17, 25.68, 0.260, 1.368, 0.004

0, 6, 12, 4, 36.5754, 24.67, 25.68, 25.68, 0.290, 1.390, 0.004

1, 6, 13, 4, 36.5754, 24.67, 26.17, 25.68, 0.270, 1.378, 0.004

0, 6, 12, 0, 36.5754, 24.92, 31.54, 26.66, 0.310, 1.385, 0.004

1, 6, 13, 0, 36.5754, 24.92, 26.66, 26.66, 0.260, 1.383, 0.004

0, 6, 12, 1, 36.5754, 24.92, 31.54, 26.66, 0.310, 1.384, 0.004

1, 6, 13, 1, 36.5754, 24.92, 26.66, 26.66, 0.260, 1.384, 0.004

0, 6, 12, 2, 36.5754, 24.92, 31.54, 26.66, 0.310, 1.387, 0.004

1, 6, 13, 2, 36.5754, 24.92, 26.66, 26.66, 0.260, 1.380, 0.004

0, 6, 12, 3, 36.5754, 24.92, 31.54, 26.66, 0.310, 1.389, 0.004

1, 6, 13, 3, 36.5754, 24.92, 26.66, 26.66, 0.260, 1.373, 0.004

0, 6, 12, 4, 36.5754, 24.92, 31.54, 26.66, 0.310, 1.395, 0.004

1, 6, 13, 4, 36.5754, 24.92, 26.66, 26.66, 0.260, 1.385, 0.004

0, 6, 12, 0, 36.5754, 25.17, 26.17, 26.66, 0.330, 1.384, 0.004

1, 6, 13, 0, 36.5754, 25.17, 26.66, 26.66, 0.260, 1.378, 0.004

0, 6, 12, 1, 36.5754, 25.17, 26.17, 26.66, 0.320, 1.392, 0.004

1, 6, 13, 1, 36.5754, 25.17, 26.66, 26.66, 0.260, 1.382, 0.004

0, 6, 12, 2, 36.5754, 25.17, 26.17, 26.66, 0.330, 1.382, 0.004

1, 6, 13, 2, 36.5754, 25.17, 26.66, 26.66, 0.270, 1.378, 0.004

0, 6, 12, 3, 36.5754, 25.17, 26.17, 26.66, 0.330, 1.395, 0.004

1, 6, 13, 3, 36.5754, 25.17, 26.66, 26.66, 0.260, 1.387, 0.004

0, 6, 12, 4, 36.5754, 25.17, 26.17, 26.66, 0.330, 1.389, 0.004

1, 6, 13, 4, 36.5754, 25.17, 26.66, 26.66, 0.260, 1.385, 0.004

0, 6, 12, 0, 36.5754, 25.42, 26.17, 25.68, 0.340, 1.398, 0.004

1, 6, 13, 0, 36.5754, 25.42, 25.20, 25.68, 0.270, 1.383, 0.004

0, 6, 12, 1, 36.5754, 25.42, 26.17, 25.68, 0.330, 1.392, 0.004

1, 6, 13, 1, 36.5754, 25.42, 25.20, 25.68, 0.260, 1.373, 0.004

0, 6, 12, 2, 36.5754, 25.42, 26.17, 25.68, 0.330, 1.395, 0.004

1, 6, 13, 2, 36.5754, 25.42, 25.20, 25.68, 0.260, 1.378, 0.004

0, 6, 12, 3, 36.5754, 25.42, 26.17, 25.68, 0.330, 1.395, 0.004

1, 6, 13, 3, 36.5754, 25.42, 25.20, 25.68, 0.270, 1.381, 0.004

0, 6, 12, 4, 36.5754, 25.42, 26.17, 25.68, 0.330, 1.386, 0.004

1, 6, 13, 4, 36.5754, 25.42, 25.20, 25.68, 0.260, 1.377, 0.004

0, 6, 12, 0, 36.5754, 25.67, 25.68, 25.68, 0.340, 1.389, 0.004

1, 6, 13, 0, 36.5754, 25.67, 26.17, 25.68, 0.260, 1.379, 0.004

0, 6, 12, 1, 36.5754, 25.67, 25.68, 25.68, 0.330, 1.387, 0.004

1, 6, 13, 1, 36.5754, 25.67, 26.17, 25.68, 0.270, 1.388, 0.004

0, 6, 12, 2, 36.5754, 25.67, 25.68, 25.68, 0.330, 1.391, 0.004

1, 6, 13, 2, 36.5754, 25.67, 26.17, 25.68, 0.260, 1.382, 0.004

0, 6, 12, 3, 36.5754, 25.67, 25.68, 25.68, 0.330, 1.387, 0.004

1, 6, 13, 3, 36.5754, 25.67, 26.17, 25.68, 0.260, 1.381, 0.004

0, 6, 12, 4, 36.5754, 25.67, 25.68, 25.68, 0.330, 1.395, 0.004

1, 6, 13, 4, 36.5754, 25.67, 26.17, 25.68, 0.260, 1.373, 0.004

0, 6, 12, 0, 36.5754, 25.92, 25.68, 25.20, 0.330, 1.382, 0.004

1, 6, 13, 0, 36.5754, 25.92, 26.66, 25.20, 0.270, 1.380, 0.004

0, 6, 12, 1, 36.5754, 25.92, 25.68, 25.20, 0.340, 1.388, 0.004

1, 6, 13, 1, 36.5754, 25.92, 26.66, 25.20, 0.260, 1.387, 0.004

0, 6, 12, 2, 36.5754, 25.92, 25.68, 25.20, 0.340, 1.391, 0.004

1, 6, 13, 2, 36.5754, 25.92, 26.66, 25.20, 0.270, 1.386, 0.004

0, 6, 12, 3, 36.5754, 25.92, 25.68, 25.20, 0.330, 1.384, 0.004

1, 6, 13, 3, 36.5754, 25.92, 26.66, 25.20, 0.260, 1.382, 0.004

0, 6, 12, 4, 36.5754, 25.92, 25.68, 25.20, 0.330, 1.398, 0.004

1, 6, 13, 4, 36.5754, 25.92, 26.66, 25.20, 0.260, 1.381, 0.004

0, 6, 12, 0, 36.5754, 26.17, 24.71, 25.20, 0.340, 1.391, 0.004

1, 6, 13, 0, 36.5754, 26.17, 27.64, 25.20, 0.260, 1.373, 0.004

0, 6, 12, 1, 36.5754, 26.17, 24.71, 25.20, 0.330, 1.387, 0.004

1, 6, 13, 1, 36.5754, 26.17, 27.64, 25.20, 0.260, 1.385, 0.004

0, 6, 12, 2, 36.5754, 26.17, 24.71, 25.20, 0.340, 1.381, 0.004

1, 6, 13, 2, 36.5754, 26.17, 27.64, 25.20, 0.260, 1.381, 0.004

0, 6, 12, 3, 36.5754, 26.17, 24.71, 25.20, 0.340, 1.386, 0.004

1, 6, 13, 3, 36.5754, 26.17, 27.64, 25.20, 0.260, 1.380, 0.004

0, 6, 12, 4, 36.5754, 26.17, 24.71, 25.20, 0.340, 1.388, 0.004

1, 6, 13, 4, 36.5754, 26.17, 27.64, 25.20, 0.260, 1.386, 0.004

0, 6, 12, 0, 36.5754, 26.42, 24.71, 25.20, 0.340, 1.394, 0.004

1, 6, 13, 0, 36.5754, 26.42, 26.17, 25.20, 0.270, 1.378, 0.004

0, 6, 12, 1, 36.5754, 26.42, 24.71, 25.20, 0.340, 1.395, 0.004

1, 6, 13, 1, 36.5754, 26.42, 26.17, 25.20, 0.260, 1.381, 0.004

0, 6, 12, 2, 36.5754, 26.42, 24.71, 25.20, 0.350, 1.394, 0.004

1, 6, 13, 2, 36.5754, 26.42, 26.17, 25.20, 0.270, 1.389, 0.004

0, 6, 12, 3, 36.5754, 26.42, 24.71, 25.20, 0.340, 1.390, 0.004

1, 6, 13, 3, 36.5754, 26.42, 26.17, 25.20, 0.260, 1.381, 0.004

0, 6, 12, 4, 36.5754, 26.42, 24.71, 25.20, 0.340, 1.392, 0.004

1, 6, 13, 4, 36.5754, 26.42, 26.17, 25.20, 0.260, 1.376, 0.004

0, 6, 12, 0, 36.5754, 26.67, 26.17, 26.66, 0.350, 1.393, 0.004

1, 6, 13, 0, 36.5754, 26.67, 26.66, 26.66, 0.270, 1.381, 0.004

0, 6, 12, 1, 36.5754, 26.67, 26.17, 26.66, 0.330, 1.375, 0.004

1, 6, 13, 1, 36.5754, 26.67, 26.66, 26.66, 0.270, 1.390, 0.004

0, 6, 12, 2, 36.5754, 26.67, 26.17, 26.66, 0.340, 1.393, 0.004

1, 6, 13, 2, 36.5754, 26.67, 26.66, 26.66, 0.260, 1.381, 0.004

0, 6, 12, 3, 36.5754, 26.67, 26.17, 26.66, 0.350, 1.381, 0.004

1, 6, 13, 3, 36.5754, 26.67, 26.66, 26.66, 0.260, 1.385, 0.004

0, 6, 12, 4, 36.5754, 26.67, 26.17, 26.66, 0.340, 1.389, 0.004

1, 6, 13, 4, 36.5754, 26.67, 26.66, 26.66, 0.260, 1.378, 0.004

0, 6, 12, 0, 36.5754, 26.92, 25.20, 25.68, 0.340, 1.391, 0.004

1, 6, 13, 0, 36.5754, 26.92, 25.20, 25.68, 0.260, 1.387, 0.004

0, 6, 12, 1, 36.5754, 26.92, 25.20, 25.68, 0.340, 1.391, 0.004

1, 6, 13, 1, 36.5754, 26.92, 25.20, 25.68, 0.260, 1.375, 0.004

0, 6, 12, 2, 36.5754, 26.92, 25.20, 25.68, 0.340, 1.391, 0.004

1, 6, 13, 2, 36.5754, 26.92, 25.20, 25.68, 0.260, 1.377, 0.004

0, 6, 12, 3, 36.5754, 26.92, 25.20, 25.68, 0.350, 1.388, 0.004

1, 6, 13, 3, 36.5754, 26.92, 25.20, 25.68, 0.260, 1.381, 0.004

0, 6, 12, 4, 36.5754, 26.92, 25.20, 25.68, 0.340, 1.384, 0.004

1, 6, 13, 4, 36.5754, 26.92, 25.20, 25.68, 0.260, 1.381, 0.004

0, 6, 12, 0, 36.5754, 27.17, 26.17, 25.68, 0.340, 1.394, 0.004

1, 6, 13, 0, 36.5754, 27.17, 27.15, 25.68, 0.260, 1.387, 0.004

0, 6, 12, 1, 36.5754, 27.17, 26.17, 25.68, 0.350, 1.381, 0.004

1, 6, 13, 1, 36.5754, 27.17, 27.15, 25.68, 0.260, 1.377, 0.004

0, 6, 12, 2, 36.5754, 27.17, 26.17, 25.68, 0.330, 1.387, 0.004

1, 6, 13, 2, 36.5754, 27.17, 27.15, 25.68, 0.260, 1.385, 0.004

0, 6, 12, 3, 36.5754, 27.17, 26.17, 25.68, 0.340, 1.389, 0.004

1, 6, 13, 3, 36.5754, 27.17, 27.15, 25.68, 0.270, 1.383, 0.004

0, 6, 12, 4, 36.5754, 27.17, 26.17, 25.68, 0.340, 1.395, 0.004

1, 6, 13, 4, 36.5754, 27.17, 27.15, 25.68, 0.270, 1.383, 0.004

0, 6, 12, 0, 36.5754, 27.42, 26.66, 26.17, 0.350, 1.376, 0.004

1, 6, 13, 0, 36.5754, 27.42, 26.66, 26.17, 0.260, 1.386, 0.004

0, 6, 12, 1, 36.5754, 27.42, 26.66, 26.17, 0.350, 1.392, 0.004

1, 6, 13, 1, 36.5754, 27.42, 26.66, 26.17, 0.260, 1.381, 0.004

0, 6, 12, 2, 36.5754, 27.42, 26.66, 26.17, 0.340, 1.393, 0.004

1, 6, 13, 2, 36.5754, 27.42, 26.66, 26.17, 0.260, 1.384, 0.004

0, 6, 12, 3, 36.5754, 27.42, 26.66, 26.17, 0.350, 1.384, 0.004

1, 6, 13, 3, 36.5754, 27.42, 26.66, 26.17, 0.270, 1.373, 0.004

0, 6, 12, 4, 36.5754, 27.42, 26.66, 26.17, 0.340, 1.384, 0.004

1, 6, 13, 4, 36.5754, 27.42, 26.66, 26.17, 0.260, 1.379, 0.004

0, 6, 12, 0, 36.5754, 27.67, 22.75, 25.20, 0.350, 1.381, 0.004

1, 6, 13, 0, 36.5754, 27.67, 27.15, 25.20, 0.260, 1.382, 0.004

0, 6, 12, 1, 36.5754, 27.67, 22.75, 25.20, 0.340, 1.385, 0.004

1, 6, 13, 1, 36.5754, 27.67, 27.15, 25.20, 0.260, 1.383, 0.004

0, 6, 12, 2, 36.5754, 27.67, 22.75, 25.20, 0.340, 1.391, 0.004

1, 6, 13, 2, 36.5754, 27.67, 27.15, 25.20, 0.270, 1.387, 0.004

0, 6, 12, 3, 36.5754, 27.67, 22.75, 25.20, 0.340, 1.387, 0.004

1, 6, 13, 3, 36.5754, 27.67, 27.15, 25.20, 0.260, 1.376, 0.004

0, 6, 12, 4, 36.5754, 27.67, 22.75, 25.20, 0.340, 1.386, 0.004

1, 6, 13, 4, 36.5754, 27.67, 27.15, 25.20, 0.260, 1.378, 0.004

0, 6, 12, 0, 36.5754, 27.92, 28.12, 26.66, 0.350, 1.388, 0.004

1, 6, 13, 0, 36.5754, 27.92, 27.15, 26.66, 0.260, 1.381, 0.004

0, 6, 12, 1, 36.5754, 27.92, 28.12, 26.66, 0.350, 1.391, 0.004

1, 6, 13, 1, 36.5754, 27.92, 27.15, 26.66, 0.270, 1.381, 0.004

0, 6, 12, 2, 36.5754, 27.92, 28.12, 26.66, 0.340, 1.389, 0.004

1, 6, 13, 2, 36.5754, 27.92, 27.15, 26.66, 0.260, 1.379, 0.004

0, 6, 12, 3, 36.5754, 27.92, 28.12, 26.66, 0.350, 1.385, 0.004

1, 6, 13, 3, 36.5754, 27.92, 27.15, 26.66, 0.260, 1.385, 0.004

0, 6, 12, 4, 36.5754, 27.92, 28.12, 26.66, 0.340, 1.392, 0.004

1, 6, 13, 4, 36.5754, 27.92, 27.15, 26.66, 0.260, 1.383, 0.004

0, 6, 12, 0, 36.5754, 28.17, 24.71, 26.17, 0.340, 1.394, 0.004

1, 6, 13, 0, 36.5754, 28.17, 26.66, 26.17, 0.270, 1.379, 0.004

0, 6, 12, 1, 36.5754, 28.17, 24.71, 26.17, 0.340, 1.391, 0.004

1, 6, 13, 1, 36.5754, 28.17, 26.66, 26.17, 0.260, 1.377, 0.004

0, 6, 12, 2, 36.5754, 28.17, 24.71, 26.17, 0.350, 1.391, 0.004

1, 6, 13, 2, 36.5754, 28.17, 26.66, 26.17, 0.260, 1.375, 0.004

0, 6, 12, 3, 36.5754, 28.17, 24.71, 26.17, 0.340, 1.386, 0.004

1, 6, 13, 3, 36.5754, 28.17, 26.66, 26.17, 0.260, 1.378, 0.004

0, 6, 12, 4, 36.5754, 28.17, 24.71, 26.17, 0.340, 1.390, 0.004

1, 6, 13, 4, 36.5754, 28.17, 26.66, 26.17, 0.260, 1.382, 0.004

0, 6, 12, 0, 0, 0, 26.17, 26.17, 0.260, 1.388, 0.004

1, 6, 13, 0, 0, 0, 26.66, 26.17, 0.260, 1.377, 0.004

0, 6, 12, 1, 0, 0, 26.17, 26.17, 0.260, 1.389, 0.004

1, 6, 13, 1, 0, 0, 26.66, 26.17, 0.260, 1.386, 0.004

0, 6, 12, 2, 0, 0, 26.17, 26.17, 0.260, 1.396, 0.004

1, 6, 13, 2, 0, 0, 26.66, 26.17, 0.260, 1.379, 0.004

0, 6, 12, 3, 0, 0, 26.17, 26.17, 0.260, 1.391, 0.004

1, 6, 13, 3, 0, 0, 26.66, 26.17, 0.260, 1.381, 0.004

0, 6, 12, 4, 0, 0, 26.17, 26.17, 0.260, 1.383, 0.004

1, 6, 13, 4, 0, 0, 26.66, 26.17, 0.260, 1.382, 0.004

0, 6, 12, 0, 36.5754, 28.42, 24.71, 26.17, 0.340, 1.376, 0.004

1, 6, 13, 0, 36.5754, 28.42, 26.66, 26.17, 0.260, 1.381, 0.004

0, 6, 12, 1, 36.5754, 28.42, 24.71, 26.17, 0.350, 1.392, 0.004

1, 6, 13, 1, 36.5754, 28.42, 26.66, 26.17, 0.260, 1.381, 0.004

0, 6, 12, 2, 36.5754, 28.42, 24.71, 26.17, 0.350, 1.392, 0.004

1, 6, 13, 2, 36.5754, 28.42, 26.66, 26.17, 0.260, 1.383, 0.004

0, 6, 12, 3, 36.5754, 28.42, 24.71, 26.17, 0.340, 1.364, 0.004

1, 6, 13, 3, 36.5754, 28.42, 26.66, 26.17, 0.260, 1.389, 0.004

0, 6, 12, 4, 36.5754, 28.42, 24.71, 26.17, 0.350, 1.392, 0.004

1, 6, 13, 4, 36.5754, 28.42, 26.66, 26.17, 0.260, 1.384, 0.004

0, 6, 12, 0, 36.5754, 28.67, 25.20, 26.66, 0.340, 1.385, 0.004

1, 6, 13, 0, 36.5754, 28.67, 26.17, 26.66, 0.260, 1.390, 0.004

0, 6, 12, 1, 36.5754, 28.67, 25.20, 26.66, 0.340, 1.388, 0.004

1, 6, 13, 1, 36.5754, 28.67, 26.17, 26.66, 0.260, 1.377, 0.004

0, 6, 12, 2, 36.5754, 28.67, 25.20, 26.66, 0.340, 1.390, 0.004

1, 6, 13, 2, 36.5754, 28.67, 26.17, 26.66, 0.260, 1.381, 0.004

0, 6, 12, 3, 36.5754, 28.67, 25.20, 26.66, 0.350, 1.384, 0.004

1, 6, 13, 3, 36.5754, 28.67, 26.17, 26.66, 0.270, 1.371, 0.004

0, 6, 12, 4, 36.5754, 28.67, 25.20, 26.66, 0.340, 1.388, 0.004

1, 6, 13, 4, 36.5754, 28.67, 26.17, 26.66, 0.260, 1.384, 0.004

0, 6, 12, 0, 36.5754, 28.92, 25.20, 25.68, 0.350, 1.397, 0.004

1, 6, 13, 0, 36.5754, 28.92, 26.17, 25.68, 0.260, 1.383, 0.004

0, 6, 12, 1, 36.5754, 28.92, 25.20, 25.68, 0.350, 1.388, 0.004

1, 6, 13, 1, 36.5754, 28.92, 26.17, 25.68, 0.260, 1.383, 0.004

0, 6, 12, 2, 36.5754, 28.92, 25.20, 25.68, 0.340, 1.374, 0.004

1, 6, 13, 2, 36.5754, 28.92, 26.17, 25.68, 0.260, 1.378, 0.004

0, 6, 12, 3, 36.5754, 28.92, 25.20, 25.68, 0.340, 1.396, 0.004

1, 6, 13, 3, 36.5754, 28.92, 26.17, 25.68, 0.270, 1.383, 0.004

0, 6, 12, 4, 36.5754, 28.92, 25.20, 25.68, 0.350, 1.389, 0.004

1, 6, 13, 4, 36.5754, 28.92, 26.17, 25.68, 0.260, 1.384, 0.004

0, 6, 12, 0, 36.5754, 29.17, 25.68, 26.17, 0.350, 1.387, 0.004

1, 6, 13, 0, 36.5754, 29.17, 26.66, 26.17, 0.270, 1.383, 0.004

0, 6, 12, 1, 36.5754, 29.17, 25.68, 26.17, 0.350, 1.385, 0.004

1, 6, 13, 1, 36.5754, 29.17, 26.66, 26.17, 0.260, 1.374, 0.004

0, 6, 12, 2, 36.5754, 29.17, 25.68, 26.17, 0.340, 1.389, 0.004

1, 6, 13, 2, 36.5754, 29.17, 26.66, 26.17, 0.260, 1.394, 0.004

0, 6, 12, 3, 36.5754, 29.17, 25.68, 26.17, 0.340, 1.401, 0.004

1, 6, 13, 3, 36.5754, 29.17, 26.66, 26.17, 0.270, 1.383, 0.004

0, 6, 12, 4, 36.5754, 29.17, 25.68, 26.17, 0.340, 1.391, 0.004

1, 6, 13, 4, 36.5754, 29.17, 26.66, 26.17, 0.260, 1.379, 0.004

0, 6, 12, 0, 36.5754, 29.42, 24.22, 26.66, 0.350, 1.385, 0.004

1, 6, 13, 0, 36.5754, 29.42, 26.17, 26.66, 0.270, 1.386, 0.004

0, 6, 12, 1, 36.5754, 29.42, 24.22, 26.66, 0.340, 1.395, 0.004

1, 6, 13, 1, 36.5754, 29.42, 26.17, 26.66, 0.260, 1.375, 0.004

0, 6, 12, 2, 36.5754, 29.42, 24.22, 26.66, 0.350, 1.389, 0.004

1, 6, 13, 2, 36.5754, 29.42, 26.17, 26.66, 0.260, 1.383, 0.004

0, 6, 12, 3, 36.5754, 29.42, 24.22, 26.66, 0.340, 1.386, 0.004

1, 6, 13, 3, 36.5754, 29.42, 26.17, 26.66, 0.270, 1.378, 0.004

0, 6, 12, 4, 36.5754, 29.42, 24.22, 26.66, 0.340, 1.387, 0.004

1, 6, 13, 4, 36.5754, 29.42, 26.17, 26.66, 0.270, 1.388, 0.004

0, 6, 12, 0, 36.5754, 29.67, 25.68, 25.68, 0.350, 1.390, 0.004

1, 6, 13, 0, 36.5754, 29.67, 26.17, 25.68, 0.260, 1.378, 0.004

0, 6, 12, 1, 36.5754, 29.67, 25.68, 25.68, 0.340, 1.389, 0.004

1, 6, 13, 1, 36.5754, 29.67, 26.17, 25.68, 0.270, 1.381, 0.004

0, 6, 12, 2, 36.5754, 29.67, 25.68, 25.68, 0.350, 1.364, 0.004

1, 6, 13, 2, 36.5754, 29.67, 26.17, 25.68, 0.260, 1.387, 0.004

0, 6, 12, 3, 36.5754, 29.67, 25.68, 25.68, 0.350, 1.385, 0.004

1, 6, 13, 3, 36.5754, 29.67, 26.17, 25.68, 0.260, 1.382, 0.004

0, 6, 12, 4, 36.5754, 29.67, 25.68, 25.68, 0.350, 1.384, 0.004

1, 6, 13, 4, 36.5754, 29.67, 26.17, 25.68, 0.260, 1.383, 0.004

0, 6, 12, 0, 36.5754, 29.92, 24.71, 24.22, 0.340, 1.399, 0.004

1, 6, 13, 0, 36.5754, 29.92, 26.66, 24.22, 0.260, 1.373, 0.004

0, 6, 12, 1, 36.5754, 29.92, 24.71, 24.22, 0.340, 1.397, 0.004

1, 6, 13, 1, 36.5754, 29.92, 26.66, 24.22, 0.260, 1.380, 0.004

0, 6, 12, 2, 36.5754, 29.92, 24.71, 24.22, 0.350, 1.367, 0.004

1, 6, 13, 2, 36.5754, 29.92, 26.66, 24.22, 0.270, 1.372, 0.004

0, 6, 12, 3, 36.5754, 29.92, 24.71, 24.22, 0.340, 1.377, 0.004

1, 6, 13, 3, 36.5754, 29.92, 26.66, 24.22, 0.270, 1.386, 0.004

0, 6, 12, 4, 36.5754, 29.92, 24.71, 24.22, 0.340, 1.400, 0.004

1, 6, 13, 4, 36.5754, 29.92, 26.66, 24.22, 0.260, 1.383, 0.004

0, 6, 12, 0, 36.5754, 30.17, 26.17, 26.17, 0.350, 1.383, 0.004

1, 6, 13, 0, 36.5754, 30.17, 26.66, 26.17, 0.260, 1.379, 0.004

0, 6, 12, 1, 36.5754, 30.17, 26.17, 26.17, 0.340, 1.388, 0.004

1, 6, 13, 1, 36.5754, 30.17, 26.66, 26.17, 0.260, 1.381, 0.004

0, 6, 12, 2, 36.5754, 30.17, 26.17, 26.17, 0.350, 1.391, 0.004

1, 6, 13, 2, 36.5754, 30.17, 26.66, 26.17, 0.260, 1.393, 0.004

0, 6, 12, 3, 36.5754, 30.17, 26.17, 26.17, 0.350, 1.393, 0.004

1, 6, 13, 3, 36.5754, 30.17, 26.66, 26.17, 0.260, 1.384, 0.004

0, 6, 12, 4, 36.5754, 30.17, 26.17, 26.17, 0.340, 1.400, 0.004

1, 6, 13, 4, 36.5754, 30.17, 26.66, 26.17, 0.260, 1.384, 0.004

0, 6, 12, 0, 36.5754, 30.42, 25.20, 25.68, 0.340, 1.394, 0.004

1, 6, 13, 0, 36.5754, 30.42, 28.61, 25.68, 0.260, 1.386, 0.004

0, 6, 12, 1, 36.5754, 30.42, 25.20, 25.68, 0.340, 1.385, 0.004

1, 6, 13, 1, 36.5754, 30.42, 28.61, 25.68, 0.260, 1.378, 0.004

0, 6, 12, 2, 36.5754, 30.42, 25.20, 25.68, 0.350, 1.388, 0.004

1, 6, 13, 2, 36.5754, 30.42, 28.61, 25.68, 0.260, 1.381, 0.004

0, 6, 12, 3, 36.5754, 30.42, 25.20, 25.68, 0.350, 1.391, 0.004

1, 6, 13, 3, 36.5754, 30.42, 28.61, 25.68, 0.260, 1.385, 0.004

0, 6, 12, 4, 36.5754, 30.42, 25.20, 25.68, 0.350, 1.393, 0.004

1, 6, 13, 4, 36.5754, 30.42, 28.61, 25.68, 0.270, 1.385, 0.004

0, 6, 12, 0, 36.5754, 30.67, 23.73, 25.68, 0.340, 1.398, 0.004

1, 6, 13, 0, 36.5754, 30.67, 25.68, 25.68, 0.260, 1.384, 0.004

0, 6, 12, 1, 36.5754, 30.67, 23.73, 25.68, 0.350, 1.381, 0.004

1, 6, 13, 1, 36.5754, 30.67, 25.68, 25.68, 0.270, 1.380, 0.004

0, 6, 12, 2, 36.5754, 30.67, 23.73, 25.68, 0.360, 1.399, 0.004

1, 6, 13, 2, 36.5754, 30.67, 25.68, 25.68, 0.260, 1.384, 0.004

0, 6, 12, 3, 36.5754, 30.67, 23.73, 25.68, 0.340, 1.387, 0.004

1, 6, 13, 3, 36.5754, 30.67, 25.68, 25.68, 0.270, 1.378, 0.004

0, 6, 12, 4, 36.5754, 30.67, 23.73, 25.68, 0.350, 1.384, 0.004

1, 6, 13, 4, 36.5754, 30.67, 25.68, 25.68, 0.260, 1.380, 0.004

0, 6, 12, 0, 36.5754, 30.92, 25.20, 26.66, 0.340, 1.387, 0.004

1, 6, 13, 0, 36.5754, 30.92, 27.64, 26.66, 0.260, 1.387, 0.004

0, 6, 12, 1, 36.5754, 30.92, 25.20, 26.66, 0.340, 1.393, 0.004

1, 6, 13, 1, 36.5754, 30.92, 27.64, 26.66, 0.260, 1.378, 0.004

0, 6, 12, 2, 36.5754, 30.92, 25.20, 26.66, 0.350, 1.393, 0.004

1, 6, 13, 2, 36.5754, 30.92, 27.64, 26.66, 0.260, 1.378, 0.004

0, 6, 12, 3, 36.5754, 30.92, 25.20, 26.66, 0.340, 1.387, 0.004

1, 6, 13, 3, 36.5754, 30.92, 27.64, 26.66, 0.260, 1.379, 0.004

0, 6, 12, 4, 36.5754, 30.92, 25.20, 26.66, 0.350, 1.386, 0.004

1, 6, 13, 4, 36.5754, 30.92, 27.64, 26.66, 0.260, 1.383, 0.004

0, 6, 12, 0, 36.5754, 31.17, 25.68, 26.17, 0.350, 1.389, 0.004

1, 6, 13, 0, 36.5754, 31.17, 26.17, 26.17, 0.260, 1.382, 0.004

0, 6, 12, 1, 36.5754, 31.17, 25.68, 26.17, 0.350, 1.389, 0.004

1, 6, 13, 1, 36.5754, 31.17, 26.17, 26.17, 0.260, 1.386, 0.004

0, 6, 12, 2, 36.5754, 31.17, 25.68, 26.17, 0.350, 1.394, 0.004

1, 6, 13, 2, 36.5754, 31.17, 26.17, 26.17, 0.260, 1.388, 0.004

0, 6, 12, 3, 36.5754, 31.17, 25.68, 26.17, 0.340, 1.394, 0.004

1, 6, 13, 3, 36.5754, 31.17, 26.17, 26.17, 0.260, 1.390, 0.004

0, 6, 12, 4, 36.5754, 31.17, 25.68, 26.17, 0.340, 1.385, 0.004

1, 6, 13, 4, 36.5754, 31.17, 26.17, 26.17, 0.270, 1.383, 0.004

0, 6, 12, 0, 36.5754, 31.42, 25.20, 26.17, 0.350, 1.399, 0.004

1, 6, 13, 0, 36.5754, 31.42, 26.17, 26.17, 0.260, 1.387, 0.004

0, 6, 12, 1, 36.5754, 31.42, 25.20, 26.17, 0.340, 1.389, 0.004

1, 6, 13, 1, 36.5754, 31.42, 26.17, 26.17, 0.260, 1.383, 0.004

0, 6, 12, 2, 36.5754, 31.42, 25.20, 26.17, 0.350, 1.388, 0.004

1, 6, 13, 2, 36.5754, 31.42, 26.17, 26.17, 0.260, 1.379, 0.004

0, 6, 12, 3, 36.5754, 31.42, 25.20, 26.17, 0.340, 1.385, 0.004

1, 6, 13, 3, 36.5754, 31.42, 26.17, 26.17, 0.260, 1.377, 0.004

0, 6, 12, 4, 36.5754, 31.42, 25.20, 26.17, 0.340, 1.393, 0.004

1, 6, 13, 4, 36.5754, 31.42, 26.17, 26.17, 0.260, 1.384, 0.004

0, 6, 12, 0, 36.5754, 31.67, 25.68, 25.68, 0.350, 1.395, 0.004

1, 6, 13, 0, 36.5754, 31.67, 26.17, 25.68, 0.260, 1.385, 0.004

0, 6, 12, 1, 36.5754, 31.67, 25.68, 25.68, 0.340, 1.387, 0.004

1, 6, 13, 1, 36.5754, 31.67, 26.17, 25.68, 0.260, 1.384, 0.004

0, 6, 12, 2, 36.5754, 31.67, 25.68, 25.68, 0.340, 1.393, 0.004

1, 6, 13, 2, 36.5754, 31.67, 26.17, 25.68, 0.260, 1.379, 0.004

0, 6, 12, 3, 36.5754, 31.67, 25.68, 25.68, 0.340, 1.388, 0.004

1, 6, 13, 3, 36.5754, 31.67, 26.17, 25.68, 0.260, 1.381, 0.004

0, 6, 12, 4, 36.5754, 31.67, 25.68, 25.68, 0.340, 1.385, 0.004

1, 6, 13, 4, 36.5754, 31.67, 26.17, 25.68, 0.260, 1.379, 0.004

0, 6, 12, 0, 36.5754, 31.92, 26.66, 26.17, 0.350, 1.389, 0.004

1, 6, 13, 0, 36.5754, 31.92, 26.66, 26.17, 0.260, 1.386, 0.004

0, 6, 12, 1, 36.5754, 31.92, 26.66, 26.17, 0.360, 1.391, 0.004

1, 6, 13, 1, 36.5754, 31.92, 26.66, 26.17, 0.260, 1.390, 0.004

0, 6, 12, 2, 36.5754, 31.92, 26.66, 26.17, 0.350, 1.389, 0.004

1, 6, 13, 2, 36.5754, 31.92, 26.66, 26.17, 0.260, 1.384, 0.004

0, 6, 12, 3, 36.5754, 31.92, 26.66, 26.17, 0.350, 1.395, 0.004

1, 6, 13, 3, 36.5754, 31.92, 26.66, 26.17, 0.260, 1.393, 0.004

0, 6, 12, 4, 36.5754, 31.92, 26.66, 26.17, 0.350, 1.386, 0.004

1, 6, 13, 4, 36.5754, 31.92, 26.66, 26.17, 0.260, 1.384, 0.004

0, 6, 12, 0, 36.5754, 32.17, 24.22, 26.66, 0.340, 1.389, 0.004

1, 6, 13, 0, 36.5754, 32.17, 26.66, 26.66, 0.260, 1.372, 0.004

0, 6, 12, 1, 36.5754, 32.17, 24.22, 26.66, 0.340, 1.386, 0.004

1, 6, 13, 1, 36.5754, 32.17, 26.66, 26.66, 0.260, 1.379, 0.004

0, 6, 12, 2, 36.5754, 32.17, 24.22, 26.66, 0.340, 1.387, 0.004

1, 6, 13, 2, 36.5754, 32.17, 26.66, 26.66, 0.260, 1.379, 0.004

0, 6, 12, 3, 36.5754, 32.17, 24.22, 26.66, 0.340, 1.399, 0.004

1, 6, 13, 3, 36.5754, 32.17, 26.66, 26.66, 0.260, 1.379, 0.004

0, 6, 12, 4, 36.5754, 32.17, 24.22, 26.66, 0.340, 1.399, 0.004

1, 6, 13, 4, 36.5754, 32.17, 26.66, 26.66, 0.260, 1.373, 0.004

0, 6, 12, 0, 0, 0, 27.15, 26.17, 0.260, 1.402, 0.004

1, 6, 13, 0, 0, 0, 26.17, 26.17, 0.260, 1.388, 0.004

0, 6, 12, 1, 0, 0, 27.15, 26.17, 0.260, 1.388, 0.004

1, 6, 13, 1, 0, 0, 26.17, 26.17, 0.260, 1.383, 0.004

0, 6, 12, 2, 0, 0, 27.15, 26.17, 0.260, 1.385, 0.004

1, 6, 13, 2, 0, 0, 26.17, 26.17, 0.260, 1.383, 0.004

0, 6, 12, 3, 0, 0, 27.15, 26.17, 0.260, 1.394, 0.004

1, 6, 13, 3, 0, 0, 26.17, 26.17, 0.260, 1.384, 0.004

0, 6, 12, 4, 0, 0, 27.15, 26.17, 0.260, 1.397, 0.004

1, 6, 13, 4, 0, 0, 26.17, 26.17, 0.260, 1.374, 0.004

0, 6, 12, 0, 36.5754, 32.42, 25.68, 26.17, 0.330, 1.390, 0.004

1, 6, 13, 0, 36.5754, 32.42, 28.12, 26.17, 0.260, 1.382, 0.004

0, 6, 12, 1, 36.5754, 32.42, 25.68, 26.17, 0.330, 1.389, 0.004

1, 6, 13, 1, 36.5754, 32.42, 28.12, 26.17, 0.270, 1.386, 0.004

0, 6, 12, 2, 36.5754, 32.42, 25.68, 26.17, 0.340, 1.400, 0.004

1, 6, 13, 2, 36.5754, 32.42, 28.12, 26.17, 0.260, 1.375, 0.004

0, 6, 12, 3, 36.5754, 32.42, 25.68, 26.17, 0.340, 1.367, 0.004

1, 6, 13, 3, 36.5754, 32.42, 28.12, 26.17, 0.260, 1.389, 0.004

0, 6, 12, 4, 36.5754, 32.42, 25.68, 26.17, 0.330, 1.389, 0.004

1, 6, 13, 4, 36.5754, 32.42, 28.12, 26.17, 0.260, 1.384, 0.004

0, 6, 12, 0, 36.5754, 32.67, 25.20, 26.17, 0.340, 1.400, 0.004

1, 6, 13, 0, 36.5754, 32.67, 27.15, 26.17, 0.260, 1.379, 0.004

0, 6, 12, 1, 36.5754, 32.67, 25.20, 26.17, 0.340, 1.386, 0.004

1, 6, 13, 1, 36.5754, 32.67, 27.15, 26.17, 0.270, 1.385, 0.004

0, 6, 12, 2, 36.5754, 32.67, 25.20, 26.17, 0.340, 1.393, 0.004

1, 6, 13, 2, 36.5754, 32.67, 27.15, 26.17, 0.270, 1.376, 0.004

0, 6, 12, 3, 36.5754, 32.67, 25.20, 26.17, 0.330, 1.393, 0.004

1, 6, 13, 3, 36.5754, 32.67, 27.15, 26.17, 0.260, 1.377, 0.004

0, 6, 12, 4, 36.5754, 32.67, 25.20, 26.17, 0.340, 1.387, 0.004

1, 6, 13, 4, 36.5754, 32.67, 27.15, 26.17, 0.260, 1.374, 0.004

0, 6, 12, 0, 36.5754, 32.92, 25.20, 26.17, 0.350, 1.389, 0.004

1, 6, 13, 0, 36.5754, 32.92, 26.66, 26.17, 0.260, 1.379, 0.004

0, 6, 12, 1, 36.5754, 32.92, 25.20, 26.17, 0.340, 1.390, 0.004

1, 6, 13, 1, 36.5754, 32.92, 26.66, 26.17, 0.260, 1.379, 0.004

0, 6, 12, 2, 36.5754, 32.92, 25.20, 26.17, 0.340, 1.394, 0.004

1, 6, 13, 2, 36.5754, 32.92, 26.66, 26.17, 0.260, 1.383, 0.004

0, 6, 12, 3, 36.5754, 32.92, 25.20, 26.17, 0.340, 1.391, 0.004

1, 6, 13, 3, 36.5754, 32.92, 26.66, 26.17, 0.270, 1.383, 0.004

0, 6, 12, 4, 36.5754, 32.92, 25.20, 26.17, 0.350, 1.390, 0.004

1, 6, 13, 4, 36.5754, 32.92, 26.66, 26.17, 0.260, 1.385, 0.004

0, 6, 12, 0, 36.5754, 33.17, 27.64, 26.66, 0.350, 1.392, 0.004

1, 6, 13, 0, 36.5754, 33.17, 26.66, 26.66, 0.260, 1.381, 0.004

0, 6, 12, 1, 36.5754, 33.17, 27.64, 26.66, 0.340, 1.385, 0.004

1, 6, 13, 1, 36.5754, 33.17, 26.66, 26.66, 0.260, 1.374, 0.004

0, 6, 12, 2, 36.5754, 33.17, 27.64, 26.66, 0.340, 1.387, 0.004

1, 6, 13, 2, 36.5754, 33.17, 26.66, 26.66, 0.260, 1.388, 0.004

0, 6, 12, 3, 36.5754, 33.17, 27.64, 26.66, 0.350, 1.388, 0.004

1, 6, 13, 3, 36.5754, 33.17, 26.66, 26.66, 0.260, 1.381, 0.004

0, 6, 12, 4, 36.5754, 33.17, 27.64, 26.66, 0.350, 1.390, 0.004

1, 6, 13, 4, 36.5754, 33.17, 26.66, 26.66, 0.260, 1.377, 0.004

0, 6, 12, 0, 36.5754, 33.42, 24.71, 26.17, 0.340, 1.387, 0.004

1, 6, 13, 0, 36.5754, 33.42, 26.17, 26.17, 0.260, 1.381, 0.004

0, 6, 12, 1, 36.5754, 33.42, 24.71, 26.17, 0.330, 1.393, 0.004

1, 6, 13, 1, 36.5754, 33.42, 26.17, 26.17, 0.270, 1.386, 0.004

0, 6, 12, 2, 36.5754, 33.42, 24.71, 26.17, 0.340, 1.385, 0.004

1, 6, 13, 2, 36.5754, 33.42, 26.17, 26.17, 0.270, 1.374, 0.004

0, 6, 12, 3, 36.5754, 33.42, 24.71, 26.17, 0.330, 1.390, 0.004

1, 6, 13, 3, 36.5754, 33.42, 26.17, 26.17, 0.260, 1.373, 0.004

0, 6, 12, 4, 36.5754, 33.42, 24.71, 26.17, 0.340, 1.383, 0.004

1, 6, 13, 4, 36.5754, 33.42, 26.17, 26.17, 0.270, 1.385, 0.004

0, 6, 12, 0, 36.5754, 33.67, 25.20, 26.66, 0.330, 1.390, 0.004

1, 6, 13, 0, 36.5754, 33.67, 26.66, 26.66, 0.260, 1.385, 0.004

0, 6, 12, 1, 36.5754, 33.67, 25.20, 26.66, 0.320, 1.395, 0.004

1, 6, 13, 1, 36.5754, 33.67, 26.66, 26.66, 0.260, 1.392, 0.004

0, 6, 12, 2, 36.5754, 33.67, 25.20, 26.66, 0.330, 1.385, 0.004

1, 6, 13, 2, 36.5754, 33.67, 26.66, 26.66, 0.270, 1.376, 0.004

0, 6, 12, 3, 36.5754, 33.67, 25.20, 26.66, 0.320, 1.391, 0.004

1, 6, 13, 3, 36.5754, 33.67, 26.66, 26.66, 0.260, 1.387, 0.004

0, 6, 12, 4, 36.5754, 33.67, 25.20, 26.66, 0.320, 1.394, 0.004

1, 6, 13, 4, 36.5754, 33.67, 26.66, 26.66, 0.260, 1.388, 0.004

0, 6, 12, 0, 36.5754, 33.92, 25.68, 25.68, 0.290, 1.398, 0.004

1, 6, 13, 0, 36.5754, 33.92, 26.17, 25.68, 0.260, 1.383, 0.004

0, 6, 12, 1, 36.5754, 33.92, 25.68, 25.68, 0.290, 1.389, 0.004

1, 6, 13, 1, 36.5754, 33.92, 26.17, 25.68, 0.260, 1.384, 0.004

0, 6, 12, 2, 36.5754, 33.92, 25.68, 25.68, 0.300, 1.393, 0.004

1, 6, 13, 2, 36.5754, 33.92, 26.17, 25.68, 0.260, 1.384, 0.004

0, 6, 12, 3, 36.5754, 33.92, 25.68, 25.68, 0.290, 1.390, 0.004

1, 6, 13, 3, 36.5754, 33.92, 26.17, 25.68, 0.260, 1.379, 0.004

0, 6, 12, 4, 36.5754, 33.92, 25.68, 25.68, 0.290, 1.392, 0.004

1, 6, 13, 4, 36.5754, 33.92, 26.17, 25.68, 0.260, 1.384, 0.004

0, 6, 12, 0, 36.5754, 34.17, 25.68, 26.17, 0.270, 1.386, 0.004

1, 6, 13, 0, 36.5754, 34.17, 26.66, 26.17, 0.260, 1.382, 0.004

0, 6, 12, 1, 36.5754, 34.17, 25.68, 26.17, 0.270, 1.388, 0.004

1, 6, 13, 1, 36.5754, 34.17, 26.66, 26.17, 0.260, 1.383, 0.004

0, 6, 12, 2, 36.5754, 34.17, 25.68, 26.17, 0.270, 1.393, 0.004

1, 6, 13, 2, 36.5754, 34.17, 26.66, 26.17, 0.260, 1.381, 0.004

0, 6, 12, 3, 36.5754, 34.17, 25.68, 26.17, 0.280, 1.391, 0.004

1, 6, 13, 3, 36.5754, 34.17, 26.66, 26.17, 0.260, 1.379, 0.004

0, 6, 12, 4, 36.5754, 34.17, 25.68, 26.17, 0.270, 1.389, 0.004

1, 6, 13, 4, 36.5754, 34.17, 26.66, 26.17, 0.260, 1.381, 0.004

0, 6, 12, 0, 36.5754, 34.42, 25.20, 25.68, 0.260, 1.391, 0.004

1, 6, 13, 0, 36.5754, 34.42, 26.17, 25.68, 0.260, 1.381, 0.004

0, 6, 12, 1, 36.5754, 34.42, 25.20, 25.68, 0.270, 1.394, 0.004

1, 6, 13, 1, 36.5754, 34.42, 26.17, 25.68, 0.270, 1.381, 0.004

0, 6, 12, 2, 36.5754, 34.42, 25.20, 25.68, 0.270, 1.384, 0.004

1, 6, 13, 2, 36.5754, 34.42, 26.17, 25.68, 0.260, 1.387, 0.004

0, 6, 12, 3, 36.5754, 34.42, 25.20, 25.68, 0.270, 1.394, 0.004

1, 6, 13, 3, 36.5754, 34.42, 26.17, 25.68, 0.260, 1.381, 0.004

0, 6, 12, 4, 36.5754, 34.42, 25.20, 25.68, 0.270, 1.390, 0.004

1, 6, 13, 4, 36.5754, 34.42, 26.17, 25.68, 0.270, 1.383, 0.004

0, 6, 12, 0, 36.5754, 34.67, 25.20, 26.17, 0.260, 1.389, 0.004

1, 6, 13, 0, 36.5754, 34.67, 26.66, 26.17, 0.260, 1.383, 0.004

0, 6, 12, 1, 36.5754, 34.67, 25.20, 26.17, 0.260, 1.386, 0.004

1, 6, 13, 1, 36.5754, 34.67, 26.66, 26.17, 0.260, 1.382, 0.004

0, 6, 12, 2, 36.5754, 34.67, 25.20, 26.17, 0.270, 1.394, 0.004

1, 6, 13, 2, 36.5754, 34.67, 26.66, 26.17, 0.260, 1.377, 0.004

0, 6, 12, 3, 36.5754, 34.67, 25.20, 26.17, 0.260, 1.386, 0.004

1, 6, 13, 3, 36.5754, 34.67, 26.66, 26.17, 0.260, 1.386, 0.004

0, 6, 12, 4, 36.5754, 34.67, 25.20, 26.17, 0.260, 1.392, 0.004

1, 6, 13, 4, 36.5754, 34.67, 26.66, 26.17, 0.270, 1.373, 0.004

0, 6, 12, 0, 36.5754, 34.92, 25.20, 25.68, 0.260, 1.391, 0.004

1, 6, 13, 0, 36.5754, 34.92, 26.66, 25.68, 0.270, 1.381, 0.004

0, 6, 12, 1, 36.5754, 34.92, 25.20, 25.68, 0.260, 1.391, 0.004

1, 6, 13, 1, 36.5754, 34.92, 26.66, 25.68, 0.260, 1.375, 0.004

0, 6, 12, 2, 36.5754, 34.92, 25.20, 25.68, 0.260, 1.389, 0.004

1, 6, 13, 2, 36.5754, 34.92, 26.66, 25.68, 0.260, 1.380, 0.004

0, 6, 12, 3, 36.5754, 34.92, 25.20, 25.68, 0.260, 1.391, 0.004

1, 6, 13, 3, 36.5754, 34.92, 26.66, 25.68, 0.260, 1.379, 0.004

0, 6, 12, 4, 36.5754, 34.92, 25.20, 25.68, 0.260, 1.389, 0.004

1, 6, 13, 4, 36.5754, 34.92, 26.66, 25.68, 0.260, 1.371, 0.004

0, 6, 12, 0, 36.5754, 35.17, 24.71, 26.17, 0.260, 1.395, 0.004

1, 6, 13, 0, 36.5754, 35.17, 26.66, 26.17, 0.260, 1.370, 0.004

0, 6, 12, 1, 36.5754, 35.17, 24.71, 26.17, 0.270, 1.382, 0.004

1, 6, 13, 1, 36.5754, 35.17, 26.66, 26.17, 0.260, 1.390, 0.004

0, 6, 12, 2, 36.5754, 35.17, 24.71, 26.17, 0.260, 1.393, 0.004

1, 6, 13, 2, 36.5754, 35.17, 26.66, 26.17, 0.260, 1.384, 0.004

0, 6, 12, 3, 36.5754, 35.17, 24.71, 26.17, 0.260, 1.394, 0.004

1, 6, 13, 3, 36.5754, 35.17, 26.66, 26.17, 0.270, 1.383, 0.004

0, 6, 12, 4, 36.5754, 35.17, 24.71, 26.17, 0.260, 1.388, 0.004

1, 6, 13, 4, 36.5754, 35.17, 26.66, 26.17, 0.260, 1.385, 0.004

0, 6, 12, 0, 36.5754, 35.42, 24.22, 25.68, 0.260, 1.388, 0.004

1, 6, 13, 0, 36.5754, 35.42, 26.66, 25.68, 0.270, 1.376, 0.004

0, 6, 12, 1, 36.5754, 35.42, 24.22, 25.68, 0.260, 1.389, 0.004

1, 6, 13, 1, 36.5754, 35.42, 26.66, 25.68, 0.260, 1.378, 0.004

0, 6, 12, 2, 36.5754, 35.42, 24.22, 25.68, 0.260, 1.391, 0.004

1, 6, 13, 2, 36.5754, 35.42, 26.66, 25.68, 0.270, 1.390, 0.004

0, 6, 12, 3, 36.5754, 35.42, 24.22, 25.68, 0.260, 1.394, 0.004

1, 6, 13, 3, 36.5754, 35.42, 26.66, 25.68, 0.270, 1.388, 0.004

0, 6, 12, 4, 36.5754, 35.42, 24.22, 25.68, 0.270, 1.392, 0.004

1, 6, 13, 4, 36.5754, 35.42, 26.66, 25.68, 0.260, 1.390, 0.004

